9.494597341840749216e-01 -2.413305928096268760e-01 2.007131274474657223e-01 3.239286070711477894e-01 -9.952091652286562673e-02 -8.378959520914949222e-01 -5.366805052067546988e-01 -2.163333942080654548e+00 2.976941395656880762e-01 4.895813748200886772e-01 -8.195659096859833070e-01 -6.473316645872282393e-01
9.508569539285507410e-01 -2.388564014916039202e-01 1.970245484856031903e-01 3.260222687961509824e-01 -9.848516948648568248e-02 -8.365859751295425806e-01 -5.389105471392989788e-01 -2.166023282191628763e+00 2.935502079358186522e-01 4.930228452105118730e-01 -8.189974051941198985e-01 -6.477515747683674219e-01
9.510895595140330672e-01 -2.392009292711133606e-01 1.954777881266326345e-01 3.248133584312482558e-01 -9.879156480053381817e-02 -8.350752598430875029e-01 -5.411926998341597406e-01 -2.165743677745008533e+00 2.926924608493056135e-01 4.954111697390642943e-01 -8.178623951460182173e-01 -6.453266910301872494e-01
9.513918761095774279e-01 -2.356242167346641048e-01 1.983298395563105609e-01 3.244612750102832677e-01 -9.504981104020049365e-02 -8.371637230460327039e-01 -5.386301424978682251e-01 -2.165288453278636283e+00 2.929488540611266401e-01 4.935971285819430454e-01 -8.188668023415975883e-01 -6.437299315781566111e-01
9.512036498543156027e-01 -2.361423138817396739e-01 1.986162743219429538e-01 3.251475422197765974e-01 -9.535100018817593837e-02 -8.371244100692309953e-01 -5.386380136908054395e-01 -2.166241455548734152e+00 2.934617579276151966e-01 4.934161840233703966e-01 -8.187922000581132620e-01 -6.456218357651692941e-01
9.513898946259916611e-01 -2.358990284379789970e-01 1.980124184040017998e-01 3.262466748609508249e-01 -9.536835399641217792e-02 -8.369626226998017060e-01 -5.388863037382271015e-01 -2.166529512877576114e+00 2.928517471052324850e-01 4.938068648640068226e-01 -8.187750834784515153e-01 -6.397882998956552214e-01
9.509853867693861540e-01 -2.367308824555995339e-01 1.989605090149494382e-01 3.255892855544341158e-01 -9.609328925810600719e-02 -8.377677867701011083e-01 -5.375046206909784852e-01 -2.164002222392023000e+00 2.939266475217559016e-01 4.920402695533386828e-01 -8.194531718903088624e-01 -6.496577660664375475e-01
9.507502214092679038e-01 -2.374609316268363468e-01 1.992142621400514457e-01 3.247387604855909160e-01 -9.597181554023832828e-02 -8.366549643758631749e-01 -5.392567854090946078e-01 -2.164694983710477416e+00 2.947260203187513916e-01 4.935795537904489327e-01 -8.182394493513963640e-01 -6.442584118519635306e-01
9.506564007727998922e-01 -2.383488766740991804e-01 1.986006551744262938e-01 3.245318464869715314e-01 -9.732936067603059627e-02 -8.369465271548797158e-01 -5.385605861974751551e-01 -2.165261204725163147e+00 2.945834399537907711e-01 4.926563938549931021e-01 -8.188469169316769936e-01 -6.451100319448718201e-01
9.502573955694224583e-01 -2.399804978185845483e-01 1.985453163039120061e-01 3.260875760379003396e-01 -9.861121848065429463e-02 -8.364679548036599854e-01 -5.390706703010292866e-01 -2.164383416132864113e+00 2.954432427648757686e-01 4.926770957118192795e-01 -8.185246295139285699e-01 -6.483909948983344051e-01
9.494575536114266967e-01 -2.443990208209849690e-01 1.969758164588144012e-01 3.208518016479190438e-01 -1.026065566945813662e-01 -8.346941359750412737e-01 -5.410707839145807441e-01 -2.162935056053198579e+00 2.966517290442777233e-01 4.935127326509818335e-01 -8.175835943530848082e-01 -6.447537706013043435e-01
9.492944450816322988e-01 -2.434385882221761221e-01 1.989414698355837785e-01 3.208494799322411106e-01 -1.009475493284005543e-01 -8.353038350675737744e-01 -5.404415694097347567e-01 -2.163153122131747264e+00 2.977409080058797675e-01 4.929555266909910194e-01 -8.175238195487153359e-01 -6.447347751463837762e-01
9.487343530445992990e-01 -2.450508945512744896e-01 1.996326290145375992e-01 3.213446182323239642e-01 -1.016552360187959192e-01 -8.346082105553784825e-01 -5.413828111955908406e-01 -2.164309390382522125e+00 2.992813732578716301e-01 4.933347690528813168e-01 -8.167321872028929786e-01 -6.458744842937699238e-01
9.492527392157178445e-01 -2.442080982897988362e-01 1.981959685269200633e-01 3.189300836843441678e-01 -1.014078043685461283e-01 -8.341580119336687860e-01 -5.421225587328608597e-01 -2.160797236378534603e+00 2.977174740208774484e-01 4.945127058142828602e-01 -8.165913848186394652e-01 -6.421035738550424643e-01
9.491227043569171462e-01 -2.436648480223046476e-01 1.994831657741434061e-01 3.207023440780180645e-01 -1.003535442171496206e-01 -8.344781410522553733e-01 -5.418259839024868185e-01 -2.160802169637570547e+00 2.984882880548050954e-01 4.942405006396309863e-01 -8.164747810800121464e-01 -6.426430105653904157e-01
9.489388548086873376e-01 -2.453565829909295504e-01 1.982806026711051439e-01 3.171848086853650273e-01 -1.019483954632256495e-01 -8.333378627823465612e-01 -5.432812643782866102e-01 -2.158349834956408309e+00 2.985323677571463108e-01 4.953263114048729321e-01 -8.158003871125768525e-01 -6.391608037700939882e-01
9.493638243033067914e-01 -2.399245109094129969e-01 2.028412131417373920e-01 3.163706138423438285e-01 -9.549059579792149033e-02 -8.354308979386458889e-01 -5.412363250556440075e-01 -2.155768032492055841e+00 2.993156780171531972e-01 4.944607592853100808e-01 -8.160384067057089297e-01 -6.378310708956260733e-01
9.483778445679262870e-01 -2.404897621452504741e-01 2.067465557529978293e-01 3.182136591527574554e-01 -9.364435894502542990e-02 -8.351860723709154666e-01 -5.419363051337665604e-01 -2.155049252483063338e+00 3.030019768744549591e-01 4.945997362462339897e-01 -8.145924767363388330e-01 -6.401690151848339339e-01
9.473411634225725741e-01 -2.418068406033812012e-01 2.099384956777130273e-01 3.197351233517092273e-01 -9.034570991614852831e-02 -8.307840652391348391e-01 -5.492135193278471217e-01 -2.154120105060244317e+00 3.072171427414020495e-01 5.013255319197280624e-01 -8.088821535933565787e-01 -6.339132314012194680e-01
9.480472511252617807e-01 -2.408691412450529867e-01 2.078183506658993762e-01 3.176800414564100450e-01 -8.951818153172882986e-02 -8.288380925045454317e-01 -5.522806471918104698e-01 -2.150284720624555224e+00 3.052751298482106468e-01 5.049846284103604033e-01 -8.073398427427987967e-01 -6.275929377057551939e-01
9.494407171789523980e-01 -2.360367274405650861e-01 2.069999694931929368e-01 3.172695006698917908e-01 -8.411328419941500878e-02 -8.264925723048616168e-01 -5.566282254501864202e-01 -2.148480262173714461e+00 3.024686427928468535e-01 5.110740544953702447e-01 -8.045595249016862516e-01 -6.199611987886597397e-01
9.496205800080501636e-01 -2.347380693943427743e-01 2.076506486025528064e-01 3.167422479105477251e-01 -8.167464953825070983e-02 -8.250354633617981159e-01 -5.591473257356771587e-01 -2.148063076720998055e+00 3.025723143951535854e-01 5.140180141709865813e-01 -8.026428047288620693e-01 -6.170442895822791929e-01
9.496246986321178474e-01 -2.315048606315499025e-01 2.112307539681484714e-01 3.169406231725444001e-01 -7.595315867453682201e-02 -8.239408185765186854e-01 -5.615626821334844809e-01 -2.143822124065523749e+00 3.040461305007253201e-01 5.172301497507123536e-01 -8.000180769631436428e-01 -6.120281948754717760e-01
9.491760290011784784e-01 -2.326453405888256887e-01 2.119929512063089549e-01 3.154635085655250748e-01 -7.357952780348396560e-02 -8.188871286936498795e-01 -5.692186952199571603e-01 -2.140914841874612229e+00 3.060243765383586778e-01 5.246903995520613151e-01 -7.943859673066181459e-01 -5.962348722796557698e-01
9.495615540402587706e-01 -2.315658300058258678e-01 2.114476796370063083e-01 3.140170828233760369e-01 -7.296182144665434854e-02 -8.189473177697321749e-01 -5.692116145369823244e-01 -2.139290544921455872e+00 3.049744704893532776e-01 5.250738575115293516e-01 -7.945363524504874819e-01 -5.947392730275163908e-01
9.497851043280310934e-01 -2.308153396401208812e-01 2.112641320141055989e-01 3.128938180790954982e-01 -7.105619417555197881e-02 -8.166362411369719743e-01 -5.727619585156440429e-01 -2.134621593622414437e+00 3.047281946820095122e-01 5.289891517070566263e-01 -7.920297969233854873e-01 -5.907924794624568321e-01
9.498796274697833830e-01 -2.300756938828389109e-01 2.116456186810304896e-01 3.097580716379106369e-01 -6.855063840833995614e-02 -8.138328557665617247e-01 -5.770414977365474485e-01 -2.131335868412008949e+00 3.050073821868804491e-01 5.336115207885102629e-01 -7.888150854782888244e-01 -5.832907589272415816e-01
9.499836848472090756e-01 -2.301857816521815092e-01 2.110580592234978237e-01 3.068994801977595333e-01 -6.804785005945024334e-02 -8.121502283660640975e-01 -5.794665617490624143e-01 -2.130438595146403991e+00 3.047958146177632832e-01 5.361217324360018077e-01 -7.871931141345309690e-01 -5.768935212145265279e-01
9.505652584430291929e-01 -2.284963034042253871e-01 2.102739371161569948e-01 3.058310096352100382e-01 -6.531129843056726614e-02 -8.091244015794921696e-01 -5.839966919779526755e-01 -2.126219312145956053e+00 3.035788591247142731e-01 5.413937026255700724e-01 -7.840489361361548948e-01 -5.721404796165237006e-01
9.505356208841159171e-01 -2.286029645497801299e-01 2.102919820137124640e-01 3.049957321220858053e-01 -6.445429513040215608e-02 -8.074437976647698134e-01 -5.864129564418031348e-01 -2.123827233310132456e+00 3.038546975086127699e-01 5.438521822768803693e-01 -7.822385344252210659e-01 -5.644468994721860700e-01
9.520226560743437760e-01 -2.263855721990206682e-01 2.059185137087808093e-01 3.049817853013745417e-01 -6.339814558074360895e-02 -8.041771402468140817e-01 -5.909989830347109896e-01 -2.120368562570466242e+00 2.993886057926107847e-01 5.495895698904457172e-01 -7.799472823293086554e-01 -5.543388364544441504e-01
9.542359159558082560e-01 -2.194481407014564067e-01 2.031657727425850435e-01 3.015694757012740146e-01 -5.824255704634799524e-02 -8.027233802549427200e-01 -5.935006192995961882e-01 -2.113672131717265756e+00 2.933285215391614464e-01 5.545067126585805362e-01 -7.787687011000047344e-01 -5.506183266898535544e-01
9.536824733058805181e-01 -2.208509382359698792e-01 2.042415318285285275e-01 3.038101076943871548e-01 -5.792238830479784495e-02 -8.010735563729711739e-01 -5.957567918503006155e-01 -2.109326420604991981e+00 2.951859364563532151e-01 5.563326533838951482e-01 -7.767620243756310217e-01 -5.513183074701819564e-01
9.556237321993940048e-01 -2.152032816866129572e-01 2.011736312405280613e-01 2.984618571180960855e-01 -5.258687746319045536e-02 -7.965421086217981950e-01 -6.022916974893879338e-01 -2.105140759284843899e+00 2.898584184391894136e-01 5.649851467640167879e-01 -7.725114112713596937e-01 -5.314972757990503727e-01
9.563997542382925987e-01 -2.118359975888400581e-01 2.010597421389998252e-01 3.016834999702116549e-01 -4.969058612702108302e-02 -7.964035283326423853e-01 -6.027207178451361447e-01 -2.102451098447099209e+00 2.878026331076792843e-01 5.664511700814921502e-01 -7.722063935669486456e-01 -5.304776593572927412e-01
9.582261724988372364e-01 -2.052775908545491079e-01 1.991575092178652917e-01 2.981635826486861429e-01 -4.384483496856921014e-02 -7.935255028156846802e-01 -6.069554429887471514e-01 -2.097870104694351756e+00 2.826309130133071723e-01 5.728685627586225237e-01 -7.693772675740840894e-01 -5.222178953297169635e-01
9.578243176261883596e-01 -2.066516332739768980e-01 1.996689236008604429e-01 3.009928930843096540e-01 -4.353505846564347664e-02 -7.911901140667820798e-01 -6.100187720411924808e-01 -2.093593581074824517e+00 2.840374539713574897e-01 5.755982158002330706e-01 -7.668177220623082491e-01 -5.119024461365955236e-01
9.581912758149935261e-01 -2.080740676449582272e-01 1.964043320012192895e-01 3.011877476990362235e-01 -4.608268406826984687e-02 -7.896832092980026196e-01 -6.117816744151853836e-01 -2.088539061335117353e+00 2.823931042212068920e-01 5.771530242571785152e-01 -7.662561734191563056e-01 -5.076620188221713237e-01
9.604974924312048579e-01 -2.048011032988960589e-01 1.884172901086707541e-01 2.950961537369025112e-01 -4.690360814639191189e-02 -7.865075123451358285e-01 -6.157970323944181867e-01 -2.085422336993174586e+00 2.743075256320225974e-01 5.826340546906354501e-01 -7.650444041087066660e-01 -4.992346275213214168e-01
9.608706381109368699e-01 -2.046067482947188654e-01 1.867182261354157768e-01 2.915521722832172813e-01 -4.697803274505182869e-02 -7.846867084796277370e-01 -6.181098911295423992e-01 -2.082375833372814622e+00 2.729847642928067142e-01 5.851519903882100859e-01 -7.635944409854830139e-01 -4.956290974619692591e-01
9.607095835108644399e-01 -2.031102059500849155e-01 1.891648507494725628e-01 2.899524471947573789e-01 -4.450499937546269213e-02 -7.854483540173613498e-01 -6.173250282099393971e-01 -2.077070574567532635e+00 2.739642337223647806e-01 5.846512890685882091e-01 -7.636271807546669566e-01 -4.877952716078357565e-01
9.601266885225371306e-01 -2.070295240624702715e-01 1.878710118942531204e-01 2.851091974736745804e-01 -4.650088218679653690e-02 -7.809147396116153939e-01 -6.229043513694384471e-01 -2.070915734125562846e+00 2.756708353823615343e-01 5.893309246695241921e-01 -7.594041381674211388e-01 -4.778000592340799768e-01
9.602735144678603563e-01 -2.076883455032986492e-01 1.863875742331936591e-01 2.823942671710126251e-01 -4.729415617816037920e-02 -7.793696198104996808e-01 -6.247769634549933393e-01 -2.067317257321938051e+00 2.750237078621662334e-01 5.911417276295056755e-01 -7.582304487262433446e-01 -4.727318321349036623e-01
9.603833929299451233e-01 -2.062920401355036459e-01 1.873695079063349700e-01 2.733966158375867872e-01 -4.517697658549338358e-02 -7.786941110040754843e-01 -6.257751358000378517e-01 -2.062747612571994793e+00 2.749959622430340755e-01 5.925192603389028978e-01 -7.571645429685842643e-01 -4.605653459646140702e-01
9.600720388801652350e-01 -2.047148555508133405e-01 1.906659575731895484e-01 2.721101922768768278e-01 -4.194757150435439452e-02 -7.791901912388038420e-01 -6.253823170358245864e-01 -2.060270479325283510e+00 2.765900957659966908e-01 5.924141025083993206e-01 -7.566660064019078424e-01 -4.584819827705441941e-01
9.589875570476702471e-01 -2.035768896042467746e-01 1.972290928917496688e-01 2.708730804180822238e-01 -3.610388771447729100e-02 -7.778830382789048148e-01 -6.273710905673646199e-01 -2.053068842132843574e+00 2.811394218859328831e-01 5.945203325787253856e-01 -7.533300715859145846e-01 -4.457410821661325073e-01
9.587039094618320378e-01 -2.034451811256765552e-01 1.987382007516670379e-01 2.704632417808391365e-01 -3.495601661509837449e-02 -7.777750682018533812e-01 -6.275699336223007352e-01 -2.050617253277934537e+00 2.822496961470383758e-01 5.947066529300661930e-01 -7.527676317617607582e-01 -4.381608229271634070e-01
9.590200342206207651e-01 -2.011516589407185140e-01 1.995459458649178619e-01 2.668230974846442227e-01 -3.104514561888702465e-02 -7.746265322267510411e-01 -6.316565033023745501e-01 -2.043518843546598518e+00 2.816323368106928848e-01 5.995763083548832917e-01 -7.491271461510287111e-01 -4.314911978542967930e-01
9.582022417775568623e-01 -1.984120513019440313e-01 2.061094884480512146e-01 2.702377631561139193e-01 -2.379938876694622646e-02 -7.732160200775475278e-01 -6.336959605123440031e-01 -2.034184975003496376e+00 2.851000747472844377e-01 6.023036102407469672e-01 -7.456194091462724494e-01 -4.202469205489577364e-01
9.583430347838942653e-01 -1.978758357237556664e-01 2.059703397014045478e-01 2.675878255240918824e-01 -2.190948759941631352e-02 -7.699395891737870201e-01 -6.377405417610548799e-01 -2.030408455219605557e+00 2.847781623038314058e-01 6.066615016970813290e-01 -7.422016004554010671e-01 -4.085645048799015910e-01
9.600376765920234368e-01 -1.866919485597140493e-01 2.085036592349751028e-01 2.683717714967827073e-01 -1.120754262133682316e-02 -7.700474997756859841e-01 -6.378881089836714313e-01 -2.022549934505752933e+00 2.796462954398896694e-01 6.100598044179236235e-01 -7.413669705410083077e-01 -3.978595299690108611e-01
9.599967901341991405e-01 -1.832436982449841545e-01 2.117260257289943493e-01 2.638674432160437178e-01 -5.454776525059185088e-03 -7.682295978674686943e-01 -6.401511776175916602e-01 -2.019972917431142712e+00 2.799578688495512058e-01 6.133881575610268255e-01 -7.384975014560291040e-01 -3.829767116230595736e-01
9.588870224395955599e-01 -1.764232457677553101e-01 2.222847640010033599e-01 2.706919316011834331e-01 6.852089510697590563e-03 -7.686557167751705277e-01 -6.396260113571810013e-01 -2.008515552370118140e+00 2.837053519672014801e-01 6.148521966323903243e-01 -7.358451235575259597e-01 -3.812747179824227395e-01
9.580815872719574688e-01 -1.761968289609713856e-01 2.259078340541135210e-01 2.717879519256340970e-01 1.099226147994134851e-02 -7.653333210604336134e-01 -6.435402676579303760e-01 -2.004453084245823913e+00 2.862845475298159137e-01 6.190473191035946732e-01 -7.313149613660684389e-01 -3.696717873466962567e-01
9.585887336027958394e-01 -1.756404340889622384e-01 2.241831357419380999e-01 2.752390716596949671e-01 1.322053455455466167e-02 -7.588839852191172630e-01 -6.510916409451907860e-01 -1.996703995113813690e+00 2.844870089186650741e-01 6.270929323874936401e-01 -7.251355782195725297e-01 -3.502088202757769331e-01
9.597192850367882722e-01 -1.717532109063755197e-01 2.223504640858506298e-01 2.766344045279204855e-01 1.519624988393832553e-02 -7.585033892267074584e-01 -6.514918947776454639e-01 -1.991888332773946946e+00 2.805494048428516241e-01 6.286282286401020380e-01 -7.253403258752727512e-01 -3.501932242996718125e-01
9.596508268575433265e-01 -1.672305548751376325e-01 2.260624520262960180e-01 2.759847374354851279e-01 2.388145156957073578e-02 -7.525615857539464937e-01 -6.580887016841074910e-01 -1.985607576968135390e+00 2.801784558765496036e-01 6.369340662044249424e-01 -7.182026397118493888e-01 -3.330056535244311222e-01
9.589620240129770323e-01 -1.682573779880448817e-01 2.282132590191029986e-01 2.814837991750583912e-01 2.527263513379172238e-02 -7.509591512195323837e-01 -6.598648752678842877e-01 -1.980169817445872837e+00 2.824059685721820867e-01 6.385529067705850714e-01 -7.158890004319471423e-01 -3.310278065236577083e-01
9.610817978687736796e-01 -1.622798082803193487e-01 2.235778186833581871e-01 2.816854856958476150e-01 2.916720029462504735e-02 -7.451641007843710085e-01 -6.662429935523652702e-01 -1.973327900466884000e+00 2.747199501542583744e-01 6.468351531156852907e-01 -7.114304057859174302e-01 -3.168830571384870787e-01
9.606538417025426435e-01 -1.629067173433504101e-01 2.249568798413073556e-01 2.832102855589225809e-01 3.272297584973753865e-02 -7.379067983439456802e-01 -6.741088653195226321e-01 -1.966324374671954534e+00 2.758140734427214080e-01 6.549465297451075863e-01 -7.035422080388982202e-01 -3.040644821358599037e-01
9.606255696306638114e-01 -1.629863226821856581e-01 2.250199402444090502e-01 2.876334451685795823e-01 3.372913102534933621e-02 -7.354755359765996481e-01 -6.767112235524698205e-01 -1.962666378014649382e+00 2.757913351002329594e-01 6.576558316523085645e-01 -7.010192186304231576e-01 -2.960616199541089566e-01
9.618465521326350354e-01 -1.626082655766159513e-01 2.200221870936573121e-01 2.887672506904845338e-01 3.165049206230149265e-02 -7.326711799495532196e-01 -6.798464538612527530e-01 -1.954842836724082655e+00 2.717525673250679730e-01 6.608717780700144040e-01 -6.995706169403586028e-01 -2.790190603746227627e-01
9.623092922285375606e-01 -1.621809216976333179e-01 2.183075230476005102e-01 2.892691439621571936e-01 3.071509083749148980e-02 -7.327774868633066818e-01 -6.797747686420616553e-01 -1.953672401651678214e+00 2.702173367541100824e-01 6.608589118947465479e-01 -7.001771829598605335e-01 -2.752023682231414803e-01
9.623324931711482177e-01 -1.645412288188443095e-01 2.164309506363227276e-01 2.934799045743016754e-01 2.974470590066257206e-02 -7.275692014664094653e-01 -6.853891638201400349e-01 -1.944977858387113567e+00 2.702432694369065191e-01 6.660099378010906346e-01 -6.952692530518009839e-01 -2.648166853604043691e-01
9.624571762816492848e-01 -1.669635471578759245e-01 2.140078463883961779e-01 2.988894610879787583e-01 2.680102663936500401e-02 -7.261268919721451942e-01 -6.870381730903440953e-01 -1.944895002022313690e+00 2.701071819706506449e-01 6.669804500157756610e-01 -6.943912438487325200e-01 -2.575829952897524810e-01
9.639066472996595802e-01 -1.687844367451122318e-01 2.059023761226617677e-01 3.028870901550879124e-01 2.001510854818565333e-02 -7.252429861327915894e-01 -6.882020025350350512e-01 -1.938073787623824096e+00 2.654870424760684133e-01 6.674836434144242325e-01 -6.956882961086037209e-01 -2.529062108701864986e-01
9.697201722130323054e-01 -1.583378477180550914e-01 1.859352386351124653e-01 3.018795316341056356e-01 1.493780280191846221e-02 -7.214660099157779172e-01 -6.922887059740923110e-01 -1.934417711473424895e+00 2.437614590540523318e-01 6.741037871888249100e-01 -6.972549236318483779e-01 -2.344171242430595214e-01
9.705243421532903092e-01 -1.547025872690679371e-01 1.847961343820651581e-01 2.987415998295358532e-01 1.672473965809139623e-02 -7.216971880144930074e-01 -6.920068328838943073e-01 -1.934340416943107765e+00 2.404220975274585226e-01 6.747001434245225582e-01 -6.978373282906580322e-01 -2.319367242344828883e-01
9.693034582936299604e-01 -1.538360233218838691e-01 1.917949007224402092e-01 3.084608010232426922e-01 2.414449453185781372e-02 -7.167468024083144540e-01 -6.969153949331704512e-01 -1.926427529777439140e+00 2.446790745000096967e-01 6.801532933492884236e-01 -6.910308613590034899e-01 -2.196195266133221524e-01
9.698179665344184297e-01 -1.528464693201724844e-01 1.899764946026850088e-01 3.127408028963468145e-01 2.423267158061306187e-02 -7.148585832595155676e-01 -6.988490412467107671e-01 -1.924165294483127564e+00 2.426229364210729100e-01 6.823599941090932042e-01 -6.895788192511311809e-01 -2.103279928034410273e-01
9.705666421908621944e-01 -1.522938397300973024e-01 1.865662894177440301e-01 3.149748970139056303e-01 2.342664093264299613e-02 -7.112962869439953817e-01 -7.025018108363463298e-01 -1.917904505311919028e+00 2.396906062847885543e-01 6.861954450477297796e-01 -6.867927160045721457e-01 -1.944153685822727906e-01
9.705405727526800197e-01 -1.537765192573288808e-01 1.854825574538676580e-01 3.202643156530472490e-01 2.141714562715508682e-02 -7.117260842926790287e-01 -7.021305366584702501e-01 -1.913104302396836154e+00 2.399839639726112361e-01 6.854186800980891503e-01 -6.874655874987896098e-01 -1.926369340296764932e-01
9.723128589232258312e-01 -1.502972243262432617e-01 1.789369926707464753e-01 3.216687879524747773e-01 2.005290422178476750e-02 -7.092374105743989299e-01 -7.046844423637161903e-01 -1.907551525647626534e+00 2.328209262790147949e-01 6.887619513386706860e-01 -6.865867580725861785e-01 -1.730206455156087231e-01
9.729863754008358789e-01 -1.479078104298633956e-01 1.772591143189642948e-01 3.221366460696948320e-01 2.056123544748336002e-02 -7.092422941530323044e-01 -7.046648922077154431e-01 -1.905941398224892502e+00 2.299451016003266068e-01 6.892740056412565153e-01 -6.870419219566769042e-01 -1.728077663472390169e-01
9.721188451702836852e-01 -1.453460121617477507e-01 1.840094758444899836e-01 3.257394092194901281e-01 2.831448830701691760e-02 -7.062254233478990617e-01 -7.074206223564778462e-01 -1.898495077648699958e+00 2.327729366835547264e-01 6.929070526477767444e-01 -6.824196448989539032e-01 -1.564912689027405379e-01
9.725473134228390659e-01 -1.420390406831453789e-01 1.843275168078561121e-01 3.275204977673271123e-01 3.153436376810168917e-02 -7.043573162267513510e-01 -7.091448008513259182e-01 -1.896401633533356446e+00 2.305586827109784298e-01 6.954895219190049271e-01 -6.805417046474415699e-01 -1.499712260030097999e-01
9.723559293821810723e-01 -1.401862145919241520e-01 1.867398498882900104e-01 3.285694924595162769e-01 3.513642304004944983e-02 -7.027823761505527234e-01 -7.105366706758451389e-01 -1.894269982901200411e+00 2.308449218177889284e-01 6.974559151630210785e-01 -6.784289683019886219e-01 -1.387151349866560246e-01
9.723940381644029518e-01 -1.370488171604508920e-01 1.888582987383777834e-01 3.392065206923188248e-01 3.857569648078633395e-02 -7.038028047880110494e-01 -7.093472602580663811e-01 -1.882519840497040242e+00 2.301342028964112330e-01 6.970503872223077213e-01 -6.790868980087552131e-01 -1.333857921213813247e-01
9.731304551577953932e-01 -1.360019996420218646e-01 1.857971293125130763e-01 3.392549310338132118e-01 3.857986342868384433e-02 -6.992057736848508176e-01 -7.138787567733984041e-01 -1.880130021080428815e+00 2.269993640183425865e-01 7.018651873861826429e-01 -6.751714942056207258e-01 -1.199334922324946373e-01
9.754068552696949501e-01 -1.324535760472413115e-01 1.761746779178136602e-01 3.487107852248078066e-01 3.395363850305459924e-02 -6.994609853662803189e-01 -7.138637703918627730e-01 -1.871187743209911769e+00 2.177811228703506186e-01 7.022893866758881387e-01 -6.777617593335515389e-01 -1.110364041917589473e-01
9.770506028995141756e-01 -1.309267668208327906e-01 1.680187549764369237e-01 3.452849903641150853e-01 3.037985145264929937e-02 -6.950766094024788400e-01 -7.182935189050375646e-01 -1.869777905397755458e+00 2.108297540580434393e-01 7.069135004387511190e-01 -6.751474847465328555e-01 -9.739817269942438460e-02
9.779307061574304960e-01 -1.241808231909045657e-01 1.680198120228116598e-01 3.432789635842991016e-01 3.480475809430616518e-02 -6.961285887727842736e-01 -7.170729514579048391e-01 -1.864450135085201410e+00 2.060101039726031924e-01 7.070955466888273477e-01 -6.764434389058565644e-01 -8.810352473053881250e-02
9.771582774210145761e-01 -1.252103986907729949e-01 1.717092231956697246e-01 3.444273062312510625e-01 3.729637543331408567e-02 -6.944119157597958836e-01 -7.186105169355088140e-01 -1.860290370595875764e+00 2.092144397775414777e-01 7.086003464907347782e-01 -6.738804574581556128e-01 -8.251484612846035627e-02
9.771895790422034933e-01 -1.256363639084454586e-01 1.712192456431613774e-01 3.490096061163220909e-01 3.791238224519099392e-02 -6.900805748846533527e-01 -7.227388506677705493e-01 -1.849879958634144561e+00 2.089573570053219198e-01 7.127442027731154539e-01 -6.695763725139013411e-01 -6.174283605053162982e-02
9.775039781908788639e-01 -1.257112904805704756e-01 1.693595132291654259e-01 3.469264312135771355e-01 3.613040769754548298e-02 -6.912959399654293735e-01 -7.216678755028321790e-01 -1.848359479872721423e+00 2.077993434991712296e-01 7.115522474475612924e-01 -6.712025313683589456e-01 -5.408798442828058328e-02
9.773947977005075227e-01 -1.244078915501569127e-01 1.709446866642634344e-01 3.443343783846154471e-01 3.779017035491623322e-02 -6.927245913692813284e-01 -7.202114572263476067e-01 -1.844429270335671500e+00 2.080175771023177189e-01 7.103909603710700793e-01 -6.723640164197228763e-01 -5.438889119172399256e-02
9.753002969334917394e-01 -1.219690224311316684e-01 1.841545218313068721e-01 3.468337821982377944e-01 4.969029064407375074e-02 -6.911961002730679926e-01 -7.209568790184603948e-01 -1.835291470722947071e+00 2.152212932388011812e-01 7.123001499150762861e-01 -6.680630856002716111e-01 -3.207964268560961618e-02
9.747852729096485591e-01 -1.243859470723656102e-01 1.852614606095383809e-01 3.522231830721227475e-01 4.819936654946661153e-02 -6.932628584646249870e-01 -7.190712337944462629e-01 -1.828960009283282950e+00 2.178772458437277237e-01 7.098695338829663637e-01 -6.697871009609399628e-01 -2.650858150381604772e-02
9.762364233533555868e-01 -1.227623380696112321e-01 1.785829054892283385e-01 3.454228387138387202e-01 4.375285914400024040e-02 -6.954460146682877042e-01 -7.172450965828717218e-01 -1.819065796529619750e+00 2.122454549123609924e-01 7.080143004618995040e-01 -6.735485267187089065e-01 -8.535751476007297223e-03
9.761365354708189113e-01 -1.189799032893392450e-01 1.816624564179270540e-01 3.446348795518361929e-01 4.809885497472965454e-02 -6.973090358792515264e-01 -7.151549628595783581e-01 -1.812885009007886072e+00 2.117639402885388156e-01 7.068266438654478012e-01 -6.749460294738125476e-01 -1.232531640405845619e-02
9.730378752122996744e-01 -1.230423938703157083e-01 1.950842462062105931e-01 3.516816900557063197e-01 5.809023123527251586e-02 -6.878161424074724639e-01 -7.235568285331894778e-01 -1.796518168512659663e+00 2.232102578437707985e-01 7.153806879931897678e-01 -6.621235966776879422e-01 8.680101555603197960e-03
9.737856196158272137e-01 -1.245078080519380626e-01 1.903664170060336280e-01 3.559458559455718207e-01 5.418942158844929080e-02 -6.858192853198604721e-01 -7.257516200577989185e-01 -1.787675038628001367e+00 2.209187034776466940e-01 7.170423370540666141e-01 -6.610939515925025045e-01 1.867533448453437273e-02
9.759830855087805457e-01 -1.238080063751568483e-01 1.792445118281831284e-01 3.505100486331484411e-01 4.793668255414453711e-02 -6.805790482028190036e-01 -7.311048080088891066e-01 -1.779830430264367269e+00 2.125066876967925400e-01 7.221383135778276507e-01 -6.582986944111351990e-01 3.406227296866048970e-02
9.756380875398854569e-01 -1.232093949601656135e-01 1.815207080905167913e-01 3.505052384829175915e-01 5.029178157109650410e-02 -6.797628084119440306e-01 -7.317057225739400650e-01 -1.774378012428151852e+00 2.135440455470506149e-01 7.230089715996506072e-01 -6.570060664544756790e-01 3.745463947794111514e-02
9.749691091973530233e-01 -1.247951865545120498e-01 1.840146663301439334e-01 3.533417837195628186e-01 5.206315995161634597e-02 -6.764770916925737509e-01 -7.346211068936654431e-01 -1.767035120774490320e+00 2.161588844331908676e-01 7.258132711970979312e-01 -6.530470357041691098e-01 4.456784365915328339e-02
9.757254783189941438e-01 -1.225689480451130908e-01 1.814845542451967997e-01 3.528126235052806980e-01 5.318921360835953543e-02 -6.712594511486507098e-01 -7.393116063680152950e-01 -1.759677057738940675e+00 2.124398683611146976e-01 7.310181914969716699e-01 -6.484456030044895014e-01 6.068826209108132974e-02
9.755525355462745241e-01 -1.217199168014845012e-01 1.829795372694688060e-01 3.529868555473725800e-01 5.532791314793863990e-02 -6.697614257957094086e-01 -7.405122830642237863e-01 -1.753582465407540258e+00 2.126877297381242760e-01 7.325325113445918523e-01 -6.466529479728325702e-01 6.811240665514162185e-02
9.755827100104940142e-01 -1.229308756775503997e-01 1.820065258038541800e-01 3.547485573735386644e-01 5.510884521897014415e-02 -6.651665002862967579e-01 -7.446586726065334005e-01 -1.744132949518700570e+00 2.126061866379988508e-01 7.365062953281020786e-01 -6.421503583047801778e-01 8.093864929792066176e-02
9.759661146707930834e-01 -1.236503630442467860e-01 1.794456241614141856e-01 3.535450358147742556e-01 5.327039076944001944e-02 -6.630906609982897271e-01 -7.466411823720665586e-01 -1.740973350817433651e+00 2.113111701634661221e-01 7.382556322635394075e-01 -6.405671131756420777e-01 8.647936541448414394e-02
9.754998088968046543e-01 -1.270851240776887936e-01 1.795814377851379928e-01 3.494569936241652131e-01 5.304215782360344189e-02 -6.563365785022000631e-01 -7.526013620000379101e-01 -1.734251382531154739e+00 2.135103046672418015e-01 7.436878718495609775e-01 -6.335153374093578371e-01 9.595634743846676029e-02
9.752367244738806562e-01 -1.291152368394977712e-01 1.795622091052032354e-01 3.501372794208754691e-01 5.269975368597448750e-02 -6.528460805747094975e-01 -7.556551674380720396e-01 -1.729321185136080796e+00 2.147930802909251979e-01 7.464055545097207922e-01 -6.298751320471781545e-01 1.057915624239267882e-01
9.752056980563952315e-01 -1.341672208344340811e-01 1.759914880133777171e-01 3.419370566551331869e-01 4.830167334616168595e-02 -6.470421933939858317e-01 -7.609226995486051415e-01 -1.723204097835744353e+00 2.159648018719811380e-01 7.505568357043628236e-01 -6.245187327546286582e-01 1.140238630050414148e-01
9.745176492789339173e-01 -1.365500796529638128e-01 1.779590591683290202e-01 3.395364424533505732e-01 4.950245187426824400e-02 -6.428781080613739096e-01 -7.643672168437026793e-01 -1.718595934185970453e+00 2.187803878335452534e-01 7.536987531264420781e-01 -6.197364988179405731e-01 1.232150091666738279e-01
9.739027698144966383e-01 -1.392205309543979586e-01 1.792513256846309244e-01 3.331154942826343168e-01 5.118765146973816571e-02 -6.346955109478543688e-01 -7.710651201508138541e-01 -1.707093484286853480e+00 2.211181080966110046e-01 7.601179106825599607e-01 -6.110053437678093502e-01 1.330839497616692624e-01
9.734174038180516408e-01 -1.402219119561184391e-01 1.810976895475502890e-01 3.312307116763685833e-01 5.327973325309477703e-02 -6.303650834086882426e-01 -7.744682878130175752e-01 -1.700741049193263521e+00 2.227550844389943885e-01 7.635297466688822920e-01 -6.061373568172454540e-01 1.442281524192423892e-01
9.736640981390383143e-01 -1.399048947804430454e-01 1.800134596186289682e-01 3.285789096797399056e-01 5.309797245923337378e-02 -6.287090995031296980e-01 -7.758256836597989814e-01 -1.696125058279722264e+00 2.217179094786387028e-01 7.649519642190414359e-01 -6.047228125376920005e-01 1.481985206743244299e-01
9.735927098237125987e-01 -1.387844354684598658e-01 1.812625616376306315e-01 3.184933226322262945e-01 5.729301908325500070e-02 -6.200454837963101928e-01 -7.824711586634340854e-01 -1.688321811421038099e+00 2.209858503372519323e-01 7.721932950964008890e-01 -5.957203836145268383e-01 1.661301616876653398e-01
9.733113594658079348e-01 -1.365658124681189967e-01 1.844309504103748831e-01 3.163256665191026551e-01 6.097267396952781027e-02 -6.208873518558404303e-01 -7.815249289964815160e-01 -1.684437901572468643e+00 2.212404321809967878e-01 7.719123393650548781e-01 -5.959899294420758498e-01 1.767477558361301437e-01
9.731217053525551552e-01 -1.376911966457612935e-01 1.845949133570063128e-01 3.095381671194500917e-01 6.093419793211327790e-02 -6.190526968111129680e-01 -7.829819919656801908e-01 -1.675992489519602557e+00 2.220837052641852494e-01 7.731849142007358733e-01 -5.940235137714878766e-01 1.813075443358859729e-01
9.731314431709606749e-01 -1.346868737190451137e-01 1.867475285669619178e-01 3.058247330179349466e-01 6.530633460925827638e-02 -6.163003233990791419e-01 -7.847986866876115464e-01 -1.670575237137973179e+00 2.207946447108746491e-01 7.759080752135620873e-01 -5.909453167937499529e-01 1.939212592119708700e-01
9.729700638946569002e-01 -1.315194369549643749e-01 1.898206834920614927e-01 2.984630612281775064e-01 7.030940782118717813e-02 -6.142470037298571883e-01 -7.859753148517021337e-01 -1.662870430354766782e+00 2.199678174276201714e-01 7.780766321853009870e-01 -5.883968925656852811e-01 1.964262107974118210e-01
9.725318384549415107e-01 -1.300649579048734072e-01 1.930412629521978951e-01 2.982934053865820001e-01 7.526378427855309750e-02 -6.090634634297803496e-01 -7.895423024229482056e-01 -1.656744388612365393e+00 2.202661670769938129e-01 7.823840429106010408e-01 -5.825444286919790882e-01 2.073797045997191890e-01
9.734006575842951703e-01 -1.273559703356069717e-01 1.904510871672730754e-01 2.967332806861044947e-01 7.526229062992423335e-02 -6.073879308463123738e-01 -7.908321494046308686e-01 -1.651646487106060324e+00 2.163948875443026387e-01 7.841303193435957830e-01 -5.816467092335535494e-01 2.126165372887771354e-01
9.747564717464757278e-01 -1.235847751193070165e-01 1.859479065212719107e-01 2.846134859893817426e-01 7.596390727027654832e-02 -5.995788935636869876e-01 -7.967023482929568301e-01 -1.645888095098028359e+00 2.099507207441510537e-01 7.907160995904409795e-01 -5.750554243748208227e-01 2.228771633803972307e-01
9.741785969442812165e-01 -1.239907311339058515e-01 1.886858780461170004e-01 2.817301950573909419e-01 7.876473374048789666e-02 -5.965731196261754299e-01 -7.986843195069717183e-01 -1.641418912402223151e+00 2.115943751232914893e-01 7.929229626981839640e-01 -5.714026679093868744e-01 2.291835871637381838e-01
9.753438941839688292e-01 -1.229026858088549390e-01 1.833008948498314750e-01 2.744477670645580902e-01 7.609840510808574265e-02 -5.923432412224467480e-01 -8.020838608413090043e-01 -1.631994159448352910e+00 2.071553068066786518e-01 7.962565020415459660e-01 -5.683856652537481180e-01 2.386036644423835396e-01
9.753065021817254321e-01 -1.237868296193586626e-01 1.829044770731241276e-01 2.686836968016120819e-01 7.641486548105162757e-02 -5.878757755055391554e-01 -8.053339946100454005e-01 -1.628925998678475651e+00 2.072148531910616986e-01 7.994241023774529831e-01 -5.638999124243487815e-01 2.457063359058787866e-01
9.758857642315633685e-01 -1.241465123331752241e-01 1.795400191055450678e-01 2.594579735656207253e-01 7.458471973808156186e-02 -5.833617687310364008e-01 -8.087806645577897413e-01 -1.620639168710825917e+00 2.051440819992715325e-01 8.026684789434914702e-01 -5.600350126194029166e-01 2.551300053006962942e-01
9.758793026076729715e-01 -1.260027273373918455e-01 1.782775907293336348e-01 2.538696660005461680e-01 7.347265889549831064e-02 -5.794234625198076971e-01 -8.117082098980652471e-01 -1.616505296405315262e+00 2.055756672372942295e-01 8.052277704132971836e-01 -5.561896090851885521e-01 2.602397305405775851e-01
9.767138438842046799e-01 -1.253672593142110825e-01 1.741066274561840210e-01 2.455788697529178444e-01 7.156516484055418237e-02 -5.746577734411064675e-01 -8.152587778198585600e-01 -1.606582716162466618e+00 2.022584852429620272e-01 8.087345041229030418e-01 -5.523042743214555683e-01 2.719150020218694674e-01
9.774817546992987660e-01 -1.241419723958245014e-01 1.706405304823455649e-01 2.373204614399272161e-01 7.025251432140965091e-02 -5.710734409937067158e-01 -8.178873517876978916e-01 -1.605166410699560897e+00 1.989824233159287192e-01 8.114578900380562398e-01 -5.494925836987386569e-01 2.804649756362891377e-01
9.772824854908301884e-01 -1.251635899373635952e-01 1.710351397232019732e-01 2.317784266747185129e-01 7.003878649986407245e-02 -5.709316706030387323e-01 -8.180046402594558508e-01 -1.601905043678672591e+00 2.000337756779124176e-01 8.114007016289158658e-01 -5.491952160469919519e-01 2.825041447108866954e-01
9.775145077189320020e-01 -1.275300091262625557e-01 1.679329722943460335e-01 2.256282336275414191e-01 6.746782726773276062e-02 -5.653733845404789182e-01 -8.220711747228470756e-01 -1.593128792678646377e+00 1.997835781328506921e-01 8.149165724918849829e-01 -5.440565127663908873e-01 2.983733570827495907e-01
9.785143116994017287e-01 -1.262439237345676368e-01 1.630098562070812496e-01 2.165361877426380810e-01 6.390077744928444881e-02 -5.659999453846754625e-01 -8.219250259035539852e-01 -1.590720770674470153e+00 1.960266102921988107e-01 8.146818575573632204e-01 -5.457719620037350117e-01 3.003355640046594388e-01
9.783696954564897741e-01 -1.254738045577299677e-01 1.644659873192429456e-01 2.109469774729048064e-01 6.603495777025772395e-02 -5.640129626514230887e-01 -8.231213321265355987e-01 -1.586581984297365411e+00 1.960411162605046054e-01 8.161774717411272029e-01 -5.435275323116545154e-01 3.029995489592532953e-01
9.777493093926585832e-01 -1.245415154758706122e-01 1.688066945847086497e-01 2.049903257488472907e-01 7.140016151683126200e-02 -5.590795207507903708e-01 -8.260339736334084693e-01 -1.576343174927577362e+00 1.972518876355656148e-01 8.197069724342922470e-01 -5.377473313997591653e-01 3.203520882300434636e-01
9.781079365755053212e-01 -1.241678252412521666e-01 1.669946571314541994e-01 2.008974406865560725e-01 6.983703666840099245e-02 -5.600812097423975011e-01 -8.254888404490214882e-01 -1.573159882602029658e+00 1.960297237352881528e-01 8.190795983960854620e-01 -5.391483633874720738e-01 3.262674220533007263e-01
9.787820570130335573e-01 -1.236069879942612582e-01 1.634227582143547575e-01 1.942870619541184340e-01 6.729856071189524447e-02 -5.593880183791818395e-01 -8.261694475573608809e-01 -1.566296301092376719e+00 1.935370493696244865e-01 8.196379476994656299e-01 -5.392003830814847687e-01 3.361404613895520033e-01
9.798007684814051821e-01 -1.174977650712277222e-01 1.618169618847412894e-01 1.891868332753262605e-01 6.930832653524064690e-02 -5.595031450587477639e-01 -8.259252900273387210e-01 -1.563546351828999148e+00 1.875814749022187145e-01 8.204574967192888035e-01 -5.400580379886420479e-01 3.445612654719336643e-01
9.801689482693571875e-01 -1.134119782603500437e-01 1.625009484808805915e-01 1.857314317522593405e-01 7.168170395914541526e-02 -5.615860277017437063e-01 -8.243075256584967425e-01 -1.561236508759810349e+00 1.847446077141463028e-01 8.196089852205635795e-01 -5.423196228715013723e-01 3.460927039998437094e-01
