9.387074708938598633e-01 -3.170297145843505859e-01 1.376589536666870117e-01 4.281070828437805176e-01 -1.481210589408874512e-01 -7.290897369384765625e-01 -6.681550741195678711e-01 -1.703882694244384766e+00 3.119710683822631836e-01 6.067800521850585938e-01 -7.308194637298583984e-01 -4.418740868568420410e-01
9.395357966423034668e-01 -3.141651153564453125e-01 1.380292475223541260e-01 4.244849383831024170e-01 -1.448157131671905518e-01 -7.275305986404418945e-01 -6.709905266761779785e-01 -1.703050851821899414e+00 3.114601969718933105e-01 6.102212667465209961e-01 -7.286750674247741699e-01 -4.393996298313140869e-01
9.377102851867675781e-01 -3.183634281158447266e-01 1.381168365478515625e-01 4.218206703662872314e-01 -1.469312161207199097e-01 -7.247396707534790039e-01 -6.734728813171386719e-01 -1.709075927734375000e+00 3.146450519561767578e-01 6.115020513534545898e-01 -7.263406515121459961e-01 -4.388167560100555420e-01
9.381798505783081055e-01 -3.172290027141571045e-01 1.381178498268127441e-01 4.185551106929779053e-01 -1.459694355726242065e-01 -7.247633934020996094e-01 -6.731939911842346191e-01 -1.703451156616210938e+00 3.137429356575012207e-01 6.114442348480224609e-01 -7.264204025268554688e-01 -4.361876249313354492e-01
9.391131401062011719e-01 -3.138005137443542480e-01 1.405733227729797363e-01 4.221924245357513428e-01 -1.416175365447998047e-01 -7.257279157638549805e-01 -6.732961535453796387e-01 -1.704404234886169434e+00 3.133068084716796875e-01 6.124205589294433594e-01 -7.258204221725463867e-01 -4.345380961894989014e-01
9.391508102416992188e-01 -3.135560750961303711e-01 1.417212784290313721e-01 4.237118065357208252e-01 -1.406680345535278320e-01 -7.252504825592041016e-01 -6.737678050994873047e-01 -1.703416943550109863e+00 3.142262995243072510e-01 6.125733852386474609e-01 -7.254521250724792480e-01 -4.305304586887359619e-01
9.394629001617431641e-01 -3.117639422416687012e-01 1.418984234333038330e-01 4.232919812202453613e-01 -1.396622657775878906e-01 -7.272952795028686523e-01 -6.720905303955078125e-01 -1.699979782104492188e+00 3.126184940338134766e-01 6.117427349090576172e-01 -7.265602350234985352e-01 -4.297701120376586914e-01
9.395471811294555664e-01 -3.105407953262329102e-01 1.439522504806518555e-01 4.275819063186645508e-01 -1.375733613967895508e-01 -7.271147370338439941e-01 -6.723888516426086426e-01 -1.702053308486938477e+00 3.134449720382690430e-01 6.117719411849975586e-01 -7.263096570968627930e-01 -4.327972531318664551e-01
9.396753311157226562e-01 -3.107981681823730469e-01 1.431204974651336670e-01 4.233600497245788574e-01 -1.378910243511199951e-01 -7.263946533203125000e-01 -6.730751991271972656e-01 -1.698845863342285156e+00 3.130064606666564941e-01 6.127405166625976562e-01 -7.254225611686706543e-01 -4.308624565601348877e-01
9.399665594100952148e-01 -3.100708723068237305e-01 1.438736617565155029e-01 4.226195514202117920e-01 -1.364742517471313477e-01 -7.259238958358764648e-01 -6.741381883621215820e-01 -1.696830630302429199e+00 3.134906589984893799e-01 6.138904690742492676e-01 -7.244884967803955078e-01 -4.273696839809417725e-01
9.360081553459167480e-01 -3.176289200782775879e-01 1.519916653633117676e-01 4.156233668327331543e-01 -1.362656950950622559e-01 -7.249090075492858887e-01 -6.750796437263488770e-01 -1.696082592010498047e+00 3.246722221374511719e-01 6.113080978393554688e-01 -7.216607928276062012e-01 -4.221348166465759277e-01
9.333025217056274414e-01 -3.192686438560485840e-01 1.655888408422470093e-01 4.227973818778991699e-01 -1.297013759613037109e-01 -7.292212843894958496e-01 -6.719778180122375488e-01 -1.688175320625305176e+00 3.352762460708618164e-01 6.056780219078063965e-01 -7.217074036598205566e-01 -4.126730561256408691e-01
9.292766451835632324e-01 -3.223193585872650146e-01 1.795917153358459473e-01 4.226000905036926270e-01 -1.243878602981567383e-01 -7.317922115325927734e-01 -6.702590584754943848e-01 -1.681175827980041504e+00 3.473174571990966797e-01 6.006605625152587891e-01 -7.200974225997924805e-01 -4.025804400444030762e-01
9.203789234161376953e-01 -3.367668390274047852e-01 1.988023519515991211e-01 4.069230258464813232e-01 -1.231151223182678223e-01 -7.315413951873779297e-01 -6.705873012542724609e-01 -1.683617472648620605e+00 3.711245059967041016e-01 5.927829742431640625e-01 -7.149374485015869141e-01 -3.971619904041290283e-01
9.170603752136230469e-01 -3.434162139892578125e-01 2.034733295440673828e-01 4.084282219409942627e-01 -1.242508888244628906e-01 -7.293160557746887207e-01 -6.731150150299072266e-01 -1.700464367866516113e+00 3.793517947196960449e-01 5.921179652214050293e-01 -7.116128802299499512e-01 -4.079043269157409668e-01
9.098761677742004395e-01 -3.532333970069885254e-01 2.182981967926025391e-01 3.979846537113189697e-01 -1.184188127517700195e-01 -7.246176004409790039e-01 -6.787590980529785156e-01 -1.692509651184082031e+00 3.979934453964233398e-01 5.918270349502563477e-01 -7.009245157241821289e-01 -3.799074590206146240e-01
9.042851924896240234e-01 -3.634003996849060059e-01 2.250875234603881836e-01 3.948918282985687256e-01 -1.173057556152343750e-01 -7.172489166259765625e-01 -6.868908405303955078e-01 -1.684709906578063965e+00 4.110703468322753906e-01 5.946503877639770508e-01 -6.907663345336914062e-01 -3.605135083198547363e-01
8.977574110031127930e-01 -3.737787008285522461e-01 2.330553531646728516e-01 3.975799679756164551e-01 -1.175511479377746582e-01 -7.129582762718200684e-01 -6.912937164306640625e-01 -1.681422114372253418e+00 4.245469868183135986e-01 5.930737853050231934e-01 -6.842000484466552734e-01 -3.517807126045227051e-01
8.909186124801635742e-01 -3.823305368423461914e-01 2.466684579849243164e-01 3.852293789386749268e-01 -1.132943630218505859e-01 -7.112109661102294922e-01 -6.937285065650939941e-01 -1.676529049873352051e+00 4.405058026313781738e-01 5.904816985130310059e-01 -6.767899990081787109e-01 -3.275581002235412598e-01
8.846799135208129883e-01 -3.921056985855102539e-01 2.519083023071289062e-01 3.828645050525665283e-01 -1.145428791642189026e-01 -7.070803046226501465e-01 -6.978470087051391602e-01 -1.672639608383178711e+00 4.517018198966979980e-01 5.889368653297424316e-01 -6.702746748924255371e-01 -3.093501329421997070e-01
8.777110576629638672e-01 -3.972890377044677734e-01 2.675069272518157959e-01 3.887309730052947998e-01 -1.042112112045288086e-01 -7.037460803985595703e-01 -7.028970122337341309e-01 -1.668210625648498535e+00 4.672870635986328125e-01 5.893008708953857422e-01 -6.589480042457580566e-01 -2.729352414608001709e-01
8.760460615158081055e-01 -3.992152214050292969e-01 2.708625793457031250e-01 3.799566030502319336e-01 -1.031410098075866699e-01 -7.033120393753051758e-01 -7.031682729721069336e-01 -1.650938153266906738e+00 4.711608886718750000e-01 5.878782868385314941e-01 -6.576803326606750488e-01 -2.559155225753784180e-01
8.720144629478454590e-01 -4.038819074630737305e-01 2.763468623161315918e-01 3.812313675880432129e-01 -1.015338301658630371e-01 -7.013474702835083008e-01 -7.057728767395019531e-01 -1.646151542663574219e+00 4.789634346961975098e-01 5.873065590858459473e-01 -6.524966955184936523e-01 -2.435783743858337402e-01
8.653104305267333984e-01 -4.096179008483886719e-01 2.888879776000976562e-01 3.790592849254608154e-01 -9.916710853576660156e-02 -7.052162289619445801e-01 -7.020511031150817871e-01 -1.639602065086364746e+00 4.915431737899780273e-01 5.785423517227172852e-01 -6.510316729545593262e-01 -2.257128357887268066e-01
8.610281944274902344e-01 -4.135463237762451172e-01 2.966074943542480469e-01 3.832923471927642822e-01 -9.848086535930633545e-02 -7.069749236106872559e-01 -7.006498575210571289e-01 -1.638653516769409180e+00 4.993193149566650391e-01 5.738193988800048828e-01 -6.493042707443237305e-01 -2.144838869571685791e-01
8.522987365722656250e-01 -4.242949485778808594e-01 3.059484958648681641e-01 3.801223933696746826e-01 -9.746688604354858398e-02 -7.036324143409729004e-01 -7.040807008743286133e-01 -1.631088137626647949e+00 5.139939785003662109e-01 5.699098110198974609e-01 -6.410157680511474609e-01 -1.845759153366088867e-01
8.466453552246093750e-01 -4.356775283813476562e-01 3.053138256072998047e-01 3.732737302780151367e-01 -1.063146591186523438e-01 -7.010097503662109375e-01 -7.048509120941162109e-01 -1.625470638275146484e+00 5.210512876510620117e-01 5.643931627273559570e-01 -6.400755047798156738e-01 -1.707061976194381714e-01
8.378942608833312988e-01 -4.423913061618804932e-01 3.206331729888916016e-01 3.849249184131622314e-01 -1.031207740306854248e-01 -7.042690515518188477e-01 -7.026002407073974609e-01 -1.634240150451660156e+00 5.363523960113525391e-01 5.551550984382629395e-01 -6.355664730072021484e-01 -1.402527540922164917e-01
8.301401734352111816e-01 -4.503431320190429688e-01 3.293668031692504883e-01 3.750009834766387939e-01 -1.057676076889038086e-01 -7.066385746002197266e-01 -6.998764276504516602e-01 -1.628248453140258789e+00 5.477695465087890625e-01 5.457143783569335938e-01 -6.342139244079589844e-01 -1.340299993753433228e-01
8.176431655883789062e-01 -4.661087989807128906e-01 3.385150432586669922e-01 3.680672943592071533e-01 -1.170942187309265137e-01 -7.099080085754394531e-01 -6.942486166954040527e-01 -1.621242523193359375e+00 5.635832548141479492e-01 5.284500718116760254e-01 -6.347306966781616211e-01 -1.073237806558609009e-01
8.150057792663574219e-01 -4.677040576934814453e-01 3.420211076736450195e-01 3.725169003009796143e-01 -1.185679733753204346e-01 -7.124464511871337891e-01 -6.910988092422485352e-01 -1.619589328765869141e+00 5.671917796134948730e-01 5.228793621063232422e-01 -6.363267898559570312e-01 -9.573492407798767090e-02
8.132610321044921875e-01 -4.692691862583160400e-01 3.438990116119384766e-01 3.659681379795074463e-01 -1.205683946609497070e-01 -7.143535614013671875e-01 -6.896739006042480469e-01 -1.626227736473083496e+00 5.691714286804199219e-01 5.192735195159912109e-01 -6.377958655357360840e-01 -8.682933449745178223e-02
8.025712370872497559e-01 -4.774366915225982666e-01 3.580219447612762451e-01 3.776549100875854492e-01 -1.200340986251831055e-01 -7.166193723678588867e-01 -6.869065165519714355e-01 -1.622147083282470703e+00 5.847128629684448242e-01 5.081974267959594727e-01 -6.325082182884216309e-01 -4.220410063862800598e-02
8.028167486190795898e-01 -4.845843315124511719e-01 3.482337594032287598e-01 3.613090217113494873e-01 -1.356763839721679688e-01 -7.163321971893310547e-01 -6.844747662544250488e-01 -1.618513822555541992e+00 5.808503627777099609e-01 5.015279054641723633e-01 -6.411975622177124023e-01 -3.532328829169273376e-02
7.936887741088867188e-01 -4.951745867729187012e-01 3.533898591995239258e-01 3.618507981300354004e-01 -1.435086727142333984e-01 -7.167111039161682129e-01 -6.827002763748168945e-01 -1.624162673950195312e+00 5.910956859588623047e-01 4.905479550361633301e-01 -6.398786306381225586e-01 -2.711173146963119507e-03
7.897499799728393555e-01 -4.947405755519866943e-01 3.630506396293640137e-01 3.646505177021026611e-01 -1.373276710510253906e-01 -7.188385725021362305e-01 -6.810860037803649902e-01 -1.626503467559814453e+00 5.979247093200683594e-01 4.879865348339080811e-01 -6.354548931121826172e-01 1.594745367765426636e-02
7.877339124679565430e-01 -4.920113086700439453e-01 3.708907365798950195e-01 3.583418428897857666e-01 -1.307555437088012695e-01 -7.219781279563903809e-01 -6.798226237297058105e-01 -1.626934528350830078e+00 6.023788452148437500e-01 4.871533513069152832e-01 -6.326032876968383789e-01 3.703695535659790039e-02
7.798984050750732422e-01 -4.930104613304138184e-01 3.857111930847167969e-01 3.741890788078308105e-01 -1.184443831443786621e-01 -7.211793065071105957e-01 -6.825134754180908203e-01 -1.622224688529968262e+00 6.147599220275878906e-01 4.863107204437255859e-01 -6.206939816474914551e-01 6.156990677118301392e-02
7.789676189422607422e-01 -4.939470291137695312e-01 3.869187831878662109e-01 3.815527558326721191e-01 -1.156566143035888672e-01 -7.189196348190307617e-01 -6.850119829177856445e-01 -1.623447656631469727e+00 6.165146827697753906e-01 4.888235330581665039e-01 -6.172196269035339355e-01 8.264190703630447388e-02
7.817261219024658203e-01 -4.977426528930664062e-01 3.757801651954650879e-01 3.979452848434448242e-01 -1.251088827848434448e-01 -7.150614261627197266e-01 -6.875061392784118652e-01 -1.628007650375366211e+00 6.109270453453063965e-01 4.902479052543640137e-01 -6.215328574180603027e-01 1.109685227274894714e-01
7.875366806983947754e-01 -4.924570322036743164e-01 3.704080581665039062e-01 3.876959085464477539e-01 -1.243742108345031738e-01 -7.157309055328369141e-01 -6.870648860931396484e-01 -1.620949268341064453e+00 6.036763787269592285e-01 4.951032996177673340e-01 -6.246955990791320801e-01 1.228912174701690674e-01
7.891968488693237305e-01 -4.882049560546875000e-01 3.723930120468139648e-01 4.045654833316802979e-01 -1.181899905204772949e-01 -7.154365181922912598e-01 -6.882473826408386230e-01 -1.618093967437744141e+00 6.030219793319702148e-01 4.991372823715209961e-01 -6.222776174545288086e-01 1.511559635400772095e-01
7.884036302566528320e-01 -4.902810454368591309e-01 3.719694912433624268e-01 4.085448682308197021e-01 -1.161530017852783203e-01 -7.122101783752441406e-01 -6.925091147422790527e-01 -1.619641900062561035e+00 6.043847799301147461e-01 5.026904344558715820e-01 -6.184309124946594238e-01 1.724147498607635498e-01
7.973422408103942871e-01 -4.894216656684875488e-01 3.537914752960205078e-01 4.088418483734130859e-01 -1.206995546817779541e-01 -7.032933235168457031e-01 -7.005435228347778320e-01 -1.610587239265441895e+00 5.911800265312194824e-01 5.157232880592346191e-01 -6.196027398109436035e-01 2.045972645282745361e-01
8.004757165908813477e-01 -4.900947511196136475e-01 3.453522324562072754e-01 4.073554277420043945e-01 -1.237620115280151367e-01 -6.992278695106506348e-01 -7.045261263847351074e-01 -1.601761460304260254e+00 5.863441824913024902e-01 5.211927294731140137e-01 -6.201001405715942383e-01 2.200786620378494263e-01
8.078696727752685547e-01 -4.832316040992736816e-01 3.377630710601806641e-01 4.130543768405914307e-01 -1.218832433223724365e-01 -6.972168087959289551e-01 -7.064520120620727539e-01 -1.587792158126831055e+00 5.767715573310852051e-01 5.292992591857910156e-01 -6.220469474792480469e-01 2.566814124584197998e-01
8.087201714515686035e-01 -4.839167594909667969e-01 3.346765637397766113e-01 4.263549745082855225e-01 -1.211125254631042480e-01 -6.931990385055541992e-01 -7.101950645446777344e-01 -1.585217833518981934e+00 5.757867097854614258e-01 5.337156653404235840e-01 -6.194847226142883301e-01 2.890334725379943848e-01
8.191390037536621094e-01 -4.750516712665557861e-01 3.212572336196899414e-01 4.246814548969268799e-01 -1.316641569137573242e-01 -7.005346417427062988e-01 -7.011611461639404297e-01 -1.574069261550903320e+00 5.585294365882873535e-01 5.319021940231323242e-01 -6.367365121841430664e-01 3.069332540035247803e-01
8.263301253318786621e-01 -4.678851366043090820e-01 3.139643073081970215e-01 4.227774739265441895e-01 -1.337518393993377686e-01 -7.035985589027404785e-01 -6.973908543586730957e-01 -1.562964081764221191e+00 5.472353696823120117e-01 5.346623659133911133e-01 -6.442230343818664551e-01 3.175559937953948975e-01
8.371360898017883301e-01 -4.592413902282714844e-01 2.971837520599365234e-01 4.310933649539947510e-01 -1.365365982055664062e-01 -7.017480134963989258e-01 -6.989998817443847656e-01 -1.578324794769287109e+00 5.297916531562805176e-01 5.446732044219970703e-01 -6.502128839492797852e-01 3.406209945678710938e-01
8.411381244659423828e-01 -4.546876549720764160e-01 2.929910421371459961e-01 4.394999742507934570e-01 -1.380677223205566406e-01 -7.049736976623535156e-01 -6.955513954162597656e-01 -1.572556614875793457e+00 5.226362943649291992e-01 5.447977781295776367e-01 -6.555645465850830078e-01 3.534191548824310303e-01
8.399190902709960938e-01 -4.554975330829620361e-01 2.941048443317413330e-01 4.382275640964508057e-01 -1.396489441394805908e-01 -7.058779001235961914e-01 -6.943886876106262207e-01 -1.580046772956848145e+00 5.240122079849243164e-01 5.421538352966308594e-01 -6.568819880485534668e-01 3.737157881259918213e-01
8.435670733451843262e-01 -4.403728246688842773e-01 3.064701259136199951e-01 4.601507186889648438e-01 -1.183750033378601074e-01 -7.100954055786132812e-01 -6.942969560623168945e-01 -1.570441007614135742e+00 5.233596563339233398e-01 5.497652888298034668e-01 -6.510569453239440918e-01 4.062356054782867432e-01
8.458863496780395508e-01 -4.350742697715759277e-01 3.087758123874664307e-01 4.714618921279907227e-01 -1.094096899032592773e-01 -7.081010937690734863e-01 -6.976904869079589844e-01 -1.576924085617065430e+00 5.227901935577392578e-01 5.563143491744995117e-01 -6.461757421493530273e-01 4.210081398487091064e-01
8.462184667587280273e-01 -4.325323104858398438e-01 3.116500675678253174e-01 4.805877506732940674e-01 -1.073659658432006836e-01 -7.102809548377990723e-01 -6.953775882720947266e-01 -1.561649560928344727e+00 5.220718383789062500e-01 5.551970005035400391e-01 -6.477802395820617676e-01 4.341839253902435303e-01
8.517537117004394531e-01 -4.234998524188995361e-01 3.089811205863952637e-01 5.002456307411193848e-01 -1.002865433692932129e-01 -7.106590867042541504e-01 -6.966292858123779297e-01 -1.549063920974731445e+00 5.143919587135314941e-01 5.623006224632263184e-01 -6.473515629768371582e-01 4.700713157653808594e-01
8.528048396110534668e-01 -4.210486114025115967e-01 3.097494244575500488e-01 4.932148158550262451e-01 -9.933263063430786133e-02 -7.119097709655761719e-01 -6.949778795242309570e-01 -1.537474870681762695e+00 5.127882361412048340e-01 5.619807243347167969e-01 -6.486591696739196777e-01 4.839085638523101807e-01
8.402119874954223633e-01 -4.278231859207153320e-01 3.335098028182983398e-01 5.068593621253967285e-01 -8.737325668334960938e-02 -7.138187885284423828e-01 -6.949185132980346680e-01 -1.537786245346069336e+00 5.352129936218261719e-01 5.546840429306030273e-01 -6.368434429168701172e-01 5.173113942146301270e-01
8.347887396812438965e-01 -4.268007278442382812e-01 3.469020128250122070e-01 5.195277333259582520e-01 -7.944679260253906250e-02 -7.177483439445495605e-01 -6.912595629692077637e-01 -1.530976295471191406e+00 5.444488525390625000e-01 5.493384003639221191e-01 -6.335184574127197266e-01 5.289779305458068848e-01
8.316481113433837891e-01 -4.272134900093078613e-01 3.555144369602203369e-01 5.267165899276733398e-01 -7.533031702041625977e-02 -7.205889225006103516e-01 -6.896291971206665039e-01 -1.526205420494079590e+00 5.504665970802307129e-01 5.466279387474060059e-01 -6.311612725257873535e-01 5.375865697860717773e-01
8.184063434600830078e-01 -4.393632113933563232e-01 3.694150745868682861e-01 5.599168539047241211e-01 -6.696557998657226562e-02 -7.121440768241882324e-01 -6.990519762039184570e-01 -1.526660203933715820e+00 5.700571537017822266e-01 5.479463934898376465e-01 -6.122169494628906250e-01 5.730554461479187012e-01
8.135616779327392578e-01 -4.464334547519683838e-01 3.733154237270355225e-01 5.590456724166870117e-01 -7.299673557281494141e-02 -7.151318788528442383e-01 -6.958158016204833984e-01 -1.517214059829711914e+00 5.774210691452026367e-01 5.386866927146911621e-01 -6.141458749771118164e-01 5.776141285896301270e-01
8.042318820953369141e-01 -4.525057673454284668e-01 3.855812251567840576e-01 5.736089348793029785e-01 -6.895378232002258301e-02 -7.152908444404602051e-01 -6.951109170913696289e-01 -1.523244976997375488e+00 5.904489159584045410e-01 5.322298407554626465e-01 -6.065444946289062500e-01 5.899126529693603516e-01
7.907013893127441406e-01 -4.547746181488037109e-01 4.094899594783782959e-01 5.937252044677734375e-01 -5.492579936981201172e-02 -7.196556329727172852e-01 -6.926442384719848633e-01 -1.520113110542297363e+00 6.097697019577026367e-01 5.247784852981567383e-01 -5.940029025077819824e-01 6.179707050323486328e-01
7.735626697540283203e-01 -4.614208936691284180e-01 4.344600737094879150e-01 6.063427925109863281e-01 -4.201674461364746094e-02 -7.211459875106811523e-01 -6.910915970802307129e-01 -1.511883139610290527e+00 6.321827769279479980e-01 5.162806510925292969e-01 -5.773701667785644531e-01 6.337708830833435059e-01
7.431863546371459961e-01 -4.751555919647216797e-01 4.714488387107849121e-01 6.440503001213073730e-01 -2.599716186523437500e-02 -7.242512702941894531e-01 -6.893117427825927734e-01 -1.498260736465454102e+00 6.686486005783081055e-01 4.999922513961791992e-01 -5.504965782165527344e-01 6.730355024337768555e-01
7.328705787658691406e-01 -4.740823507308959961e-01 4.880323410034179688e-01 6.503757238388061523e-01 -1.911827921867370605e-02 -7.315678000450134277e-01 -6.816374659538269043e-01 -1.496094584465026855e+00 6.797865629196166992e-01 4.905743598937988281e-01 -5.451991558074951172e-01 6.756594777107238770e-01
7.019861936569213867e-01 -4.720169305801391602e-01 5.334841012954711914e-01 6.904256939888000488e-01 1.867458224296569824e-02 -7.366891503334045410e-01 -6.758561730384826660e-01 -1.491995811462402344e+00 7.124568223953247070e-01 4.843410253524780273e-01 -5.082229375839233398e-01 7.040750980377197266e-01
6.793270111083984375e-01 -4.834699630737304688e-01 5.518162250518798828e-01 7.035017609596252441e-01 2.570080757141113281e-02 -7.361991405487060547e-01 -6.761769056320190430e-01 -1.486739516258239746e+00 7.334204316139221191e-01 4.737069010734558105e-01 -4.875978827476501465e-01 7.143270373344421387e-01
6.492337584495544434e-01 -4.987694621086120605e-01 5.744902491569519043e-01 7.380236387252807617e-01 4.127620160579681396e-02 -7.311592698097229004e-01 -6.813798546791076660e-01 -1.495762825012207031e+00 7.597794532775878906e-01 4.660065174102783203e-01 -4.536764919757843018e-01 7.392716407775878906e-01
6.378075480461120605e-01 -5.069586634635925293e-01 5.802105069160461426e-01 7.432882785797119141e-01 4.402768611907958984e-02 -7.278786897659301758e-01 -6.842985153198242188e-01 -1.482885837554931641e+00 7.691342830657958984e-01 4.621322154998779297e-01 -4.418968260288238525e-01 7.519138455390930176e-01
6.281869411468505859e-01 -5.127159953117370605e-01 5.853439569473266602e-01 7.547898292541503906e-01 4.391396045684814453e-02 -7.282650470733642578e-01 -6.844328641891479492e-01 -1.480647325515747070e+00 7.768683433532714844e-01 4.555227160453796387e-01 -4.348493814468383789e-01 7.567905783653259277e-01
6.085071563720703125e-01 -5.152713060379028320e-01 6.033716201782226562e-01 7.794891595840454102e-01 5.584023892879486084e-02 -7.306002974510192871e-01 -6.805214881896972656e-01 -1.476477980613708496e+00 7.912960052490234375e-01 4.477328062057495117e-01 -4.159078598022460938e-01 7.792351245880126953e-01
5.980170369148254395e-01 -5.144810676574707031e-01 6.145016551017761230e-01 7.911850214004516602e-01 6.395331025123596191e-02 -7.332951426506042480e-01 -6.764687895774841309e-01 -1.473868131637573242e+00 7.989287972450256348e-01 4.443520307540893555e-01 -4.058708548545837402e-01 7.888282537460327148e-01
5.929449200630187988e-01 -5.203837156295776367e-01 6.151197552680969238e-01 8.058847784996032715e-01 5.138349533081054688e-02 -7.372194528579711914e-01 -6.739785075187683105e-01 -1.467985153198242188e+00 8.035246133804321289e-01 4.311551153659820557e-01 -4.102504849433898926e-01 8.083132505416870117e-01
5.893118381500244141e-01 -5.208888053894042969e-01 6.172472834587097168e-01 8.118848204612731934e-01 4.933615028858184814e-02 -7.394090890884399414e-01 -6.709378957748413086e-01 -1.467437148094177246e+00 8.066127896308898926e-01 4.262526333332061768e-01 -4.104547798633575439e-01 8.126227855682373047e-01
5.744495391845703125e-01 -5.200316309928894043e-01 6.319966316223144531e-01 8.384227752685546875e-01 6.549327075481414795e-02 -7.406722903251647949e-01 -6.687229871749877930e-01 -1.466863274574279785e+00 8.160254955291748047e-01 4.255916774272918701e-01 -3.916994333267211914e-01 8.369657993316650391e-01
5.688238143920898438e-01 -5.216068029403686523e-01 6.359412670135498047e-01 8.501123785972595215e-01 6.532776355743408203e-02 -7.424737811088562012e-01 -6.673233509063720703e-01 -1.467904686927795410e+00 8.197709321975708008e-01 4.207518994808197021e-01 -3.879748582839965820e-01 8.493075370788574219e-01
5.623508691787719727e-01 -5.242719650268554688e-01 6.397972106933593750e-01 8.824220895767211914e-01 6.486664712429046631e-02 -7.436270713806152344e-01 -6.658850908279418945e-01 -1.472846508026123047e+00 8.246079087257385254e-01 4.159622192382812500e-01 -3.841241896152496338e-01 8.595971465110778809e-01
5.565278530120849609e-01 -5.335073471069335938e-01 6.367728710174560547e-01 8.921307921409606934e-01 5.580589175224304199e-02 -7.406243681907653809e-01 -6.695436239242553711e-01 -1.468816995620727539e+00 8.290974497795104980e-01 4.081990718841552734e-01 -3.823994696140289307e-01 8.705193996429443359e-01
5.517351627349853516e-01 -5.374029874801635742e-01 6.382786631584167480e-01 9.132750034332275391e-01 4.709064960479736328e-02 -7.439634799957275391e-01 -6.665197014808654785e-01 -1.462548494338989258e+00 8.329859375953674316e-01 3.976202607154846191e-01 -3.852151036262512207e-01 8.944165706634521484e-01
5.487141609191894531e-01 -5.344894528388977051e-01 6.431522369384765625e-01 9.227837324142456055e-01 4.716551303863525391e-02 -7.477272152900695801e-01 -6.619520187377929688e-01 -1.456069111824035645e+00 8.348715305328369141e-01 3.933471143245697021e-01 -3.846586346626281738e-01 9.143989682197570801e-01
5.346736311912536621e-01 -5.288247466087341309e-01 6.589925885200500488e-01 9.607788324356079102e-01 5.120649933815002441e-02 -7.582267522811889648e-01 -6.499040126800537109e-01 -1.458198547363281250e+00 8.433730006217956543e-01 3.815495073795318604e-01 -3.784191906452178955e-01 9.421269893646240234e-01
5.314583182334899902e-01 -5.316098332405090332e-01 6.597633361816406250e-01 9.776756167411804199e-01 4.971945285797119141e-02 -7.574230432510375977e-01 -6.509240865707397461e-01 -1.461280465126037598e+00 8.458297252655029297e-01 3.786800503730773926e-01 -3.756418228149414062e-01 9.536874294281005859e-01
5.315691232681274414e-01 -5.390276312828063965e-01 6.533902287483215332e-01 9.998972415924072266e-01 4.470136761665344238e-02 -7.527557015419006348e-01 -6.570624113082885742e-01 -1.469790816307067871e+00 8.457048535346984863e-01 3.785983920097351074e-01 -3.758182525634765625e-01 9.671000242233276367e-01
5.264568328857421875e-01 -5.410276651382446289e-01 6.557543277740478516e-01 1.014677405357360840e+00 5.132505297660827637e-02 -7.499015331268310547e-01 -6.595200300216674805e-01 -1.477380752563476562e+00 8.486608862876892090e-01 3.810367584228515625e-01 -3.669842481613159180e-01 9.793956875801086426e-01
5.235285758972167969e-01 -5.398629903793334961e-01 6.591626405715942383e-01 1.047763705253601074e+00 6.233537197113037109e-02 -7.471495866775512695e-01 -6.618468761444091797e-01 -1.474304676055908203e+00 8.495097756385803223e-01 3.878502845764160156e-01 -3.576040863990783691e-01 1.014274716377258301e+00
5.195405483245849609e-01 -5.539824962615966797e-01 6.503894925117492676e-01 1.069073081016540527e+00 4.402700066566467285e-02 -7.425283789634704590e-01 -6.683827638626098633e-01 -1.455814599990844727e+00 8.532243967056274414e-01 3.761638402938842773e-01 -3.614669740200042725e-01 1.026892066001892090e+00
5.213156938552856445e-01 -5.537128448486328125e-01 6.492320895195007324e-01 1.080340027809143066e+00 4.768067598342895508e-02 -7.405430078506469727e-01 -6.697229743003845215e-01 -1.452480673789978027e+00 8.517206907272338867e-01 3.803902864456176758e-01 -3.596689403057098389e-01 1.039331793785095215e+00
5.215927362442016602e-01 -5.550650358200073242e-01 6.480168104171752930e-01 1.099228501319885254e+00 5.687239766120910645e-02 -7.354485988616943359e-01 -6.755884885787963867e-01 -1.457953572273254395e+00 8.513104915618896484e-01 3.891575336456298828e-01 -3.521899580955505371e-01 1.052269577980041504e+00
5.206005573272705078e-01 -5.526080131530761719e-01 6.506646275520324707e-01 1.118746876716613770e+00 6.541359424591064453e-02 -7.337793707847595215e-01 -6.759355664253234863e-01 -1.428213596343994141e+00 8.511199355125427246e-01 3.948076367378234863e-01 -3.463127911090850830e-01 1.074962854385375977e+00
5.232595205307006836e-01 -5.526016950607299805e-01 6.485805511474609375e-01 1.132261395454406738e+00 6.562358140945434570e-02 -7.333256602287292480e-01 -6.770849227905273438e-01 -1.424145817756652832e+00 8.494114279747009277e-01 3.968526124954223633e-01 -3.480026125907897949e-01 1.082653522491455078e+00
5.298601388931274414e-01 -5.524742603302001953e-01 6.437273025512695312e-01 1.152438044548034668e+00 6.918385624885559082e-02 -7.282482981681823730e-01 -6.817421317100524902e-01 -1.426908135414123535e+00 8.449469804763793945e-01 4.056768417358398438e-01 -3.477268218994140625e-01 1.089019656181335449e+00
5.254235267639160156e-01 -5.511033535003662109e-01 6.487271189689636230e-01 1.167796134948730469e+00 7.105270028114318848e-02 -7.309244275093078613e-01 -6.789107322692871094e-01 -1.421691060066223145e+00 8.479299545288085938e-01 4.029803276062011719e-01 -3.449754714965820312e-01 1.087745428085327148e+00
5.259913802146911621e-01 -5.529521703720092773e-01 6.462240219116210938e-01 1.182102799415588379e+00 6.362123787403106689e-02 -7.321602106094360352e-01 -6.779373884201049805e-01 -1.412011265754699707e+00 8.481807112693786621e-01 3.979413509368896484e-01 -3.498532772064208984e-01 1.095030903816223145e+00
5.187424421310424805e-01 -5.536594390869140625e-01 6.514944434165954590e-01 1.196784615516662598e+00 6.634014844894409180e-02 -7.337383031845092773e-01 -6.759168505668640137e-01 -1.401955604553222656e+00 8.525463342666625977e-01 3.938124179840087891e-01 -3.438336849212646484e-01 1.096439838409423828e+00
5.126130580902099609e-01 -5.488092303276062012e-01 6.601709127426147461e-01 1.214994072914123535e+00 7.194131612777709961e-02 -7.388076782226562500e-01 -6.696904897689819336e-01 -1.388992428779602051e+00 8.552959561347961426e-01 3.911629915237426758e-01 -3.392566442489624023e-01 1.097492933273315430e+00
5.026515126228332520e-01 -5.473550558090209961e-01 6.691638231277465820e-01 1.232748031616210938e+00 7.556161284446716309e-02 -7.431152462959289551e-01 -6.649686098098754883e-01 -1.386239409446716309e+00 8.613828420639038086e-01 3.848483562469482422e-01 -3.320331573486328125e-01 1.093063592910766602e+00
4.908625483512878418e-01 -5.460557341575622559e-01 6.789904236793518066e-01 1.254679918289184570e+00 8.437374234199523926e-02 -7.456535696983337402e-01 -6.608865261077880859e-01 -1.371592521667480469e+00 8.671733140945434570e-01 3.815426826477050781e-01 -3.201518058776855469e-01 1.104463577270507812e+00
4.768140017986297607e-01 -5.489198565483093262e-01 6.866872310638427734e-01 1.269290447235107422e+00 7.912087440490722656e-02 -7.513929605484008789e-01 -6.553744077682495117e-01 -1.342741966247558594e+00 8.755044937133789062e-01 3.667042553424835205e-01 -3.147146701812744141e-01 1.099084615707397461e+00
4.687874317169189453e-01 -5.439609289169311523e-01 6.957761049270629883e-01 1.295681834220886230e+00 8.439731597900390625e-02 -7.565915584564208984e-01 -6.488285064697265625e-01 -1.343894600868225098e+00 8.793479800224304199e-01 3.630988895893096924e-01 -3.083994984626770020e-01 1.087224721908569336e+00
4.547881186008453369e-01 -5.328152179718017578e-01 7.139807343482971191e-01 1.319455862045288086e+00 1.017374992370605469e-01 -7.655305862426757812e-01 -6.356644630432128906e-01 -1.322599172592163086e+00 8.848555088043212891e-01 3.614649772644042969e-01 -2.939105033874511719e-01 1.084766030311584473e+00
4.503558874130249023e-01 -5.308129191398620605e-01 7.180660367012023926e-01 1.331333875656127930e+00 9.884817898273468018e-02 -7.693564891815185547e-01 -6.308976411819458008e-01 -1.317329287528991699e+00 8.874220848083496094e-01 3.552542924880981445e-01 -2.937734127044677734e-01 1.082396268844604492e+00
4.476424753665924072e-01 -5.204710960388183594e-01 7.272542715072631836e-01 1.348771214485168457e+00 9.883598983287811279e-02 -7.794009447097778320e-01 -6.186085343360900879e-01 -1.299927949905395508e+00 8.887007236480712891e-01 3.491181731224060059e-01 -2.973798513412475586e-01 1.065809249877929688e+00
4.407898187637329102e-01 -5.162104368209838867e-01 7.342970371246337891e-01 1.347552061080932617e+00 1.075740456581115723e-01 -7.817829251289367676e-01 -6.138231754302978516e-01 -1.288543581962585449e+00 8.910702466964721680e-01 3.497407436370849609e-01 -2.889705896377563477e-01 1.063485264778137207e+00
4.317310452461242676e-01 -5.122053027153015137e-01 7.425037622451782227e-01 1.352187156677246094e+00 1.124172210693359375e-01 -7.859721183776855469e-01 -6.075526475906372070e-01 -1.278674960136413574e+00 8.950519561767578125e-01 3.455473184585571289e-01 -2.817268669605255127e-01 1.060710191726684570e+00
4.311262369155883789e-01 -5.135596394538879395e-01 7.418374419212341309e-01 1.352233052253723145e+00 1.074519157409667969e-01 -7.874861359596252441e-01 -6.072530746459960938e-01 -1.275811314582824707e+00 8.959265947341918945e-01 3.417626023292541504e-01 -2.844663858413696289e-01 1.051341772079467773e+00
4.331650733947753906e-01 -5.122457742691040039e-01 7.412084341049194336e-01 1.347474098205566406e+00 1.009839177131652832e-01 -7.897584438323974609e-01 -6.050846576690673828e-01 -1.260605931282043457e+00 8.955688476562500000e-01 3.371052742004394531e-01 -2.906231880187988281e-01 1.037099242210388184e+00
4.351398348808288574e-01 -5.035630464553833008e-01 7.462639212608337402e-01 1.349473118782043457e+00 1.002213358879089355e-01 -7.967354059219360352e-01 -5.958865880966186523e-01 -1.249807834625244141e+00 8.946687579154968262e-01 3.340967297554016113e-01 -2.963618040084838867e-01 1.029263138771057129e+00
4.415857791900634766e-01 -4.947095215320587158e-01 7.484822273254394531e-01 1.353325247764587402e+00 9.200906753540039062e-02 -8.046417236328125000e-01 -5.862026214599609375e-01 -1.241049289703369141e+00 8.923579454421997070e-01 3.276512622833251953e-01 -3.100420236587524414e-01 1.016821622848510742e+00
4.466170668601989746e-01 -4.902201890945434570e-01 7.481715679168701172e-01 1.351757168769836426e+00 8.854973316192626953e-02 -8.078818321228027344e-01 -5.819488763809204102e-01 -1.242965459823608398e+00 8.903583884239196777e-01 3.264509439468383789e-01 -3.174050450325012207e-01 9.924288392066955566e-01
4.476279020309448242e-01 -4.912902116775512695e-01 7.466198801994323730e-01 1.348732829093933105e+00 8.880239725112915039e-02 -8.066821098327636719e-01 -5.839328765869140625e-01 -1.238407611846923828e+00 8.894405364990234375e-01 3.278670310974121094e-01 -3.174202442169189453e-01 9.878138303756713867e-01
4.554129242897033691e-01 -4.907715916633605957e-01 7.425826787948608398e-01 1.339224219322204590e+00 8.828818798065185547e-02 -8.048651218414306641e-01 -5.869686603546142578e-01 -1.227538943290710449e+00 8.857849836349487305e-01 3.329304754734039307e-01 -3.233425021171569824e-01 9.702266454696655273e-01
4.645371437072753906e-01 -4.882729649543762207e-01 7.387254238128662109e-01 1.331209301948547363e+00 8.796989917755126953e-02 -8.045518398284912109e-01 -5.873788595199584961e-01 -1.224699258804321289e+00 8.810964226722717285e-01 3.376576304435729980e-01 -3.308435082435607910e-01 9.533240795135498047e-01
4.761978387832641602e-01 -4.929167032241821289e-01 7.282339334487915039e-01 1.309328794479370117e+00 7.083907723426818848e-02 -8.041486144065856934e-01 -5.903689265251159668e-01 -1.206593036651611328e+00 8.763598203659057617e-01 3.328545093536376953e-01 -3.477754294872283936e-01 9.308015704154968262e-01
4.852012991905212402e-01 -4.950726330280303955e-01 7.206353545188903809e-01 1.301954984664916992e+00 6.420072913169860840e-02 -8.014545440673828125e-01 -5.946407914161682129e-01 -1.204688191413879395e+00 8.720402121543884277e-01 3.347556591033935547e-01 -3.572498559951782227e-01 9.202228784561157227e-01
4.857189655303955078e-01 -4.947605431079864502e-01 7.205730676651000977e-01 1.300492405891418457e+00 6.996160745620727539e-02 -8.000075817108154297e-01 -5.961372256278991699e-01 -1.201539039611816406e+00 8.713384866714477539e-01 3.398899734020233154e-01 -3.538026809692382812e-01 9.033656120300292969e-01
4.884344339370727539e-01 -4.917471408843994141e-01 7.210119366645812988e-01 1.283100605010986328e+00 7.314650714397430420e-02 -8.001432418823242188e-01 -5.953153967857360840e-01 -1.181001424789428711e+00 8.693907260894775391e-01 3.437589406967163086e-01 -3.549755513668060303e-01 8.795483112335205078e-01
4.932595491409301758e-01 -4.931192398071289062e-01 7.165297269821166992e-01 1.269388198852539062e+00 7.130904495716094971e-02 -7.978066802024841309e-01 -5.981560945510864258e-01 -1.179717063903808594e+00 8.668338060379028320e-01 3.465063571929931641e-01 -3.588489294052124023e-01 8.704310059547424316e-01
4.976562261581420898e-01 -4.860182404518127441e-01 7.188705801963806152e-01 1.245825171470642090e+00 7.902336120605468750e-02 -7.995970249176025391e-01 -5.955216884613037109e-01 -1.161791086196899414e+00 8.636282086372375488e-01 3.529115915298461914e-01 -3.595361709594726562e-01 8.498804569244384766e-01
5.020540356636047363e-01 -4.748697280883789062e-01 7.225967049598693848e-01 1.224024295806884766e+00 1.053950786590576172e-01 -7.955886125564575195e-01 -5.962874889373779297e-01 -1.148829936981201172e+00 8.587009310722351074e-01 3.759130835533142090e-01 -3.492580056190490723e-01 8.390708565711975098e-01
5.078120827674865723e-01 -4.683911204338073730e-01 7.234916687011718750e-01 1.207690834999084473e+00 1.284291744232177734e-01 -7.890739440917968750e-01 -6.013088822364807129e-01 -1.123941659927368164e+00 8.520948886871337891e-01 3.979818522930145264e-01 -3.404337167739868164e-01 8.133528232574462891e-01
5.045247077941894531e-01 -4.733542501926422119e-01 7.217957377433776855e-01 1.209937214851379395e+00 1.376036405563354492e-01 -7.810796499252319336e-01 -6.084862351417541504e-01 -1.128348588943481445e+00 8.525373339653015137e-01 4.064923822879791260e-01 -3.291249871253967285e-01 8.071602582931518555e-01
5.105769038200378418e-01 -4.753180742263793945e-01 7.163445353507995605e-01 1.213935494422912598e+00 1.462750136852264404e-01 -7.729896903038024902e-01 -6.169793605804443359e-01 -1.136690735816955566e+00 8.472493886947631836e-01 4.197133183479309082e-01 -3.252020180225372314e-01 7.918637990951538086e-01
5.184324383735656738e-01 -4.713746309280395508e-01 7.135493755340576172e-01 1.199360966682434082e+00 1.579996049404144287e-01 -7.670251131057739258e-01 -6.213978528976440430e-01 -1.104803085327148438e+00 8.403538465499877930e-01 4.347329139709472656e-01 -3.236082792282104492e-01 7.821131944656372070e-01
5.242369771003723145e-01 -4.722568988800048828e-01 7.086915969848632812e-01 1.197208762168884277e+00 1.561434864997863770e-01 -7.644676566123962402e-01 -6.253640055656433105e-01 -1.108874082565307617e+00 8.372198343276977539e-01 4.388995170593261719e-01 -3.270738124847412109e-01 7.666394114494323730e-01
5.276902914047241211e-01 -4.790971875190734863e-01 7.020654082298278809e-01 1.192811369895935059e+00 1.521271467208862305e-01 -7.595328092575073242e-01 -6.328845024108886719e-01 -1.119855523109436035e+00 8.356178998947143555e-01 4.404429793357849121e-01 -3.281118869781494141e-01 7.472640872001647949e-01
5.284706354141235352e-01 -4.832045733928680420e-01 6.974611878395080566e-01 1.195119380950927734e+00 1.508848667144775391e-01 -7.554619908332824707e-01 -6.374882459640502930e-01 -1.116896271705627441e+00 8.349744677543640137e-01 4.421156048774719238e-01 -3.263536989688873291e-01 7.378233075141906738e-01
5.240176916122436523e-01 -4.907431602478027344e-01 6.961830854415893555e-01 1.198881268501281738e+00 1.538951992988586426e-01 -7.490087151527404785e-01 -6.437515020370483398e-01 -1.131177306175231934e+00 8.378170728683471680e-01 4.447526335716247559e-01 -3.170009851455688477e-01 7.371550202369689941e-01
5.147775411605834961e-01 -4.977970719337463379e-01 6.974846720695495605e-01 1.210881829261779785e+00 1.436913311481475830e-01 -7.525281906127929688e-01 -6.429077386856079102e-01 -1.133085250854492188e+00 8.451640009880065918e-01 4.314933419227600098e-01 -3.163590431213378906e-01 7.072840929031372070e-01
