9.372611641883850098e-01 -3.173750638961791992e-01 1.463012695312500000e-01 4.319947063922882080e-01 -1.449892818927764893e-01 -7.344233393669128418e-01 -6.631273031234741211e-01 -1.705127477645874023e+00 3.180093169212341309e-01 5.999369621276855469e-01 -7.338240146636962891e-01 -4.440773427486419678e-01
9.364005327224731445e-01 -3.178505897521972656e-01 1.498716473579406738e-01 4.367384314537048340e-01 -1.424595713615417480e-01 -7.334065437316894531e-01 -6.647918224334716797e-01 -1.703407764434814453e+00 3.211969733238220215e-01 6.012578010559082031e-01 -7.318323254585266113e-01 -4.421752393245697021e-01
9.356806278228759766e-01 -3.196560740470886230e-01 1.486145257949829102e-01 4.351950585842132568e-01 -1.435253024101257324e-01 -7.306888699531555176e-01 -6.673699021339416504e-01 -1.707250833511352539e+00 3.218103647232055664e-01 6.031821966171264648e-01 -7.297813892364501953e-01 -4.403633773326873779e-01
9.357625842094421387e-01 -3.209912776947021484e-01 1.469169259071350098e-01 4.313793480396270752e-01 -1.449530124664306641e-01 -7.286748886108398438e-01 -6.693497300148010254e-01 -1.707597494125366211e+00 3.219988942146301270e-01 6.050770282745361328e-01 -7.286483645439147949e-01 -4.364475905895233154e-01
9.366315007209777832e-01 -3.176132440567016602e-01 1.497074365615844727e-01 4.357093274593353271e-01 -1.414407491683959961e-01 -7.312524318695068359e-01 -6.673209667205810547e-01 -1.703372120857238770e+00 3.215619027614593506e-01 6.038302183151245117e-01 -7.296372652053833008e-01 -4.361217916011810303e-01
9.382632374763488770e-01 -3.124364614486694336e-01 1.484026610851287842e-01 4.295667707920074463e-01 -1.363875269889831543e-01 -7.286796569824218750e-01 -6.710782647132873535e-01 -1.699825167655944824e+00 3.176996707916259766e-01 6.097103357315063477e-01 -7.265461683273315430e-01 -4.286161661148071289e-01
9.383400678634643555e-01 -3.120592236518859863e-01 1.491498947143554688e-01 4.310186207294464111e-01 -1.368444561958312988e-01 -7.303283810615539551e-01 -6.695134043693542480e-01 -1.696354985237121582e+00 3.177045583724975586e-01 6.074435710906982422e-01 -7.277655601501464844e-01 -4.300395548343658447e-01
9.387327432632446289e-01 -3.093476295471191406e-01 1.509693264961242676e-01 4.321694374084472656e-01 -1.339535713195800781e-01 -7.324157953262329102e-01 -6.675397157669067383e-01 -1.693438529968261719e+00 3.174034059047698975e-01 6.064534783363342285e-01 -7.287493348121643066e-01 -4.320337176322937012e-01
9.373987317085266113e-01 -3.140136599540710449e-01 1.509172469377517700e-01 4.354843795299530029e-01 -1.372448801994323730e-01 -7.312864661216735840e-01 -6.676415205001831055e-01 -1.701085329055786133e+00 3.201870322227478027e-01 6.050949692726135254e-01 -7.288527488708496094e-01 -4.287573397159576416e-01
9.390896558761596680e-01 -3.098709583282470703e-01 1.495628654956817627e-01 4.275954961776733398e-01 -1.333995759487152100e-01 -7.289594411849975586e-01 -6.716511845588684082e-01 -1.698007822036743164e+00 3.169876337051391602e-01 6.109209656715393066e-01 -7.257041931152343750e-01 -4.281372129917144775e-01
9.345785379409790039e-01 -3.183428049087524414e-01 1.577194333076477051e-01 4.287143349647521973e-01 -1.360987424850463867e-01 -7.313641309738159180e-01 -6.678134799003601074e-01 -1.690544009208679199e+00 3.285839557647705078e-01 6.028908491134643555e-01 -7.274296283721923828e-01 -4.252277314662933350e-01
9.326941967010498047e-01 -3.175570368766784668e-01 1.709790378808975220e-01 4.334703385829925537e-01 -1.272664070129394531e-01 -7.327308654785156250e-01 -6.683585047721862793e-01 -1.691560506820678711e+00 3.376238346099853516e-01 6.012417078018188477e-01 -7.238480448722839355e-01 -4.189288318157196045e-01
9.286920428276062012e-01 -3.225154280662536621e-01 1.845925748348236084e-01 4.304289519786834717e-01 -1.225418448448181152e-01 -7.356027960777282715e-01 -6.664303541183471680e-01 -1.683306932449340820e+00 3.509303331375122070e-01 5.958212614059448242e-01 -7.225463390350341797e-01 -3.990989029407501221e-01
9.230304956436157227e-01 -3.288306295871734619e-01 2.002717554569244385e-01 4.066241681575775146e-01 -1.188738346099853516e-01 -7.380983233451843262e-01 -6.643784046173095703e-01 -1.655860900878906250e+00 3.662092685699462891e-01 5.894422531127929688e-01 -7.206535935401916504e-01 -3.922519385814666748e-01
9.146521091461181641e-01 -3.402643203735351562e-01 2.176885008811950684e-01 4.260230362415313721e-01 -1.132023259997367859e-01 -7.332134246826171875e-01 -6.701918840408325195e-01 -1.680318713188171387e+00 3.875856101512908936e-01 5.883155465126037598e-01 -7.094889879226684570e-01 -3.891280889511108398e-01
9.056358933448791504e-01 -3.553065359592437744e-01 2.298778593540191650e-01 4.083633422851562500e-01 -1.133424639701843262e-01 -7.270132303237915039e-01 -6.771523356437683105e-01 -1.669645309448242188e+00 4.078922271728515625e-01 5.878286957740783691e-01 -6.990487575531005859e-01 -3.671448528766632080e-01
9.009893536567687988e-01 -3.636749982833862305e-01 2.357873022556304932e-01 4.027632474899291992e-01 -1.127785518765449524e-01 -7.218868136405944824e-01 -6.824921369552612305e-01 -1.671500086784362793e+00 4.183936417102813721e-01 5.884088277816772461e-01 -6.915637850761413574e-01 -3.564494848251342773e-01
8.969853520393371582e-01 -3.725035786628723145e-01 2.374467551708221436e-01 3.948704302310943604e-01 -1.152800172567367554e-01 -7.165778279304504395e-01 -6.882585287094116211e-01 -1.670911788940429688e+00 4.265973865985870361e-01 5.901698470115661621e-01 -6.853616833686828613e-01 -3.391661643981933594e-01
8.881640434265136719e-01 -3.808545470237731934e-01 2.569341063499450684e-01 4.006058275699615479e-01 -1.066006720066070557e-01 -7.149127721786499023e-01 -6.911146640777587891e-01 -1.651329398155212402e+00 4.466898143291473389e-01 5.866075158119201660e-01 -6.753478050231933594e-01 -3.147302865982055664e-01
8.840477466583251953e-01 -3.885136842727661133e-01 2.589353322982788086e-01 3.873257935047149658e-01 -1.087055206298828125e-01 -7.104085087776184082e-01 -6.951513886451721191e-01 -1.654246807098388672e+00 4.539903104305267334e-01 5.868853330612182617e-01 -6.705014109611511230e-01 -3.058632910251617432e-01
8.783545494079589844e-01 -3.967940211296081543e-01 2.666790485382080078e-01 3.832272589206695557e-01 -1.058582067489624023e-01 -7.050058841705322266e-01 -7.012631893157958984e-01 -1.650837182998657227e+00 4.662493765354156494e-01 5.875067710876464844e-01 -6.612579226493835449e-01 -2.760879695415496826e-01
8.756024241447448730e-01 -3.982675969600677490e-01 2.727380394935607910e-01 3.790322840213775635e-01 -1.007795333862304688e-01 -7.034806013107299805e-01 -7.035433650016784668e-01 -1.642169713973999023e+00 4.721403121948242188e-01 5.888526439666748047e-01 -6.561397314071655273e-01 -2.614374160766601562e-01
8.718255162239074707e-01 -4.026744663715362549e-01 2.792906761169433594e-01 3.736064434051513672e-01 -9.917621314525604248e-02 -7.025088667869567871e-01 -7.045525312423706055e-01 -1.636054992675781250e+00 4.800384938716888428e-01 5.866197347640991211e-01 -6.525229811668395996e-01 -2.408109307289123535e-01
8.638529181480407715e-01 -4.097825288772583008e-01 2.938931584358215332e-01 3.812278509140014648e-01 -9.733545780181884766e-02 -7.067843675613403320e-01 -7.004677653312683105e-01 -1.623603701591491699e+00 4.951457381248474121e-01 5.760632753372192383e-01 -6.504392623901367188e-01 -2.196198403835296631e-01
8.624770045280456543e-01 -4.150125086307525635e-01 2.892448008060455322e-01 3.595798909664154053e-01 -9.984028339385986328e-02 -6.999896764755249023e-01 -7.066221237182617188e-01 -1.633165955543518066e+00 4.958693683147430420e-01 5.808006525039672852e-01 -6.454217433929443359e-01 -2.013523578643798828e-01
8.517589569091796875e-01 -4.261103272438049316e-01 3.048760294914245605e-01 3.738186657428741455e-01 -1.007431745529174805e-01 -7.039191126823425293e-01 -7.028380632400512695e-01 -1.622058272361755371e+00 5.145590305328369141e-01 5.679330229759216309e-01 -6.425926685333251953e-01 -1.739155054092407227e-01
8.451225161552429199e-01 -4.357858002185821533e-01 3.089164495468139648e-01 3.699306249618530273e-01 -1.053194403648376465e-01 -7.027930617332458496e-01 -7.033951282501220703e-01 -1.618975400924682617e+00 5.238497853279113770e-01 5.622044801712036133e-01 -6.398361325263977051e-01 -1.576242446899414062e-01
8.343905806541442871e-01 -4.490944743156433105e-01 3.201272785663604736e-01 3.668187856674194336e-01 -1.096661388874053955e-01 -7.042930722236633301e-01 -7.015773653984069824e-01 -1.618764877319335938e+00 5.405068397521972656e-01 5.503058433532714844e-01 -6.368454694747924805e-01 -1.318868994712829590e-01
8.310580849647521973e-01 -4.544797241687774658e-01 3.214448690414428711e-01 3.514786362648010254e-01 -1.098403930664062500e-01 -7.000857591629028320e-01 -7.049920558929443359e-01 -1.617211103439331055e+00 5.452355146408081055e-01 5.507599115371704102e-01 -6.320329308509826660e-01 -1.080128103494644165e-01
8.188688158988952637e-01 -4.683765172958374023e-01 3.321579694747924805e-01 3.515515029430389404e-01 -1.157308816909790039e-01 -7.016090154647827148e-01 -7.027579545974731445e-01 -1.622373938560485840e+00 5.621659755706787109e-01 5.372108221054077148e-01 -6.288658976554870605e-01 -8.017255365848541260e-02
8.136991858482360840e-01 -4.751883745193481445e-01 3.348875045776367188e-01 3.504914343357086182e-01 -1.217603832483291626e-01 -7.025842070579528809e-01 -7.012148499488830566e-01 -1.620994448661804199e+00 5.687056779861450195e-01 5.297627449035644531e-01 -6.294269561767578125e-01 -6.030907481908798218e-02
8.096890449523925781e-01 -4.749648571014404297e-01 3.448843955993652344e-01 3.579085469245910645e-01 -1.228389739990234375e-01 -7.112946510314941406e-01 -6.922959089279174805e-01 -1.604694485664367676e+00 5.741274952888488770e-01 5.182367563247680664e-01 -6.338405013084411621e-01 -4.448017477989196777e-02
8.014336228370666504e-01 -4.848498702049255371e-01 3.502891659736633301e-01 3.607529401779174805e-01 -1.295346319675445557e-01 -7.123407125473022461e-01 -6.896890997886657715e-01 -1.624588608741760254e+00 5.840719938278198242e-01 5.073269605636596680e-01 -6.339150667190551758e-01 -3.377313166856765747e-02
7.968989610671997070e-01 -4.916102886199951172e-01 3.510000705718994141e-01 3.638312518596649170e-01 -1.367415189743041992e-01 -7.126779556274414062e-01 -6.880753040313720703e-01 -1.622429251670837402e+00 5.883022546768188477e-01 5.004644393920898438e-01 -6.348373889923095703e-01 -1.285121589899063110e-02
7.958588600158691406e-01 -4.959499537944793701e-01 3.473748564720153809e-01 3.488878309726715088e-01 -1.412846446037292480e-01 -7.099589109420776367e-01 -6.898655891418457031e-01 -1.629618167877197266e+00 5.886999368667602539e-01 5.003874301910400391e-01 -6.348873376846313477e-01 1.819142699241638184e-02
7.895239591598510742e-01 -4.983961284160614014e-01 3.579054474830627441e-01 3.500061929225921631e-01 -1.415895819664001465e-01 -7.154419422149658203e-01 -6.840919256210327148e-01 -1.618071794509887695e+00 5.969486236572265625e-01 4.893335700035095215e-01 -6.359207034111022949e-01 3.032195568084716797e-02
7.900484800338745117e-01 -4.919995069503784180e-01 3.658416271209716797e-01 3.517230749130249023e-01 -1.313633620738983154e-01 -7.186759710311889648e-01 -6.828704476356506348e-01 -1.621892929077148438e+00 5.988593697547912598e-01 4.913827180862426758e-01 -6.325955986976623535e-01 4.332013800740242004e-02
7.800325751304626465e-01 -4.893846213817596436e-01 3.899259269237518311e-01 3.814389407634735107e-01 -1.143368110060691833e-01 -7.242599129676818848e-01 -6.804714202880859375e-01 -1.624760150909423828e+00 6.152321100234985352e-01 4.860644340515136719e-01 -6.208446025848388672e-01 6.275426596403121948e-02
7.791566252708435059e-01 -4.907078742980957031e-01 3.899597525596618652e-01 3.899068236351013184e-01 -1.147351264953613281e-01 -7.231833934783935547e-01 -6.809936761856079102e-01 -1.617664098739624023e+00 6.163913011550903320e-01 4.857589006423950195e-01 -6.199924349784851074e-01 7.873867452144622803e-02
7.777896523475646973e-01 -5.005910396575927734e-01 3.802064061164855957e-01 3.927891552448272705e-01 -1.212336942553520203e-01 -7.130597233772277832e-01 -6.908006668090820312e-01 -1.625644922256469727e+00 6.168707013130187988e-01 4.911588430404663086e-01 -6.151118278503417969e-01 1.269358843564987183e-01
7.813544869422912598e-01 -4.998730719089508057e-01 3.727187216281890869e-01 3.857934474945068359e-01 -1.251008808612823486e-01 -7.111590504646301270e-01 -6.917773485183715820e-01 -1.621455669403076172e+00 6.110436320304870605e-01 4.942219853401184082e-01 -6.187610626220703125e-01 1.416537165641784668e-01
7.885718941688537598e-01 -4.855487346649169922e-01 3.766706287860870361e-01 4.032315313816070557e-01 -1.131561398506164551e-01 -7.171414494514465332e-01 -6.873787641525268555e-01 -1.605606794357299805e+00 6.039287447929382324e-01 4.995699822902679443e-01 -6.204205155372619629e-01 1.676633656024932861e-01
7.906140685081481934e-01 -4.859792590141296387e-01 3.722103238105773926e-01 4.046596288681030273e-01 -1.153651475906372070e-01 -7.156119942665100098e-01 -6.888991594314575195e-01 -1.596410036087036133e+00 6.011298894882202148e-01 5.022106170654296875e-01 -6.215170621871948242e-01 1.791632920503616333e-01
7.953256964683532715e-01 -4.851343035697937012e-01 3.642747700214385986e-01 4.205471277236938477e-01 -1.114214062690734863e-01 -7.068478465080261230e-01 -6.984419822692871094e-01 -1.598801016807556152e+00 5.961693525314331055e-01 5.142514109611511230e-01 -6.166088581085205078e-01 2.137061506509780884e-01
8.005878329277038574e-01 -4.780536293983459473e-01 3.608043789863586426e-01 4.278214573860168457e-01 -1.099022030830383301e-01 -7.091990709304809570e-01 -6.960448026657104492e-01 -1.584851861000061035e+00 5.887096524238586426e-01 5.175687074661254883e-01 -6.203530430793762207e-01 2.238408029079437256e-01
8.059353828430175781e-01 -4.751798808574676514e-01 3.536114990711212158e-01 4.483211636543273926e-01 -1.074596643447875977e-01 -7.043039202690124512e-01 -7.016447186470031738e-01 -1.578569412231445312e+00 5.822929739952087402e-01 5.273115634918212891e-01 -6.189084649085998535e-01 2.601764202117919922e-01
8.135069012641906738e-01 -4.747877120971679688e-01 3.367058932781219482e-01 4.338524937629699707e-01 -1.155015006661415100e-01 -6.989340782165527344e-01 -7.061280608177185059e-01 -1.576896905899047852e+00 5.702606439590454102e-01 5.353462696075439453e-01 -6.231598258018493652e-01 2.842729091644287109e-01
8.181916475296020508e-01 -4.703458547592163086e-01 3.297484815120697021e-01 4.396058619022369385e-01 -1.224016994237899780e-01 -7.034960389137268066e-01 -6.998006701469421387e-01 -1.570143342018127441e+00 5.615162253379821777e-01 5.326068997383117676e-01 -6.335061788558959961e-01 3.131717145442962646e-01
8.228188753128051758e-01 -4.623268842697143555e-01 3.301514387130737305e-01 4.508866071701049805e-01 -1.156406998634338379e-01 -7.051140069961547852e-01 -6.993828415870666504e-01 -1.559146881103515625e+00 5.563822388648986816e-01 5.375240445137023926e-01 -6.340958476066589355e-01 3.324696719646453857e-01
8.329046964645385742e-01 -4.482432603836059570e-01 3.256170451641082764e-01 4.664032161235809326e-01 -1.132575720548629761e-01 -7.127755880355834961e-01 -6.917963027954101562e-01 -1.540480136871337891e+00 5.421854853630065918e-01 5.392153263092041016e-01 -6.445126533508300781e-01 3.652648329734802246e-01
8.369834423065185547e-01 -4.522772133350372314e-01 3.071846067905426025e-01 4.484986364841461182e-01 -1.287021636962890625e-01 -7.090830802917480469e-01 -6.931710243225097656e-01 -1.563425898551940918e+00 5.315140485763549805e-01 5.408897995948791504e-01 -6.518807411193847656e-01 3.617530763149261475e-01
8.419902324676513672e-01 -4.437441825866699219e-01 3.059019744396209717e-01 4.549324214458465576e-01 -1.233676970005035400e-01 -7.110774517059326172e-01 -6.918632984161376953e-01 -1.561675190925598145e+00 5.247590541839599609e-01 5.450034141540527344e-01 -6.542502641677856445e-01 3.815979659557342529e-01
8.459464311599731445e-01 -4.281499683856964111e-01 3.176893591880798340e-01 4.749749004840850830e-01 -1.032835245132446289e-01 -7.160030007362365723e-01 -6.900048255920410156e-01 -1.556127667427062988e+00 5.230984091758728027e-01 5.513476133346557617e-01 -6.501755118370056152e-01 4.128759801387786865e-01
8.460936546325683594e-01 -4.286675453186035156e-01 3.173265457153320312e-01 4.752666652202606201e-01 -1.019736528396606445e-01 -7.141302824020385742e-01 -6.926954984664916992e-01 -1.555011510848999023e+00 5.234231352806091309e-01 5.535636544227600098e-01 -6.481088995933532715e-01 4.317197203636169434e-01
8.457344174385070801e-01 -4.275722503662109375e-01 3.199107944965362549e-01 4.849279224872589111e-01 -9.881080687046051025e-02 -7.143900394439697266e-01 -6.928347945213317871e-01 -1.547448515892028809e+00 5.245620608329772949e-01 5.543411970138549805e-01 -6.459930539131164551e-01 4.496427178382873535e-01
8.467559218406677246e-01 -4.238203167915344238e-01 3.213576674461364746e-01 5.025833249092102051e-01 -9.357480704784393311e-02 -7.134234309196472168e-01 -6.943066716194152832e-01 -1.532414793968200684e+00 5.235168337821960449e-01 5.578405857086181641e-01 -6.436903476715087891e-01 4.888206124305725098e-01
8.455527424812316895e-01 -4.236365854740142822e-01 3.244433701038360596e-01 5.027179718017578125e-01 -9.172314405441284180e-02 -7.142919898033142090e-01 -6.936262249946594238e-01 -1.525636911392211914e+00 5.258758068084716797e-01 5.568057894706726074e-01 -6.431875228881835938e-01 4.991044998168945312e-01
8.368061184883117676e-01 -4.247251152992248535e-01 3.453016579151153564e-01 5.148522257804870605e-01 -7.860443741083145142e-02 -7.173516154289245605e-01 -6.922525763511657715e-01 -1.521163821220397949e+00 5.417019128799438477e-01 5.523404479026794434e-01 -6.335443854331970215e-01 5.235134959220886230e-01
8.329750299453735352e-01 -4.237766265869140625e-01 3.555626869201660156e-01 5.179322361946105957e-01 -7.147330045700073242e-02 -7.198696732521057129e-01 -6.901996135711669922e-01 -1.514407634735107422e+00 5.484938025474548340e-01 5.497498512268066406e-01 -6.299366354942321777e-01 5.326010584831237793e-01
8.259283304214477539e-01 -4.267036914825439453e-01 3.684352934360504150e-01 5.294999480247497559e-01 -6.601531803607940674e-02 -7.221982479095458984e-01 -6.889086365699768066e-01 -1.507850766181945801e+00 5.599124431610107422e-01 5.445497035980224609e-01 -6.249361634254455566e-01 5.499846339225769043e-01
8.137820959091186523e-01 -4.310070574283599854e-01 3.893038630485534668e-01 5.705236792564392090e-01 -6.393861770629882812e-02 -7.323914766311645508e-01 -6.774052381515502930e-01 -1.467123389244079590e+00 5.772272348403930664e-01 5.270296335220336914e-01 -6.237188577651977539e-01 5.717592835426330566e-01
8.113473653793334961e-01 -4.332958459854125977e-01 3.915818929672241211e-01 5.730673074722290039e-01 -6.842602789402008057e-02 -7.364158034324645996e-01 -6.727777719497680664e-01 -1.450190067291259766e+00 5.803441405296325684e-01 5.193362832069396973e-01 -6.274939775466918945e-01 5.768601298332214355e-01
8.082330226898193359e-01 -4.303255677223205566e-01 4.023710489273071289e-01 5.858899950981140137e-01 -6.402671337127685547e-02 -7.427325844764709473e-01 -6.664853692054748535e-01 -1.433374047279357910e+00 5.852608680725097656e-01 5.128064155578613281e-01 -6.277557015419006348e-01 5.842497944831848145e-01
7.854309082031250000e-01 -4.487575590610504150e-01 4.262186288833618164e-01 6.014621853828430176e-01 -5.086988210678100586e-02 -7.328839898109436035e-01 -6.782432198524475098e-01 -1.462448954582214355e+00 6.167721748352050781e-01 5.107686519622802734e-01 -5.986962318420410156e-01 6.224384307861328125e-01
7.790173292160034180e-01 -4.460169672966003418e-01 4.408062100410461426e-01 6.070430278778076172e-01 -4.270149767398834229e-02 -7.391999959945678711e-01 -6.723628640174865723e-01 -1.454831719398498535e+00 6.253086328506469727e-01 5.049428939819335938e-01 -5.945504903793334961e-01 6.171025037765502930e-01
7.523639202117919922e-01 -4.530737996101379395e-01 4.786060154438018799e-01 6.485180258750915527e-01 -1.918590068817138672e-02 -7.406066060066223145e-01 -6.716308593750000000e-01 -1.461482763290405273e+00 6.587195396423339844e-01 4.957727193832397461e-01 -5.659698843955993652e-01 6.392396688461303711e-01
7.333323955535888672e-01 -4.619172811508178711e-01 4.990835189819335938e-01 6.622378230094909668e-01 -6.466340273618698120e-03 -7.382732033729553223e-01 -6.738823652267456055e-01 -1.468163132667541504e+00 6.797978878021240234e-01 4.911645054817199707e-01 -5.447888374328613281e-01 6.704237461090087891e-01
6.999647617340087891e-01 -4.683099687099456787e-01 5.397484302520751953e-01 7.046892642974853516e-01 2.963244915008544922e-02 -7.357360124588012695e-01 -6.763047575950622559e-01 -1.490242123603820801e+00 7.138576507568359375e-01 4.893452525138854980e-01 -5.008831620216369629e-01 7.108538746833801270e-01
6.867676377296447754e-01 -4.724418818950653076e-01 5.525354146957397461e-01 7.199034690856933594e-01 3.056003153324127197e-02 -7.407607436180114746e-01 -6.710951924324035645e-01 -1.485532760620117188e+00 7.258493900299072266e-01 4.778957962989807129e-01 -4.944616556167602539e-01 6.890079975128173828e-01
6.573545932769775391e-01 -4.863179922103881836e-01 5.757551193237304688e-01 7.437450289726257324e-01 4.183685779571533203e-02 -7.389285564422607422e-01 -6.727236509323120117e-01 -1.472700357437133789e+00 7.526665925979614258e-01 4.656823575496673584e-01 -4.652044475078582764e-01 7.289917469024658203e-01
6.451852321624755859e-01 -4.950508475303649902e-01 5.819931030273437500e-01 7.496808171272277832e-01 4.476617276668548584e-02 -7.355968952178955078e-01 -6.756743192672729492e-01 -1.468900322914123535e+00 7.626211643218994141e-01 4.618453383445739746e-01 -4.523000717163085938e-01 7.460560202598571777e-01
6.299134492874145508e-01 -5.029609203338623047e-01 5.919820070266723633e-01 7.636382579803466797e-01 4.904672503471374512e-02 -7.350157499313354492e-01 -6.763604879379272461e-01 -1.470501422882080078e+00 7.750494480133056641e-01 4.553246796131134033e-01 -4.382708370685577393e-01 7.600141167640686035e-01
6.105917692184448242e-01 -5.042502880096435547e-01 6.102756261825561523e-01 7.898783683776855469e-01 6.266170740127563477e-02 -7.379425764083862305e-01 -6.718292236328125000e-01 -1.468449831008911133e+00 7.887167930603027344e-01 4.486775398254394531e-01 -4.195023775100708008e-01 7.828546166419982910e-01
6.033742427825927734e-01 -5.003848075866699219e-01 6.213921904563903809e-01 8.037366867065429688e-01 7.221740484237670898e-02 -7.413212656974792480e-01 -6.673050522804260254e-01 -1.466122031211853027e+00 7.945021390914916992e-01 4.473232626914978027e-01 -4.109671711921691895e-01 7.971839904785156250e-01
5.899710655212402344e-01 -5.113368034362792969e-01 6.243165135383605957e-01 8.257548809051513672e-01 6.388103961944580078e-02 -7.411720752716064453e-01 -6.676664948463439941e-01 -1.462365031242370605e+00 8.046142458915710449e-01 4.338145256042480469e-01 -4.049596488475799561e-01 8.157821297645568848e-01
5.925632715225219727e-01 -5.189362168312072754e-01 6.159791350364685059e-01 8.231971263885498047e-01 5.766555666923522949e-02 -7.354948520660400391e-01 -6.749139428138732910e-01 -1.476491451263427734e+00 8.037936687469482422e-01 4.352455735206604004e-01 -4.057782292366027832e-01 8.220531940460205078e-01
5.805993676185607910e-01 -5.142776966094970703e-01 6.309576034545898438e-01 8.425290584564208984e-01 6.815871596336364746e-02 -7.416349649429321289e-01 -6.674094200134277344e-01 -1.468296289443969727e+00 8.110067248344421387e-01 4.306252598762512207e-01 -3.953454494476318359e-01 8.360570073127746582e-01
5.719245076179504395e-01 -5.197451114654541016e-01 6.349864006042480469e-01 8.538540601730346680e-01 7.174040377140045166e-02 -7.393682003021240234e-01 -6.697909235954284668e-01 -1.473780632019042969e+00 8.173024654388427734e-01 4.287405610084533691e-01 -3.857403397560119629e-01 8.572935461997985840e-01
5.622312426567077637e-01 -5.266981124877929688e-01 6.375058889389038086e-01 8.830924630165100098e-01 6.922847032546997070e-02 -7.386616468429565430e-01 -6.708090305328369141e-01 -1.481295943260192871e+00 8.240678906440734863e-01 4.215323626995086670e-01 -3.788027465343475342e-01 8.754755258560180664e-01
5.594073534011840820e-01 -5.241272449493408203e-01 6.419872641563415527e-01 8.969299793243408203e-01 7.001876831054687500e-02 -7.418962121009826660e-01 -6.664438247680664062e-01 -1.462518692016601562e+00 8.262862563133239746e-01 4.176585972309112549e-01 -3.786143064498901367e-01 8.857641220092773438e-01
5.546388626098632812e-01 -5.248523354530334473e-01 6.450291275978088379e-01 9.159380793571472168e-01 6.260919570922851562e-02 -7.471654415130615234e-01 -6.615512967109680176e-01 -1.449090003967285156e+00 8.294534683227539062e-01 4.072756767272949219e-01 -3.819154500961303711e-01 9.076636433601379395e-01
5.517914295196533203e-01 -5.224155187606811523e-01 6.498875617980957031e-01 9.250702261924743652e-01 5.987262725830078125e-02 -7.528188228607177734e-01 -6.553974151611328125e-01 -1.441165804862976074e+00 8.318310976028442383e-01 4.006298184394836426e-01 -3.842601776123046875e-01 9.163667559623718262e-01
5.442793965339660645e-01 -5.188240408897399902e-01 6.597014069557189941e-01 9.512931704521179199e-01 6.373581290245056152e-02 -7.581033706665039062e-01 -6.490145325660705566e-01 -1.448189020156860352e+00 8.365959525108337402e-01 3.950070142745971680e-01 -3.793810606002807617e-01 9.386807084083557129e-01
5.393007993698120117e-01 -5.249806642532348633e-01 6.584114432334899902e-01 9.583635330200195312e-01 6.523656845092773438e-02 -7.532982826232910156e-01 -6.544697284698486328e-01 -1.451893925666809082e+00 8.397427797317504883e-01 3.958486318588256836e-01 -3.721952140331268311e-01 9.506677389144897461e-01
5.361181497573852539e-01 -5.328808426856994629e-01 6.544929146766662598e-01 9.853992462158203125e-01 5.715773999691009521e-02 -7.507921457290649414e-01 -6.580442190170288086e-01 -1.450881004333496094e+00 8.419532775878906250e-01 3.906739950180053711e-01 -3.718406558036804199e-01 9.688073992729187012e-01
5.337684750556945801e-01 -5.334329009056091309e-01 6.564849019050598145e-01 1.005329847335815430e+00 6.433191895484924316e-02 -7.481018900871276855e-01 -6.602820754051208496e-01 -1.457961440086364746e+00 8.434447050094604492e-01 3.945825695991516113e-01 -3.647310733795166016e-01 9.823623299598693848e-01
5.290201306343078613e-01 -5.335988402366638184e-01 6.595641374588012695e-01 1.037752747535705566e+00 6.999337673187255859e-02 -7.473136186599731445e-01 -6.608862280845642090e-01 -1.447272539138793945e+00 8.458231091499328613e-01 3.957940638065338135e-01 -3.582449257373809814e-01 1.006702780723571777e+00
5.267863273620605469e-01 -5.359374284744262695e-01 6.599073410034179688e-01 1.051383733749389648e+00 5.499398708343505859e-02 -7.531856298446655273e-01 -6.557078957557678223e-01 -1.419073700904846191e+00 8.481050729751586914e-01 3.817347288131713867e-01 -3.670254349708557129e-01 1.024678707122802734e+00
5.301590561866760254e-01 -5.396896600723266602e-01 6.539715528488159180e-01 1.068369507789611816e+00 6.355929374694824219e-02 -7.436142563819885254e-01 -6.653088331222534180e-01 -1.438286781311035156e+00 8.455832004547119141e-01 3.943048119544982910e-01 -3.598741292953491211e-01 1.046473860740661621e+00
5.281311273574829102e-01 -5.355844497680664062e-01 6.590989232063293457e-01 1.086025953292846680e+00 6.336843967437744141e-02 -7.488479614257812500e-01 -6.594955325126647949e-01 -1.414166688919067383e+00 8.467012643814086914e-01 3.901694416999816895e-01 -3.613623380661010742e-01 1.046173810958862305e+00
5.279074311256408691e-01 -5.421957373619079590e-01 6.536259651184082031e-01 1.109738111495971680e+00 7.545483112335205078e-02 -7.365512251853942871e-01 -6.717349290847778320e-01 -1.424801230430603027e+00 8.457506895065307617e-01 4.040102958679199219e-01 -3.479803800582885742e-01 1.068409562110900879e+00
5.269997119903564453e-01 -5.414470434188842773e-01 6.547696590423583984e-01 1.118413805961608887e+00 6.910499930381774902e-02 -7.409771680831909180e-01 -6.680129170417785645e-01 -1.407325744628906250e+00 8.469685912132263184e-01 3.974011540412902832e-01 -3.532550334930419922e-01 1.068969964981079102e+00
5.301103591918945312e-01 -5.408847928047180176e-01 6.529985070228576660e-01 1.142370700836181641e+00 7.067024707794189453e-02 -7.391999959945678711e-01 -6.697396636009216309e-01 -1.404484748840332031e+00 8.448101282119750977e-01 4.012923538684844971e-01 -3.536812067031860352e-01 1.074464678764343262e+00
5.313857197761535645e-01 -5.385005474090576172e-01 6.538612246513366699e-01 1.149074196815490723e+00 7.495570182800292969e-02 -7.391762733459472656e-01 -6.690138578414916992e-01 -1.394117474555969238e+00 8.438525795936584473e-01 4.046612977981567383e-01 -3.524946570396423340e-01 1.086992263793945312e+00
5.333773493766784668e-01 -5.418429374694824219e-01 6.496827006340026855e-01 1.169900178909301758e+00 6.222271919250488281e-02 -7.405176758766174316e-01 -6.689807176589965820e-01 -1.386303424835205078e+00 8.433566689491271973e-01 3.972687125205993652e-01 -3.612073063850402832e-01 1.085051298141479492e+00
5.258052349090576172e-01 -5.407856702804565430e-01 6.568073630332946777e-01 1.197129964828491211e+00 5.739460885524749756e-02 -7.481500506401062012e-01 -6.612238287925720215e-01 -1.375928282737731934e+00 8.488934040069580078e-01 3.854886293411254883e-01 -3.618644773960113525e-01 1.072723150253295898e+00
5.214120745658874512e-01 -5.413881540298461914e-01 6.598466038703918457e-01 1.197009563446044922e+00 6.240069866180419922e-02 -7.468448877334594727e-01 -6.619677543640136719e-01 -1.373901963233947754e+00 8.507693409919738770e-01 3.865820467472076416e-01 -3.553543090820312500e-01 1.078318834304809570e+00
5.059120655059814453e-01 -5.395615696907043457e-01 6.732886433601379395e-01 1.228520631790161133e+00 6.663900613784790039e-02 -7.537157535552978516e-01 -6.537588834762573242e-01 -1.364598870277404785e+00 8.601295948028564453e-01 3.752782344818115234e-01 -3.452620208263397217e-01 1.071398138999938965e+00
4.991577267646789551e-01 -5.420137643814086914e-01 6.757923364639282227e-01 1.243329644203186035e+00 6.585080921649932861e-02 -7.541462182998657227e-01 -6.536683440208435059e-01 -1.362525701522827148e+00 8.642710447311401367e-01 3.703374862670898438e-01 -3.406708240509033203e-01 1.063190698623657227e+00
4.836210608482360840e-01 -5.470709800720214844e-01 6.830453276634216309e-01 1.271820068359375000e+00 8.108299970626831055e-02 -7.491553425788879395e-01 -6.571453213691711426e-01 -1.354557394981384277e+00 8.717368841171264648e-01 3.734135031700134277e-01 -3.180418610572814941e-01 1.096574068069458008e+00
4.816803932189941406e-01 -5.481464266777038574e-01 6.839632987976074219e-01 1.274431467056274414e+00 7.218909263610839844e-02 -7.527417540550231934e-01 -6.541768312454223633e-01 -1.350439667701721191e+00 8.731999993324279785e-01 3.646775484085083008e-01 -3.232824504375457764e-01 1.055373549461364746e+00
4.708230793476104736e-01 -5.399829745292663574e-01 6.973410248756408691e-01 1.282758951187133789e+00 7.560406625270843506e-02 -7.631066441535949707e-01 -6.417129635810852051e-01 -1.327115416526794434e+00 8.789370059967041016e-01 3.548831939697265625e-01 -3.183906078338623047e-01 1.045989632606506348e+00
4.655025005340576172e-01 -5.379999279975891113e-01 7.023553252220153809e-01 1.288971304893493652e+00 7.869136333465576172e-02 -7.652289271354675293e-01 -6.388527750968933105e-01 -1.326190471649169922e+00 8.813825845718383789e-01 3.528127074241638184e-01 -3.141827583312988281e-01 1.046887159347534180e+00
4.586810469627380371e-01 -5.268924236297607422e-01 7.156056761741638184e-01 1.310495734214782715e+00 9.214651584625244141e-02 -7.728356122970581055e-01 -6.279401183128356934e-01 -1.315272688865661621e+00 8.839584589004516602e-01 3.538737297058105469e-01 -3.060633540153503418e-01 1.047009944915771484e+00
4.524878859519958496e-01 -5.186873674392700195e-01 7.253556847572326660e-01 1.321979403495788574e+00 1.037641167640686035e-01 -7.774040699005126953e-01 -6.203626990318298340e-01 -1.301074147224426270e+00 8.856222629547119141e-01 3.561967611312866211e-01 -2.978752851486206055e-01 1.048160552978515625e+00
4.559186100959777832e-01 -5.119066238403320312e-01 7.277574539184570312e-01 1.320322871208190918e+00 1.007084250450134277e-01 -7.824536561965942383e-01 -6.138961315155029297e-01 -1.288108110427856445e+00 8.841127753257751465e-01 3.532538414001464844e-01 -3.049728870391845703e-01 1.012136697769165039e+00
4.540112316608428955e-01 -5.102927088737487793e-01 7.303717732429504395e-01 1.325622200965881348e+00 1.008630394935607910e-01 -7.851184606552124023e-01 -6.113667488098144531e-01 -1.282970190048217773e+00 8.852080702781677246e-01 3.512803912162780762e-01 -3.048362135887145996e-01 1.013644456863403320e+00
4.429600238800048828e-01 -5.100404024124145508e-01 7.370741963386535645e-01 1.343952059745788574e+00 1.027787551283836365e-01 -7.880309820175170898e-01 -6.069986224174499512e-01 -1.260923385620117188e+00 8.905852437019348145e-01 3.447187542915344238e-01 -2.966533899307250977e-01 1.024431347846984863e+00
4.476642012596130371e-01 -4.995941817760467529e-01 7.416647672653198242e-01 1.340661048889160156e+00 1.021168902516365051e-01 -7.952994108200073242e-01 -5.975731611251831055e-01 -1.248709678649902344e+00 8.881655335426330566e-01 3.430622220039367676e-01 -3.050298690795898438e-01 1.012926697731018066e+00
4.576024413108825684e-01 -4.896998405456542969e-01 7.422161102294921875e-01 1.337152004241943359e+00 9.304669499397277832e-02 -8.036121726036071777e-01 -5.874084234237670898e-01 -1.238118529319763184e+00 8.843693733215332031e-01 3.381626009941101074e-01 -3.222931623458862305e-01 9.914256930351257324e-01
4.614547193050384521e-01 -4.846111536026000977e-01 7.434125542640686035e-01 1.342096686363220215e+00 9.121552109718322754e-02 -8.073905110359191895e-01 -5.827240347862243652e-01 -1.235462427139282227e+00 8.824954032897949219e-01 3.365197181701660156e-01 -3.282988667488098145e-01 9.677528738975524902e-01
4.630419909954071045e-01 -4.848202466964721680e-01 7.420932650566101074e-01 1.334113478660583496e+00 9.091728925704956055e-02 -8.067693710327148438e-01 -5.839657783508300781e-01 -1.230252265930175781e+00 8.817906975746154785e-01 3.379477262496948242e-01 -3.296099305152893066e-01 9.612175822257995605e-01
4.663618803024291992e-01 -4.861572980880737305e-01 7.387191653251647949e-01 1.336854696273803711e+00 9.028190374374389648e-02 -8.046206235885620117e-01 -5.870720744132995605e-01 -1.229906558990478516e+00 8.799223303794860840e-01 3.404151797294616699e-01 -3.313413262367248535e-01 9.514272809028625488e-01
4.734120070934295654e-01 -4.831615686416625977e-01 7.365065813064575195e-01 1.330693244934082031e+00 8.989428728818893433e-02 -8.055389523506164551e-01 -5.859932899475097656e-01 -1.222000598907470703e+00 8.763373494148254395e-01 3.436000645160675049e-01 -3.378762304782867432e-01 9.434905052185058594e-01
4.897112846374511719e-01 -4.852186441421508789e-01 7.244999408721923828e-01 1.309556484222412109e+00 7.539582252502441406e-02 -8.041152954101562500e-01 -5.899073481559753418e-01 -1.210180997848510742e+00 8.687354326248168945e-01 3.433341979980468750e-01 -3.571060299873352051e-01 9.214712977409362793e-01
4.977141916751861572e-01 -4.863398075103759766e-01 7.185195088386535645e-01 1.300479531288146973e+00 7.224804162979125977e-02 -8.020965456962585449e-01 -5.925990939140319824e-01 -1.206425547599792480e+00 8.638519644737243652e-01 3.469932675361633301e-01 -3.641910254955291748e-01 9.081017971038818359e-01
5.044907331466674805e-01 -4.809235632419586182e-01 7.169134020805358887e-01 1.287745237350463867e+00 7.361662387847900391e-02 -8.035222291946411133e-01 -5.908653736114501953e-01 -1.189592123031616211e+00 8.603206276893615723e-01 3.512622714042663574e-01 -3.700275421142578125e-01 8.880445361137390137e-01
5.058106184005737305e-01 -4.819525778293609619e-01 7.151997089385986328e-01 1.288231849670410156e+00 8.798190951347351074e-02 -7.959598302841186523e-01 -5.990345478057861328e-01 -1.203811407089233398e+00 8.579701781272888184e-01 3.656220436096191406e-01 -3.601896762847900391e-01 8.709869980812072754e-01
5.079097747802734375e-01 -4.801468849182128906e-01 7.153018712997436523e-01 1.275845408439636230e+00 8.478021621704101562e-02 -7.986775636672973633e-01 -5.957708954811096191e-01 -1.189699411392211914e+00 8.573104143142700195e-01 3.629116117954254150e-01 -3.653854429721832275e-01 8.625309467315673828e-01
5.146893858909606934e-01 -4.649601876735687256e-01 7.198318839073181152e-01 1.248346328735351562e+00 8.826178312301635742e-02 -8.067461848258972168e-01 -5.845031738281250000e-01 -1.149667739868164062e+00 8.527486324310302734e-01 3.647253215312957764e-01 -3.741286993026733398e-01 8.418180346488952637e-01
5.108238458633422852e-01 -4.599448144435882568e-01 7.259543538093566895e-01 1.229452848434448242e+00 1.146448627114295959e-01 -8.007923960685729980e-01 -5.882443785667419434e-01 -1.142475128173828125e+00 8.517903089523315430e-01 3.836419284343719482e-01 -3.562307357788085938e-01 8.304029107093811035e-01
5.144405364990234375e-01 -4.502785205841064453e-01 7.301531434059143066e-01 1.214267849922180176e+00 1.387246847152709961e-01 -7.963665127754211426e-01 -5.888485312461853027e-01 -1.127370715141296387e+00 8.463411331176757812e-01 4.042328000068664551e-01 -3.469157814979553223e-01 8.064687252044677734e-01
5.160395503044128418e-01 -4.582173824310302734e-01 7.236115932464599609e-01 1.207582831382751465e+00 1.396635472774505615e-01 -7.884334325790405273e-01 -5.986112952232360840e-01 -1.133527278900146484e+00 8.450831174850463867e-01 4.102700948715209961e-01 -3.429756462574005127e-01 7.971487045288085938e-01
5.161947607994079590e-01 -4.591376781463623047e-01 7.231690287590026855e-01 1.203087925910949707e+00 1.506448984146118164e-01 -7.826278209686279297e-01 -6.042727828025817871e-01 -1.126066684722900391e+00 8.433877229690551758e-01 4.205808043479919434e-01 -3.346933126449584961e-01 7.844800353050231934e-01
5.177564024925231934e-01 -4.625609815120697021e-01 7.199460268020629883e-01 1.192861557006835938e+00 1.716268062591552734e-01 -7.680986523628234863e-01 -6.167789697647094727e-01 -1.109742522239685059e+00 8.381855487823486328e-01 4.429214000701904297e-01 -3.185091018676757812e-01 7.833153605461120605e-01
5.198788046836853027e-01 -4.600923061370849609e-01 7.200198173522949219e-01 1.187214851379394531e+00 1.687118858098983765e-01 -7.705081701278686523e-01 -6.144101619720458984e-01 -1.097391366958618164e+00 8.374658823013305664e-01 4.408580064773559570e-01 -3.230313062667846680e-01 7.756492495536804199e-01
5.224295258522033691e-01 -4.683110117912292480e-01 7.127990126609802246e-01 1.187496304512023926e+00 1.674677133560180664e-01 -7.632570266723632812e-01 -6.240018606185913086e-01 -1.100256323814392090e+00 8.359674215316772461e-01 4.452496170997619629e-01 -3.200736641883850098e-01 7.631778717041015625e-01
5.339534878730773926e-01 -4.730355739593505859e-01 7.006701827049255371e-01 1.178761124610900879e+00 1.591235995292663574e-01 -7.577114105224609375e-01 -6.325539350509643555e-01 -1.107791781425476074e+00 8.298959732055664062e-01 4.495704174041748047e-01 -3.294902443885803223e-01 7.435441613197326660e-01
5.230708122253417969e-01 -4.779618978500366211e-01 7.057663798332214355e-01 1.188181281089782715e+00 1.676330566406250000e-01 -7.539148330688476562e-01 -6.351900100708007812e-01 -1.108917474746704102e+00 8.355939388275146484e-01 4.502992630004882812e-01 -3.142093420028686523e-01 7.459420561790466309e-01
5.039689540863037109e-01 -4.875545501708984375e-01 7.129709720611572266e-01 1.186491012573242188e+00 1.501966118812561035e-01 -7.632819414138793945e-01 -6.286112070083618164e-01 -1.091885805130004883e+00 8.501119017601013184e-01 4.244294166564941406e-01 -3.116072416305541992e-01 7.282543778419494629e-01
