5.968260169029235840e-01 4.785102605819702148e-02 8.005537986755371094e-01 1.260248470306396484e+01 -4.559927433729171753e-02 9.983940720558166504e-01 -2.562522888183593750e-02 3.296737074851989746e-01 -8.009561896324157715e-01 -2.133369445800781250e-02 5.983403921127319336e-01 -1.159627676010131836e+00
6.116701960563659668e-01 5.222201347351074219e-02 7.897729873657226562e-01 1.259827041625976562e+01 -5.453324317932128906e-02 9.982523918151855469e-01 -2.377772331237792969e-02 3.017311096191406250e-01 -7.890553474426269531e-01 -2.840024232864379883e-02 6.134990453720092773e-01 -1.105481863021850586e+00
5.917805433273315430e-01 5.108577013015747070e-02 8.046158552169799805e-01 1.285866069793701172e+01 -5.288994312286376953e-02 9.981341958045959473e-01 -2.446997165679931641e-02 2.847684025764465332e-01 -8.046776056289672852e-01 -2.783161401748657227e-02 5.934132933616638184e-01 -1.023368597030639648e+00
6.070487499237060547e-01 4.366207122802734375e-02 7.934458255767822266e-01 1.276464653015136719e+01 -4.341714084148406982e-02 9.987568855285644531e-01 -2.156639099121093750e-02 3.646406829357147217e-01 -7.934384346008300781e-01 -2.168941497802734375e-02 6.080758571624755859e-01 -9.616269469261169434e-01
4.800399243831634521e-01 1.121556758880615234e-01 8.697267174720764160e-01 1.245060062408447266e+01 -6.083929538726806641e-02 9.936347007751464844e-01 -9.470930695533752441e-02 6.978200674057006836e-01 -8.747198581695556641e-01 -7.324665784835815430e-03 4.839549064636230469e-01 -1.495391368865966797e+00
5.176838636398315430e-01 1.322608441114425659e-01 8.451034426689147949e-01 1.183988761901855469e+01 -9.311306476593017578e-02 9.906609654426574707e-01 -9.808060526847839355e-02 7.572529315948486328e-01 -8.504885435104370117e-01 -2.792702987790107727e-02 5.250836610794067383e-01 -9.230487346649169922e-01
4.841320216655731201e-01 1.086444854736328125e-01 8.681812882423400879e-01 1.190927982330322266e+01 -6.514152884483337402e-02 9.939604401588439941e-01 -8.801808953285217285e-02 7.288521528244018555e-01 -8.726084232330322266e-01 -1.399230957031250000e-02 4.882884621620178223e-01 -5.916229486465454102e-01
5.781708359718322754e-01 9.772206097841262817e-02 8.101075887680053711e-01 1.078845024108886719e+01 -4.046308994293212891e-02 9.951988458633422852e-01 -9.114509820938110352e-02 7.002025246620178223e-01 -8.149795532226562500e-01 1.996478438377380371e-02 5.790123939514160156e-01 -1.053371503949165344e-01
6.831292510032653809e-01 8.617502450942993164e-02 7.251117229461669922e-01 1.009539318084716797e+01 -1.966597139835357666e-02 9.947230815887451172e-01 -9.965725988149642944e-02 5.810602903366088867e-01 -7.303783893585205078e-01 5.383374541997909546e-02 6.812237501144409180e-01 9.844984859228134155e-02
7.413852214813232422e-01 7.546854019165039062e-02 6.668782234191894531e-01 9.343273162841796875e+00 -1.519733667373657227e-02 9.951897859573364258e-01 -9.596478939056396484e-02 8.761065602302551270e-01 -6.708333492279052734e-01 6.102567911148071289e-02 7.391112446784973145e-01 1.080991506576538086e+00
7.403369545936584473e-01 1.526308059692382812e-02 6.724322438240051270e-01 9.056983947753906250e+00 -7.344685494899749756e-03 9.998859167098999023e-01 -1.482275128364562988e-02 8.698245882987976074e-01 -6.725661754608154297e-01 5.894228816032409668e-03 7.400824427604675293e-01 2.204122543334960938e+00
7.926482558250427246e-01 1.218509674072265625e-02 6.092779040336608887e-01 9.315410614013671875e+00 9.067237377166748047e-03 9.996217489242553711e-01 -3.171783685684204102e-02 6.148482561111450195e-01 -6.092656254768371582e-01 3.044533729553222656e-02 7.921706438064575195e-01 2.566322088241577148e+00
8.470723628997802734e-01 7.627390325069427490e-03 5.318740606307983398e-01 8.609530448913574219e+00 -5.264937877655029297e-03 9.998521804809570312e-01 -6.018221378326416016e-03 6.256725192070007324e-01 -5.316644310951232910e-01 2.457261085510253906e-03 8.468582630157470703e-01 3.206291675567626953e+00
8.929305672645568848e-01 3.463006019592285156e-02 4.487077593803405762e-01 7.934830665588378906e+00 -2.300471067428588867e-02 9.994870424270629883e-01 -3.148970007896423340e-02 7.374044656753540039e-01 -4.493298828601837158e-01 1.755523681640625000e-02 8.931310176849365234e-01 4.274231910705566406e+00
9.272812604904174805e-01 9.187370538711547852e-03 3.738343715667724609e-01 7.253730773925781250e+00 -3.729939460754394531e-03 9.999508261680603027e-01 -1.549863815307617188e-02 6.456058025360107422e-01 -3.738161325454711914e-01 1.277023553848266602e-02 9.269586801528930664e-01 4.345532894134521484e+00
9.507732391357421875e-01 -4.519164562225341797e-03 3.101449012756347656e-01 6.959279060363769531e+00 1.392249763011932373e-02 9.994295835494995117e-01 -2.827191352844238281e-02 7.636451721191406250e-01 -3.100791871547698975e-01 3.133440017700195312e-02 9.502317905426025391e-01 4.097977161407470703e+00
9.533741474151611328e-01 -3.419107198715209961e-02 3.007403612136840820e-01 6.600160598754882812e+00 4.718816280364990234e-02 9.982640147209167480e-01 -3.631830215454101562e-02 7.960126399993896484e-01 -2.987921237945556641e-01 4.870030283927917480e-02 9.529657363891601562e-01 4.308011054992675781e+00
9.685832858085632324e-01 -1.569676399230957031e-02 2.473144233226776123e-01 5.405034065246582031e+00 3.855228424072265625e-02 9.955497980117797852e-01 -8.840250968933105469e-02 5.876096487045288086e-01 -2.448557615280151367e-01 9.530603885650634766e-02 9.647433757781982422e-01 5.139644622802734375e+00
9.795080423355102539e-01 -1.411695778369903564e-02 2.015031427145004272e-01 4.818389415740966797e+00 2.992182970046997070e-02 9.963772296905517578e-01 -7.734799385070800781e-02 6.475285887718200684e-01 -1.995365023612976074e-01 8.173799514770507812e-02 9.765174984931945801e-01 5.277732372283935547e+00
9.845212101936340332e-01 1.030573248863220215e-02 1.723843663930892944e-01 4.333708286285400391e+00 5.112886428833007812e-03 9.961900711059570312e-01 -8.915212750434875488e-02 7.691702246665954590e-01 -1.726607084274291992e-01 8.881700038909912109e-02 9.805815815925598145e-01 5.944000720977783203e+00
9.895521998405456543e-01 1.816630363464355469e-03 1.430112719535827637e-01 3.876268863677978516e+00 3.617882728576660156e-03 9.996745586395263672e-01 -3.716313838958740234e-02 9.555614590644836426e-01 -1.430626213550567627e-01 3.706853091716766357e-02 9.892944693565368652e-01 5.793172836303710938e+00
9.951632022857666016e-01 -7.210113108158111572e-03 9.567966312170028687e-02 3.273263454437255859e+00 1.526942849159240723e-02 9.961218833923339844e-01 -8.367419242858886719e-02 9.012520313262939453e-01 -9.471806883811950684e-02 8.512029051780700684e-02 9.919590353965759277e-01 4.977199077606201172e+00
9.972896575927734375e-01 3.124684095382690430e-03 7.578125596046447754e-02 2.882433176040649414e+00 5.931541323661804199e-03 9.930039048194885254e-01 -1.192036718130111694e-01 7.441569566726684570e-01 -7.551522552967071533e-02 1.193352341651916504e-01 9.898419976234436035e-01 5.861344814300537109e+00
9.980380535125732422e-01 1.234267652034759521e-02 5.996263027191162109e-02 1.552541971206665039e+00 -5.767032504081726074e-03 9.937840700149536133e-01 -1.111803650856018066e-01 7.777617573738098145e-01 -6.100419908761978149e-02 1.105670332908630371e-01 9.917950034141540527e-01 6.024318695068359375e+00
9.991330504417419434e-01 -1.902624964714050293e-03 4.860171675682067871e-02 1.467572212219238281e+00 6.919458508491516113e-03 9.951568841934204102e-01 -1.002066284418106079e-01 8.437274694442749023e-01 -4.812927544116973877e-02 1.003664433956146240e-01 9.936847686767578125e-01 5.685188293457031250e+00
9.999836087226867676e-01 -1.974248886108398438e-02 6.929300725460052490e-03 8.534133434295654297e-01 2.041935920715332031e-02 9.956019520759582520e-01 -8.970491588115692139e-02 8.056721091270446777e-01 -5.205914378166198730e-03 8.978521823883056641e-02 9.957903027534484863e-01 5.999874591827392578e+00
9.961520433425903320e-01 -4.417702555656433105e-02 7.543067634105682373e-02 1.474052786827087402e+00 5.133655667304992676e-02 9.934983253479003906e-01 -1.028257086873054504e-01 8.766845464706420898e-01 -7.055032253265380859e-02 1.063501238822937012e-01 9.916765689849853516e-01 6.141597270965576172e+00
9.990803599357604980e-01 -4.422479867935180664e-02 -1.277501881122589111e-02 9.841407537460327148e-01 4.306137561798095703e-02 9.961940646171569824e-01 -7.048547267913818359e-02 7.724957466125488281e-01 1.565359532833099365e-02 6.989532709121704102e-02 9.976012110710144043e-01 6.125868797302246094e+00
9.912971258163452148e-01 -4.876708984375000000e-02 -1.233875751495361328e-01 -7.669072747230529785e-01 4.339247941970825195e-02 9.979142546653747559e-01 -4.558205604553222656e-02 7.651246786117553711e-01 1.250102818012237549e-01 3.960239887237548828e-02 9.914021492004394531e-01 6.736675739288330078e+00
9.803500771522521973e-01 -6.139540672302246094e-02 -1.870413422584533691e-01 -1.122735142707824707e+00 5.483207106590270996e-02 9.977670311927795410e-01 -4.057124257087707520e-02 8.101449608802795410e-01 1.885528266429901123e-01 2.958774566650390625e-02 9.816391468048095703e-01 6.564550876617431641e+00
9.907760620117187500e-01 -4.310619831085205078e-02 -1.294488906860351562e-01 -2.433828115463256836e+00 3.969892859458923340e-02 9.987541437149047852e-01 -2.824527770280838013e-02 6.462130546569824219e-01 1.305098533630371094e-01 2.263957262039184570e-02 9.911932945251464844e-01 6.706064224243164062e+00
9.997366070747375488e-01 2.333414554595947266e-02 1.964311301708221436e-02 -1.520816802978515625e+00 -2.361166477203369141e-02 1.000055909156799316e+00 4.730105400085449219e-03 3.837005198001861572e-01 -1.933634281158447266e-02 -5.221009254455566406e-03 9.997162818908691406e-01 6.247011184692382812e+00
9.845001697540283203e-01 2.327024936676025391e-02 1.743677854537963867e-01 -4.574446678161621094e-01 -2.818322181701660156e-02 9.995352625846862793e-01 2.493530511856079102e-02 2.924842238426208496e-01 -1.735453605651855469e-01 -2.955114841461181641e-02 9.846084117889404297e-01 5.789937019348144531e+00
9.923322200775146484e-01 3.020203113555908203e-02 1.221143603324890137e-01 -1.828895568847656250e+00 -3.022757172584533691e-02 9.996916055679321289e-01 -2.423465251922607422e-03 2.623644173145294189e-01 -1.224271059036254883e-01 -1.638233661651611328e-03 9.926449656486511230e-01 6.041269779205322266e+00
9.928455352783203125e-01 3.399634361267089844e-02 1.134739518165588379e-01 -2.314791679382324219e+00 -3.476691246032714844e-02 9.990100860595703125e-01 3.801852464675903320e-03 3.935231268405914307e-01 -1.130150556564331055e-01 -7.415175437927246094e-03 9.937891364097595215e-01 4.831350326538085938e+00
9.980235695838928223e-01 4.269367456436157227e-02 4.788380861282348633e-02 -3.273312568664550781e+00 -4.336571693420410156e-02 9.989900588989257812e-01 1.031106710433959961e-02 3.513284027576446533e-01 -4.739373922348022461e-02 -1.250272989273071289e-02 9.985778331756591797e-01 4.676427841186523438e+00
9.138239026069641113e-01 1.898708939552307129e-02 4.065351188182830811e-01 7.121933460235595703e+00 -2.521792054176330566e-02 9.994529485702514648e-01 9.528279304504394531e-03 4.835557043552398682e-01 -4.061485230922698975e-01 -1.901423931121826172e-02 9.137434363365173340e-01 8.919871330261230469e+00
9.170041084289550781e-01 1.846551895141601562e-02 3.981201648712158203e-01 6.947774887084960938e+00 -2.536404132843017578e-02 9.996489286422729492e-01 1.137340068817138672e-02 4.561707675457000732e-01 -3.978840112686157227e-01 -2.063292264938354492e-02 9.172459840774536133e-01 9.215922355651855469e+00
9.141638278961181641e-01 1.631444692611694336e-02 4.060139656066894531e-01 7.190562725067138672e+00 -2.515873312950134277e-02 9.994162321090698242e-01 1.703306287527084351e-02 4.165757596492767334e-01 -4.053997993469238281e-01 -2.570784091949462891e-02 9.137500524520874023e-01 9.217649459838867188e+00
9.008809328079223633e-01 1.400646567344665527e-02 4.332460761070251465e-01 7.501753807067871094e+00 -2.351790666580200195e-02 9.998072385787963867e-01 1.680350303649902344e-02 4.135937988758087158e-01 -4.330249726772308350e-01 -2.538400888442993164e-02 9.008873701095581055e-01 8.884309768676757812e+00
9.046484827995300293e-01 -1.090943813323974609e-02 4.256460666656494141e-01 8.083342552185058594e+00 3.255665302276611328e-03 1.000334143638610840e+00 1.868206262588500977e-02 4.174893200397491455e-01 -4.256968498229980469e-01 -1.543080806732177734e-02 9.047999382019042969e-01 9.204350471496582031e+00
8.741960525512695312e-01 -2.230381965637207031e-02 4.855413436889648438e-01 8.539051055908203125e+00 1.971985399723052979e-02 1.000124573707580566e+00 1.051744818687438965e-02 3.575954735279083252e-01 -4.854416847229003906e-01 4.270076751708984375e-04 8.746312856674194336e-01 8.269743919372558594e+00
8.741681575775146484e-01 -1.601245999336242676e-02 4.850692749023437500e-01 8.729293823242187500e+00 -5.745887756347656250e-05 9.993517398834228516e-01 3.302490711212158203e-02 3.957494199275970459e-01 -4.854419529438018799e-01 -2.914178371429443359e-02 8.737913370132446289e-01 7.917203426361083984e+00
8.730829954147338867e-01 -5.914211273193359375e-03 4.875106811523437500e-01 8.777645111083984375e+00 1.396650075912475586e-02 9.996433258056640625e-01 -1.291072368621826172e-02 3.726161122322082520e-01 -4.877033531665802002e-01 1.809324324131011963e-02 8.727190494537353516e-01 7.250723838806152344e+00
8.323761224746704102e-01 -1.357901096343994141e-02 5.540843009948730469e-01 8.753521919250488281e+00 3.037363290786743164e-02 9.993166327476501465e-01 -2.126729488372802734e-02 3.424052596092224121e-01 -5.535514354705810547e-01 3.440523147583007812e-02 8.320845365524291992e-01 6.634623050689697266e+00
8.295042514801025391e-01 3.266471624374389648e-02 5.576013922691345215e-01 8.603036880493164062e+00 -3.641140460968017578e-02 9.995322823524475098e-01 -4.591032862663269043e-03 1.077623069286346436e-01 -5.574969053268432617e-01 -1.660382747650146484e-02 8.302189707756042480e-01 5.598378658294677734e+00
8.393166661262512207e-01 1.466122269630432129e-02 5.434773564338684082e-01 8.135381698608398438e+00 4.931807518005371094e-03 9.994391798973083496e-01 -3.435873985290527344e-02 1.868844032287597656e-01 -5.435724854469299316e-01 3.159403800964355469e-02 8.390483856201171875e-01 5.347147941589355469e+00
8.213034272193908691e-01 4.398244619369506836e-02 5.695882439613342285e-01 7.458629608154296875e+00 -4.756331443786621094e-02 9.988870620727539062e-01 -8.454799652099609375e-03 6.183113530278205872e-02 -5.691242218017578125e-01 -1.994144916534423828e-02 8.218088746070861816e-01 4.511167049407958984e+00
8.044643998146057129e-01 6.349158287048339844e-02 5.903692245483398438e-01 7.157880783081054688e+00 -8.391708135604858398e-02 9.965339303016662598e-01 6.779730319976806641e-03 1.317009627819061279e-01 -5.876463055610656738e-01 -5.490434169769287109e-02 8.071523904800415039e-01 4.149676799774169922e+00
7.926854491233825684e-01 5.240559577941894531e-02 6.076302528381347656e-01 6.631904125213623047e+00 -6.003770232200622559e-02 9.980075359344482422e-01 -7.455587387084960938e-03 8.604571223258972168e-02 -6.067383885383605957e-01 -3.100961446762084961e-02 7.943765521049499512e-01 3.775831460952758789e+00
7.681865692138671875e-01 2.200385928153991699e-02 6.395393013954162598e-01 6.174324035644531250e+00 -4.301726818084716797e-02 9.993742704391479492e-01 1.747032999992370605e-02 7.441253960132598877e-02 -6.383963823318481445e-01 -4.082393646240234375e-02 7.683192491531372070e-01 3.339232444763183594e+00
6.823163032531738281e-01 4.996192455291748047e-02 7.293555140495300293e-01 6.609588623046875000e+00 -5.423459410667419434e-02 9.986801147460937500e-01 -1.843559741973876953e-02 -1.815767213702201843e-02 -7.289792299270629883e-01 -2.698242664337158203e-02 6.839014291763305664e-01 2.377732992172241211e+00
5.809856057167053223e-01 1.813322305679321289e-03 8.138907551765441895e-01 6.985361099243164062e+00 -5.620276927947998047e-02 9.975214600563049316e-01 3.806340694427490234e-02 2.476534992456436157e-01 -8.117332458496093750e-01 -6.793642044067382812e-02 5.801581144332885742e-01 1.588456392288208008e+00
6.443991661071777344e-01 -2.772867679595947266e-03 7.647693753242492676e-01 7.637350559234619141e+00 4.029333591461181641e-03 1.000206470489501953e+00 -1.103281974792480469e-04 1.168905347585678101e-01 -7.649491429328918457e-01 3.110259771347045898e-03 6.443908214569091797e-01 1.190765738487243652e+00
6.354189515113830566e-01 2.288787066936492920e-02 7.715543508529663086e-01 8.627938270568847656e+00 -1.544976234436035156e-02 9.994741082191467285e-01 -1.695311069488525391e-02 -6.920802593231201172e-02 -7.717589735984802246e-01 -8.627697825431823730e-04 6.356457471847534180e-01 4.091678559780120850e-01
6.327528953552246094e-01 -5.539894104003906250e-03 7.745893597602844238e-01 8.841993331909179688e+00 -8.766081184148788452e-03 9.995974302291870117e-01 1.466866582632064819e-02 1.211348176002502441e-01 -7.744698524475097656e-01 -1.583658903837203979e-02 6.326988339424133301e-01 -9.141773730516433716e-02
6.153408885002136230e-01 8.675098419189453125e-03 7.881923913955688477e-01 9.827068328857421875e+00 -7.344000041484832764e-03 9.997968673706054688e-01 -5.468070507049560547e-03 8.430893719196319580e-02 -7.886312603950500488e-01 -2.632021903991699219e-03 6.150066852569580078e-01 -5.464519858360290527e-01
5.672061443328857422e-01 -1.028335094451904297e-02 8.233892917633056641e-01 1.059758853912353516e+01 2.636909484863281250e-03 1.000312924385070801e+00 1.059770584106445312e-02 6.922949105501174927e-03 -8.237161040306091309e-01 -3.852367401123046875e-03 5.676996707916259766e-01 -1.018759012222290039e+00
5.289752483367919922e-01 -1.201272010803222656e-02 8.486098051071166992e-01 1.129544353485107422e+01 4.356154799461364746e-02 9.987632632255554199e-01 -1.318940520286560059e-02 -7.659710943698883057e-02 -8.476192355155944824e-01 4.384875297546386719e-02 5.289163589477539062e-01 -1.449653387069702148e+00
5.010112524032592773e-01 2.543523907661437988e-02 8.653368949890136719e-01 1.181570053100585938e+01 6.928652524948120117e-03 9.991731643676757812e-01 -3.355431556701660156e-02 -4.908428713679313660e-02 -8.657650947570800781e-01 2.276921272277832031e-02 5.005716085433959961e-01 -1.278506755828857422e+00
5.274552702903747559e-01 6.495819985866546631e-02 8.473414182662963867e-01 1.215984439849853516e+01 -3.774446249008178711e-02 9.978114366531372070e-01 -5.276602506637573242e-02 2.227414399385452271e-03 -8.486976623535156250e-01 -4.511713981628417969e-03 5.291432738304138184e-01 -9.914271831512451172e-01
5.410356521606445312e-01 2.942308783531188965e-02 8.401784300804138184e-01 1.073639106750488281e+01 -5.793885886669158936e-02 9.986601471900939941e-01 2.626568078994750977e-03 2.267373353242874146e-01 -8.388826251029968262e-01 -4.999361932277679443e-02 5.415781140327453613e-01 -3.830885589122772217e-01
5.930610299110412598e-01 9.759238362312316895e-02 7.994059920310974121e-01 1.028248405456542969e+01 -7.977139949798583984e-02 9.948339462280273438e-01 -6.219530105590820312e-02 1.512635797262191772e-01 -8.011927604675292969e-01 -2.703070640563964844e-02 5.976028442382812500e-01 -1.611684709787368774e-01
6.455965638160705566e-01 5.027276277542114258e-02 7.617489099502563477e-01 9.253339767456054688e+00 -7.052183151245117188e-02 9.973958730697631836e-01 -6.010353565216064453e-03 6.787951290607452393e-02 -7.602314352989196777e-01 -4.970470070838928223e-02 6.476932764053344727e-01 -3.014414310455322266e-01
6.905574202537536621e-01 3.081533312797546387e-02 7.226479053497314453e-01 8.886623382568359375e+00 -3.760492801666259766e-02 9.988882541656494141e-01 -7.318019866943359375e-03 8.627435564994812012e-02 -7.225444912910461426e-01 -2.195644378662109375e-02 6.908978223800659180e-01 3.488302230834960938e-01
7.509389519691467285e-01 4.599612951278686523e-02 6.582888960838317871e-01 8.079849243164062500e+00 -5.167156457901000977e-02 9.989797472953796387e-01 -1.116520166397094727e-02 1.581095159053802490e-01 -6.580775976181030273e-01 -2.568715810775756836e-02 7.524592280387878418e-01 1.021556377410888672e+00
8.383047580718994141e-01 2.432537078857421875e-02 5.444333553314208984e-01 7.345645904541015625e+00 -2.695560455322265625e-02 9.998171329498291016e-01 -3.262713551521301270e-03 2.378253489732742310e-01 -5.446304082870483398e-01 -1.207625865936279297e-02 8.384701013565063477e-01 1.477122187614440918e+00
8.777078986167907715e-01 1.976448297500610352e-02 4.791313409805297852e-01 6.565494537353515625e+00 -9.442567825317382812e-03 9.996755123138427734e-01 -2.399635314941406250e-02 1.511608064174652100e-01 -4.793845415115356445e-01 1.653897762298583984e-02 8.775482177734375000e-01 2.163247823715209961e+00
9.438340663909912109e-01 -8.918285369873046875e-03 3.299815058708190918e-01 6.353185653686523438e+00 2.913570404052734375e-02 9.983353018760681152e-01 -5.594313144683837891e-02 1.533406227827072144e-01 -3.288283348083496094e-01 6.264753639698028564e-02 9.424601793289184570e-01 2.341352462768554688e+00
9.630221128463745117e-01 -1.494014263153076172e-02 2.688762247562408447e-01 6.273647308349609375e+00 3.701987862586975098e-02 9.965327978134155273e-01 -7.692652940750122070e-02 1.505124941468238831e-02 -2.666546702384948730e-01 8.385598659515380859e-02 9.601426720619201660e-01 2.887015342712402344e+00
9.605138897895812988e-01 -1.324640773236751556e-02 2.781116962432861328e-01 5.066174507141113281e+00 3.676391392946243286e-02 9.958654046058654785e-01 -7.960197329521179199e-02 1.805875003337860107e-01 -2.760669589042663574e-01 8.670695871114730835e-02 9.573416709899902344e-01 3.278005123138427734e+00
9.876871705055236816e-01 -5.303096771240234375e-02 1.470735073089599609e-01 4.601001262664794922e+00 6.290552020072937012e-02 9.959704875946044922e-01 -6.345486640930175781e-02 2.159853726625442505e-01 -1.429030597209930420e-01 7.198649644851684570e-02 9.872087836265563965e-01 3.661322832107543945e+00
9.998867511749267578e-01 -1.197111606597900391e-02 1.416206359863281250e-04 3.531024932861328125e+00 1.183319091796875000e-02 9.968944787979125977e-01 -7.792878150939941406e-02 4.889814928174018860e-02 8.654594421386718750e-04 7.769131660461425781e-02 9.970260858535766602e-01 3.418405055999755859e+00
9.979102611541748047e-01 -1.114282011985778809e-02 -6.857708096504211426e-02 2.409145832061767578e+00 5.018651485443115234e-03 9.953898787498474121e-01 -9.330505132675170898e-02 -2.349593117833137512e-02 6.935268640518188477e-02 9.286174178123474121e-02 9.935570359230041504e-01 3.772483110427856445e+00
9.755115509033203125e-01 6.743490695953369141e-03 -2.197207808494567871e-01 9.420369863510131836e-01 -1.646238565444946289e-02 9.989489316940307617e-01 -4.217779636383056641e-02 1.109793186187744141e-01 2.191643416881561279e-01 4.470098018646240234e-02 9.745740294456481934e-01 3.799830436706542969e+00
9.755001068115234375e-01 -6.754565238952636719e-02 -2.094139456748962402e-01 9.695975780487060547e-01 5.427253246307373047e-02 9.960041046142578125e-01 -6.822538375854492188e-02 -3.862617537379264832e-02 2.137010693550109863e-01 5.520069599151611328e-02 9.753232002258300781e-01 3.584780454635620117e+00
9.558083415031433105e-01 -8.073842525482177734e-02 -2.822386026382446289e-01 -7.465746998786926270e-01 6.194804608821868896e-02 9.949236512184143066e-01 -7.546228170394897461e-02 -1.866352185606956482e-02 2.868064641952514648e-01 5.489435791969299316e-02 9.566428065299987793e-01 4.078666210174560547e+00
9.604263305664062500e-01 -8.474802970886230469e-02 -2.652049064636230469e-01 -1.013092756271362305e+00 6.608021259307861328e-02 9.943968057632446289e-01 -7.830554246902465820e-02 -2.881398424506187439e-02 2.703280150890350342e-01 5.771839618682861328e-02 9.606745243072509766e-01 4.481676578521728516e+00
9.320766329765319824e-01 -8.620520681142807007e-02 -3.516139984130859375e-01 -1.846233487129211426e+00 6.567499041557312012e-02 9.951527714729309082e-01 -6.987899541854858398e-02 -1.782130822539329529e-02 3.559853136539459229e-01 4.204592853784561157e-02 9.333729147911071777e-01 4.386081695556640625e+00
9.395745992660522461e-01 -1.067250967025756836e-01 -3.248701095581054688e-01 -2.331949949264526367e+00 7.459795475006103516e-02 9.911221265792846680e-01 -1.092767715454101562e-01 -9.134447574615478516e-02 3.336728513240814209e-01 7.853612303733825684e-02 9.396185874938964844e-01 4.201058387756347656e+00
8.900530338287353516e-01 -9.304291009902954102e-02 -4.457540512084960938e-01 -3.285543441772460938e+00 6.339621543884277344e-02 9.949444532394409180e-01 -8.102321624755859375e-02 9.135890752077102661e-03 4.511457681655883789e-01 4.396647214889526367e-02 8.915141820907592773e-01 3.847756862640380859e+00
9.136486649513244629e-01 -1.058350801467895508e-01 -3.920342326164245605e-01 -3.886939287185668945e+00 6.383442878723144531e-02 9.910241961479187012e-01 -1.187997758388519287e-01 -1.955910325050354004e-01 4.008579850196838379e-01 8.348518610000610352e-02 9.126221537590026855e-01 3.694552898406982422e+00
8.769137859344482422e-01 -1.105942130088806152e-01 -4.680169224739074707e-01 -4.633264064788818359e+00 7.408428192138671875e-02 9.926950931549072266e-01 -9.620398283004760742e-02 -8.808937668800354004e-02 4.748487472534179688e-01 4.944968223571777344e-02 8.787302970886230469e-01 3.341966629028320312e+00
8.858990669250488281e-01 -1.648181676864624023e-01 -4.336953163146972656e-01 -5.057491302490234375e+00 1.282047033309936523e-01 9.851614832878112793e-01 -1.125972867012023926e-01 -1.910319179296493530e-01 4.459018707275390625e-01 4.415613412857055664e-02 8.935573101043701172e-01 2.714756011962890625e+00
8.424053192138671875e-01 -1.728150397539138794e-01 -5.110186934471130371e-01 -5.970223903656005859e+00 1.432936191558837891e-01 9.846776723861694336e-01 -9.669154882431030273e-02 -1.265645474195480347e-01 5.202253460884094238e-01 7.786177098751068115e-03 8.542744517326354980e-01 2.453065395355224609e+00
8.276433944702148438e-01 -1.537293642759323120e-01 -5.397959947586059570e-01 -6.541254520416259766e+00 1.267095059156417847e-01 9.879704713821411133e-01 -8.734238147735595703e-02 -9.456218779087066650e-02 5.470005869865417480e-01 4.006400704383850098e-03 8.373358249664306641e-01 1.484681248664855957e+00
7.704373598098754883e-01 -1.654017269611358643e-01 -6.154545545578002930e-01 -7.070220947265625000e+00 1.327614784240722656e-01 9.866054654121398926e-01 -9.891855716705322266e-02 -4.782998934388160706e-02 6.231614947319030762e-01 -5.824886262416839600e-03 7.815593481063842773e-01 1.259186863899230957e+00
7.932776808738708496e-01 -1.477244496345520020e-01 -5.906397700309753418e-01 -7.418720245361328125e+00 1.218831539154052734e-01 9.889228343963623047e-01 -8.371472358703613281e-02 -2.078511267900466919e-01 5.964229106903076172e-01 -5.742609500885009766e-03 8.026987314224243164e-01 6.865722537040710449e-01
7.884865403175354004e-01 -1.597573757171630859e-01 -5.939729213714599609e-01 -8.402113914489746094e+00 1.062535345554351807e-01 9.862557649612426758e-01 -1.242784261703491211e-01 -1.865787208080291748e-01 6.056892275810241699e-01 3.492675721645355225e-02 7.947342395782470703e-01 4.459054172039031982e-01
8.465007543563842773e-01 -1.452602744102478027e-01 -5.117244720458984375e-01 -7.995619773864746094e+00 9.066212177276611328e-02 9.874868392944335938e-01 -1.303217411041259766e-01 -1.365477740764617920e-01 5.244213342666625977e-01 6.410455703735351562e-02 8.489749431610107422e-01 1.206199899315834045e-01
8.030669093132019043e-01 -1.548501551151275635e-01 -5.755251049995422363e-01 -8.832483291625976562e+00 9.272384643554687500e-02 9.862737655639648438e-01 -1.361419558525085449e-01 -1.928550153970718384e-01 5.891634821891784668e-01 5.603432655334472656e-02 8.063471317291259766e-01 2.596654593944549561e-01
6.649574637413024902e-01 -1.388583779335021973e-01 -7.344415187835693359e-01 -9.636876106262207031e+00 9.645304083824157715e-02 9.902245402336120605e-01 -1.002354323863983154e-01 -1.097612529993057251e-01 7.410572767257690430e-01 -4.241699352860450745e-03 6.718472838401794434e-01 2.868855595588684082e-01
6.503692865371704102e-01 -1.609796136617660522e-01 -7.425920367240905762e-01 -9.823906898498535156e+00 1.256800293922424316e-01 9.870771169662475586e-01 -1.036629378795623779e-01 -2.072960585355758667e-01 7.493466734886169434e-01 -2.610462903976440430e-02 6.615881323814392090e-01 7.416705489158630371e-01
5.632486343383789062e-01 -1.487036943435668945e-01 -8.126496672630310059e-01 -9.819037437438964844e+00 1.303509473800659180e-01 9.873080849647521973e-01 -9.027189016342163086e-02 -6.687289476394653320e-02 8.160782456398010254e-01 -5.479461699724197388e-02 5.756027698516845703e-01 6.913544535636901855e-01
5.532025694847106934e-01 -1.344635635614395142e-01 -8.221263885498046875e-01 -1.047262954711914062e+01 9.719736129045486450e-02 9.906878471374511719e-01 -9.655600786209106445e-02 -1.557608544826507568e-01 8.274680376052856445e-01 -2.656736969947814941e-02 5.607880949974060059e-01 5.468124151229858398e-01
5.676838755607604980e-01 -1.333188414573669434e-01 -8.124896883964538574e-01 -1.094329452514648438e+01 1.298229694366455078e-01 9.891637563705444336e-01 -7.136547565460205078e-02 -9.949755668640136719e-02 8.128812313079833984e-01 -6.492257118225097656e-02 5.785815715789794922e-01 6.147465705871582031e-01
5.388895273208618164e-01 -1.165051758289337158e-01 -8.339995145797729492e-01 -1.195921707153320312e+01 1.189863681793212891e-01 9.910125732421875000e-01 -6.163242459297180176e-02 -6.280197203159332275e-02 8.334606885910034180e-01 -6.609945744276046753e-02 5.479728579521179199e-01 6.173213198781013489e-02
5.474132895469665527e-01 -1.666292995214462280e-01 -8.201835155487060547e-01 -1.304033184051513672e+01 1.422247886657714844e-01 9.840990900993347168e-01 -1.052712202072143555e-01 -2.052754461765289307e-01 8.243920803070068359e-01 -5.900435149669647217e-02 5.623812675476074219e-01 1.031171008944511414e-01
5.362803936004638672e-01 -1.282894462347030640e-01 -8.344641923904418945e-01 -1.368321228027343750e+01 1.241300702095031738e-01 9.897483587265014648e-01 -7.235914468765258789e-02 -1.402082890272140503e-01 8.347560763359069824e-01 -6.489864736795425415e-02 5.466492772102355957e-01 -3.181658685207366943e-01
5.382452011108398438e-01 -1.537809818983078003e-01 -8.291994333267211914e-01 -1.434005641937255859e+01 1.096988022327423096e-01 9.877438545227050781e-01 -1.119624301791191101e-01 -2.055631875991821289e-01 8.359772562980651855e-01 -3.063917160034179688e-02 5.480895638465881348e-01 -6.005885601043701172e-01
4.833426475524902344e-01 -1.180025339126586914e-01 -8.672567605972290039e-01 -1.466837310791015625e+01 1.006950139999389648e-01 9.918408989906311035e-01 -7.914003729820251465e-02 -1.039535105228424072e-01 8.694542646408081055e-01 -4.912006855010986328e-02 4.913446307182312012e-01 -1.049779653549194336e+00
3.793854713439941406e-01 -1.063667535781860352e-01 -9.190829992294311523e-01 -1.465030574798583984e+01 6.700670719146728516e-02 9.938259124755859375e-01 -8.719873428344726562e-02 -1.278205513954162598e-01 9.226843118667602539e-01 -2.870523929595947266e-02 3.838810920715332031e-01 -1.489132285118103027e+00
2.834025919437408447e-01 -8.155748993158340454e-02 -9.556365609169006348e-01 -1.505410289764404297e+01 2.560994029045104980e-02 9.962701201438903809e-01 -7.776224613189697266e-02 -1.412752121686935425e-01 9.588667750358581543e-01 -2.465303987264633179e-03 2.845018208026885986e-01 -1.765371322631835938e+00
