5.162110924720764160e-01 4.235653951764106750e-02 8.554133772850036621e-01 1.294199275970458984e+01 -4.690306261181831360e-02 9.986758232116699219e-01 -2.114600688219070435e-02 9.027859568595886230e-02 -8.551760315895080566e-01 -2.920566685497760773e-02 5.175141096115112305e-01 -1.654433488845825195e+00
5.198358893394470215e-01 3.728253021836280823e-02 8.534520268440246582e-01 1.297456359863281250e+01 -4.317754507064819336e-02 9.989166259765625000e-01 -1.733720861375331879e-02 1.142619475722312927e-01 -8.531742691993713379e-01 -2.783759869635105133e-02 5.208828449249267578e-01 -1.656393527984619141e+00
5.180358886718750000e-01 3.125563263893127441e-02 8.547878861427307129e-01 1.303259944915771484e+01 -3.908677771687507629e-02 9.991532564163208008e-01 -1.284622680395841599e-02 1.538629382848739624e-01 -8.544654846191406250e-01 -2.675590477883815765e-02 5.188186764717102051e-01 -1.582914590835571289e+00
5.186553597450256348e-01 2.528399042785167694e-02 8.546097874641418457e-01 1.305984497070312500e+01 -2.662756852805614471e-02 9.995558261871337891e-01 -1.341201644390821457e-02 7.205891609191894531e-02 -8.545691370964050293e-01 -1.580027118325233459e-02 5.190978050231933594e-01 -1.475497484207153320e+00
4.623447656631469727e-01 1.215688362717628479e-01 8.783266544342041016e-01 1.285339832305908203e+01 -5.729402229189872742e-02 9.925832748413085938e-01 -1.072236225008964539e-01 -1.053723692893981934e-02 -8.848470449447631836e-01 -7.484978996217250824e-04 4.658806324005126953e-01 -1.143661260604858398e+00
4.507287144660949707e-01 1.385547071695327759e-01 8.818421363830566406e-01 1.243993091583251953e+01 -9.334777295589447021e-02 9.897797107696533203e-01 -1.078013479709625244e-01 2.086964622139930725e-02 -8.877667784690856934e-01 -3.372891619801521301e-02 4.590565860271453857e-01 -8.782781958580017090e-01
4.928196072578430176e-01 1.328842788934707642e-01 8.599252700805664062e-01 1.208354282379150391e+01 -6.568320840597152710e-02 9.911319017410278320e-01 -1.155170425772666931e-01 3.165702149271965027e-02 -8.676486611366271973e-01 4.463396908249706030e-04 4.971770942211151123e-01 -2.167380452156066895e-01
5.076350569725036621e-01 7.213382422924041748e-02 8.585472702980041504e-01 1.160221290588378906e+01 -4.048520699143409729e-03 9.966775774955749512e-01 -8.134534955024719238e-02 3.872824832797050476e-02 -8.615626096725463867e-01 3.781798481941223145e-02 5.062407255172729492e-01 3.663868904113769531e-01
6.628221869468688965e-01 5.611047148704528809e-02 7.466717362403869629e-01 1.115809345245361328e+01 1.594745367765426636e-02 9.959039688110351562e-01 -8.899590373039245605e-02 3.444865643978118896e-01 -7.486075162887573242e-01 7.089596986770629883e-02 6.592127084732055664e-01 7.473829388618469238e-01
7.008674740791320801e-01 3.442762419581413269e-02 7.124602794647216797e-01 1.056034183502197266e+01 1.073190197348594666e-02 9.982126355171203613e-01 -5.879306048154830933e-02 2.741972208023071289e-01 -7.132104039192199707e-01 4.885212332010269165e-02 6.992452144622802734e-01 1.253939270973205566e+00
6.669324636459350586e-01 1.128172595053911209e-02 7.450324892997741699e-01 1.009850311279296875e+01 -4.846250172704458237e-03 9.999300241470336914e-01 -1.080372743308544159e-02 3.086208999156951904e-01 -7.451023459434509277e-01 3.594778012484312057e-03 6.669405102729797363e-01 1.888707637786865234e+00
7.818225622177124023e-01 -2.080177515745162964e-02 6.231546998023986816e-01 9.577272415161132812e+00 3.536406904458999634e-02 9.993141889572143555e-01 -1.100981235504150391e-02 3.592899441719055176e-01 -6.224980354309082031e-01 3.064496442675590515e-02 7.820212244987487793e-01 2.402020454406738281e+00
8.330541849136352539e-01 -1.756959781050682068e-02 5.529128313064575195e-01 9.049843788146972656e+00 2.270822599530220032e-02 9.997388720512390137e-01 -2.445344114676117897e-03 3.860170245170593262e-01 -5.527255535125732422e-01 1.459274627268314362e-02 8.332355618476867676e-01 2.905749797821044922e+00
8.691872358322143555e-01 3.381223604083061218e-02 4.933264255523681641e-01 8.389320373535156250e+00 -2.966677397489547729e-02 9.994280338287353516e-01 -1.623042859137058258e-02 4.439019858837127686e-01 -4.935929477214813232e-01 -5.281196208670735359e-04 8.696929216384887695e-01 3.532229661941528320e+00
9.214445948600769043e-01 1.328449789434671402e-02 3.882822990417480469e-01 7.679608345031738281e+00 -1.591460220515727997e-02 9.998673200607299805e-01 3.558300668373703957e-03 5.628082752227783203e-01 -3.881835043430328369e-01 -9.458055719733238220e-03 9.215336441993713379e-01 3.854979991912841797e+00
9.621885418891906738e-01 1.013682968914508820e-02 2.721961438655853271e-01 6.993503093719482422e+00 -4.883471410721540451e-04 9.993698596954345703e-01 -3.549130260944366455e-02 5.069159865379333496e-01 -2.723843157291412354e-01 3.401631861925125122e-02 9.615870118141174316e-01 4.387530803680419922e+00
9.739754796028137207e-01 6.719118449836969376e-03 2.265547662973403931e-01 6.533676147460937500e+00 1.794434734620153904e-03 9.993004798889160156e-01 -3.735125437378883362e-02 5.326787829399108887e-01 -2.266471534967422485e-01 3.678594902157783508e-02 9.732820391654968262e-01 4.824647903442382812e+00
9.751806259155273438e-01 2.306435070931911469e-02 2.202083468437194824e-01 6.013633251190185547e+00 6.990662659518420696e-04 9.942337274551391602e-01 -1.072313040494918823e-01 4.024761021137237549e-01 -2.214116752147674561e-01 1.047238036990165710e-01 9.695411324501037598e-01 5.263421058654785156e+00
9.811382889747619629e-01 7.948098704218864441e-03 1.931424885988235474e-01 5.484886169433593750e+00 1.021007541567087173e-02 9.956290721893310547e-01 -9.283673763275146484e-02 4.545230865478515625e-01 -1.930357515811920166e-01 9.305737167596817017e-02 9.767688512802124023e-01 5.779014587402343750e+00
9.867875576019287109e-01 3.208387643098831177e-02 1.588086932897567749e-01 4.766353607177734375e+00 -1.655433326959609985e-02 9.950330257415771484e-01 -9.816046804189682007e-02 4.040064513683319092e-01 -1.611691117286682129e-01 9.423416852951049805e-02 9.824177622795104980e-01 6.106142044067382812e+00
9.939401745796203613e-01 5.848751869052648544e-03 1.097708791494369507e-01 4.047638893127441406e+00 -1.913600135594606400e-04 9.986746311187744141e-01 -5.147065967321395874e-02 5.519151091575622559e-01 -1.099259853363037109e-01 5.113803222775459290e-02 9.926233887672424316e-01 6.388738632202148438e+00
9.975431561470031738e-01 9.958084672689437866e-03 6.934041529893875122e-02 3.505307197570800781e+00 -4.822362679988145828e-03 9.972584843635559082e-01 -7.384347170591354370e-02 6.513546705245971680e-01 -6.988568603992462158e-02 7.332758605480194092e-02 9.948564171791076660e-01 6.694197177886962891e+00
9.998401403427124023e-01 1.004210393875837326e-02 1.479449123144149780e-02 2.593008756637573242e+00 -8.966146968305110931e-03 9.974306225776672363e-01 -7.107247412204742432e-02 8.268478512763977051e-01 -1.547019183635711670e-02 7.092843949794769287e-02 9.973613619804382324e-01 6.966505527496337891e+00
9.994350671768188477e-01 2.464346773922443390e-02 2.284244261682033539e-02 1.751427650451660156e+00 -2.305268310010433197e-02 9.974548816680908203e-01 -6.747122108936309814e-02 7.527159452438354492e-01 -2.444704622030258179e-02 6.690653413534164429e-02 9.974597096443176270e-01 7.275346279144287109e+00
9.979776740074157715e-01 4.261742532253265381e-02 -4.714632034301757812e-02 2.226752996444702148e+00 -4.507072642445564270e-02 9.976152777671813965e-01 -5.226356536149978638e-02 1.351395964622497559e+00 4.480623826384544373e-02 5.428259447216987610e-02 9.975198507308959961e-01 4.328933238983154297e+00
9.958261847496032715e-01 5.936774984002113342e-02 -6.932640820741653442e-02 1.553743034601211548e-01 -6.322374939918518066e-02 9.964927434921264648e-01 -5.481794849038124084e-02 6.427865624427795410e-01 6.582887470722198486e-02 5.897219851613044739e-02 9.960869550704956055e-01 7.320706844329833984e+00
9.825214743614196777e-01 2.433021552860736847e-02 -1.845533251762390137e-01 -1.081600069999694824e+00 -3.664531558752059937e-02 9.973018765449523926e-01 -6.361576169729232788e-02 6.592125892639160156e-01 1.825074851512908936e-01 6.926701962947845459e-02 9.807614684104919434e-01 7.859697341918945312e+00
9.637217521667480469e-01 -6.132977083325386047e-02 -2.597653269767761230e-01 -7.764913439750671387e-01 8.102069050073623657e-02 9.945391416549682617e-01 6.577676534652709961e-02 4.582302644848823547e-02 2.543124258518218994e-01 -8.443698287010192871e-02 9.634289741516113281e-01 6.540935993194580078e+00
9.648275971412658691e-01 -2.662497013807296753e-02 -2.615340054035186768e-01 -2.538800477981567383e+00 4.930521547794342041e-02 9.955306053161621094e-01 8.054331690073013306e-02 -5.559288710355758667e-02 2.582204043865203857e-01 -9.060545265674591064e-02 9.618280529975891113e-01 8.089051246643066406e+00
9.444182515144348145e-01 4.321427270770072937e-02 -3.258936405181884766e-01 -3.382853269577026367e+00 -6.306064128875732422e-02 9.967273473739624023e-01 -5.057755485177040100e-02 1.056955307722091675e-01 3.226416110992431641e-01 6.831742078065872192e-02 9.440525770187377930e-01 8.126838684082031250e+00
9.896066188812255859e-01 -8.405980654060840607e-03 -1.435552835464477539e-01 -2.591376066207885742e+00 -3.476666461210697889e-04 9.981471300125122070e-01 -6.084379181265830994e-02 8.238097280263900757e-02 1.438007503747940063e-01 6.026125699281692505e-02 9.877700209617614746e-01 6.723813056945800781e+00
9.948998093605041504e-01 -5.631553358398377895e-04 1.008662208914756775e-01 -8.066384196281433105e-01 -2.940591191872954369e-03 9.993976354598999023e-01 3.458397835493087769e-02 3.112769126892089844e-01 -1.008251011371612549e-01 -3.470430150628089905e-02 9.942987561225891113e-01 6.506182193756103516e+00
9.880481958389282227e-01 -2.100013382732868195e-02 1.527063995599746704e-01 -1.200343370437622070e+00 1.203531492501497269e-02 9.981620907783508301e-01 5.939463898539543152e-02 4.724493622779846191e-01 -1.536730229854583740e-01 -5.684686824679374695e-02 9.864850044250488281e-01 5.786513805389404297e+00
9.875113964080810547e-01 -2.743639983236789703e-02 1.551395654678344727e-01 -1.545228481292724609e+00 2.753827348351478577e-02 9.996195435523986816e-01 1.492768758907914162e-03 1.348854750394821167e-01 -1.551214754581451416e-01 2.798090223222970963e-03 9.878914356231689453e-01 5.513184070587158203e+00
9.780216217041015625e-01 -2.444200217723846436e-04 2.085043936967849731e-01 -1.451609849929809570e+00 -1.998320221900939941e-02 9.952859878540039062e-01 9.489977359771728516e-02 9.807288646697998047e-01 -2.075447887182235718e-01 -9.698051959276199341e-02 9.734064936637878418e-01 5.034442901611328125e+00
9.993887543678283691e-01 -1.342558069154620171e-03 3.493824228644371033e-02 -2.741272449493408203e+00 8.503488497808575630e-04 9.999007582664489746e-01 1.409613713622093201e-02 1.788303703069686890e-01 -3.495368361473083496e-02 -1.405778247863054276e-02 9.992900490760803223e-01 5.294559478759765625e+00
9.186147451400756836e-01 2.891162969172000885e-02 3.940942883491516113e-01 7.797204017639160156e+00 -3.858068585395812988e-02 9.991166591644287109e-01 1.663242653012275696e-02 4.720083177089691162e-01 -3.932655751705169678e-01 -3.048321604728698730e-02 9.189193248748779297e-01 9.975294113159179688e+00
9.176313281059265137e-01 1.888523437082767487e-02 3.969841599464416504e-01 7.779092311859130859e+00 -2.968811243772506714e-02 9.993368983268737793e-01 2.108406648039817810e-02 4.821437895298004150e-01 -3.963226974010467529e-01 -3.113316372036933899e-02 9.175832271575927734e-01 9.786685943603515625e+00
9.102826714515686035e-01 7.727060001343488693e-03 4.139163792133331299e-01 7.798508167266845703e+00 -2.050035819411277771e-02 9.994407892227172852e-01 2.642630413174629211e-02 4.747294783592224121e-01 -4.134804904460906982e-01 -3.254072740674018860e-02 9.099316000938415527e-01 9.749485969543457031e+00
8.896520137786865234e-01 9.446373442187905312e-04 4.566382169723510742e-01 8.131739616394042969e+00 -1.491672173142433167e-02 9.995237588882446289e-01 2.699334919452667236e-02 4.306747019290924072e-01 -4.563955068588256836e-01 -3.082602657377719879e-02 8.892428278923034668e-01 9.564187049865722656e+00
8.925539255142211914e-01 -2.004635892808437347e-02 4.504953324794769287e-01 8.181418418884277344e+00 7.005278021097183228e-03 9.995071291923522949e-01 3.059712983667850494e-02 4.209104180335998535e-01 -4.508867859840393066e-01 -2.415375970304012299e-02 8.922542929649353027e-01 8.829668045043945312e+00
8.570700287818908691e-01 -3.253219276666641235e-02 5.141716003417968750e-01 8.678504943847656250e+00 2.305881679058074951e-02 9.994267225265502930e-01 2.479814924299716949e-02 4.442966580390930176e-01 -5.146839022636413574e-01 -9.397581219673156738e-03 8.573286533355712891e-01 8.079265594482421875e+00
8.606694340705871582e-01 -2.275847084820270538e-02 5.086582303047180176e-01 8.781477928161621094e+00 1.022458076477050781e-03 9.990761876106262207e-01 4.297098144888877869e-02 3.734720945358276367e-01 -5.091657042503356934e-01 -3.646371141076087952e-02 8.598960638046264648e-01 7.400623321533203125e+00
8.445102572441101074e-01 -5.511483177542686462e-03 5.355108380317687988e-01 9.064709663391113281e+00 1.279003545641899109e-02 9.998694658279418945e-01 -9.879259392619132996e-03 3.381109535694122314e-01 -5.353865623474121094e-01 1.519222371280193329e-02 8.444703221321105957e-01 6.448686599731445312e+00
7.907260060310363770e-01 -1.180889178067445755e-02 6.120557785034179688e-01 9.087547302246093750e+00 2.584494650363922119e-02 9.995666146278381348e-01 -1.410433277487754822e-02 2.803433239459991455e-01 -6.116241812705993652e-01 2.697205170989036560e-02 7.906891703605651855e-01 5.807777881622314453e+00
7.934366464614868164e-01 1.113200932741165161e-02 6.085519194602966309e-01 8.917705535888671875e+00 -1.453086547553539276e-02 9.998944401741027832e-01 6.549088866449892521e-04 2.180192917585372925e-01 -6.084799170494079590e-01 -9.362389333546161652e-03 7.935140728950500488e-01 5.007131576538085938e+00
8.035824298858642578e-01 1.089449692517518997e-02 5.950934290885925293e-01 8.423275947570800781e+00 1.451399922370910645e-02 9.991760849952697754e-01 -3.789067640900611877e-02 1.347233057022094727e-01 -5.950155258178710938e-01 3.908503428101539612e-02 8.027628064155578613e-01 4.545211315155029297e+00
7.978522777557373047e-01 4.368419200181961060e-02 6.012690663337707520e-01 7.955307006835937500e+00 -5.788812413811683655e-02 9.983139634132385254e-01 4.283857997506856918e-03 1.804847866296768188e-01 -6.000677347183227539e-01 -3.822420537471771240e-02 7.990353703498840332e-01 3.955167770385742188e+00
7.815160751342773438e-01 3.363789618015289307e-02 6.229767799377441406e-01 7.412596702575683594e+00 -5.899790674448013306e-02 9.980550408363342285e-01 2.012165077030658722e-02 1.516581773757934570e-01 -6.210884451866149902e-01 -5.247959122061729431e-02 7.819814682006835938e-01 3.463119029998779297e+00
7.423728704452514648e-01 3.725865855813026428e-02 6.689498424530029297e-01 7.027791500091552734e+00 -5.342717841267585754e-02 9.985646009445190430e-01 3.674323903396725655e-03 1.702716797590255737e-01 -6.678531169891357422e-01 -3.846750408411026001e-02 7.432986497879028320e-01 2.892679691314697266e+00
6.261059045791625977e-01 2.689064480364322662e-02 7.792738676071166992e-01 6.910892963409423828e+00 -3.965067118406295776e-02 9.992101788520812988e-01 -2.622883534058928490e-03 1.036805659532546997e-01 -7.787292003631591797e-01 -2.925664931535720825e-02 6.266777515411376953e-01 2.331336021423339844e+00
5.828056931495666504e-01 4.074655845761299133e-02 8.115895986557006836e-01 7.027623653411865234e+00 -2.661033347249031067e-02 9.991639852523803711e-01 -3.105499967932701111e-02 6.789870560169219971e-02 -8.121765851974487305e-01 -3.497604280710220337e-03 5.834022760391235352e-01 1.660891294479370117e+00
4.812004268169403076e-01 -5.210017785429954529e-03 8.765952587127685547e-01 7.508592605590820312e+00 2.387991733849048615e-02 9.996896386146545410e-01 -7.167125586420297623e-03 4.768252000212669373e-02 -8.762844800949096680e-01 2.438162267208099365e-02 4.811751544475555420e-01 1.159263849258422852e+00
5.866900682449340820e-01 -3.984970040619373322e-03 8.098019957542419434e-01 8.080047607421875000e+00 2.199266105890274048e-02 9.996983408927917480e-01 -1.101405266672372818e-02 1.036498919129371643e-01 -8.095129728317260742e-01 2.427147701382637024e-02 5.866000056266784668e-01 7.464971542358398438e-01
6.100816130638122559e-01 8.850486949086189270e-03 7.922887206077575684e-01 8.751248359680175781e+00 -6.811244878917932510e-03 9.999594092369079590e-01 -5.925452802330255508e-03 1.060679554939270020e-01 -7.923087477684020996e-01 -1.781459199264645576e-03 6.101173758506774902e-01 3.302889466285705566e-01
6.125555038452148438e-01 2.603850152809172869e-04 7.904276847839355469e-01 9.331122398376464844e+00 2.016296610236167908e-03 9.999962449073791504e-01 -1.891975058242678642e-03 -2.168463915586471558e-02 -7.904254198074340820e-01 2.752677071839570999e-03 6.125527024269104004e-01 -1.822678744792938232e-01
5.964664816856384277e-01 -8.876646868884563446e-03 8.025882244110107422e-01 1.014693164825439453e+01 3.276231884956359863e-02 9.993744492530822754e-01 -1.329513732343912125e-02 2.319646999239921570e-02 -8.019686937332153320e-01 3.422480076551437378e-02 5.963845849037170410e-01 -4.759742915630340576e-01
5.477479696273803711e-01 -5.683747585862874985e-03 8.366236686706542969e-01 1.057658863067626953e+01 -5.040927790105342865e-03 9.999368190765380859e-01 1.009334437549114227e-02 1.004437357187271118e-02 -8.366276621818542480e-01 -9.745711460709571838e-03 5.476850271224975586e-01 -9.769738316535949707e-01
5.191401839256286621e-01 -2.684683771803975105e-03 8.546860218048095703e-01 1.111682319641113281e+01 6.811207532882690430e-02 9.969441294670104980e-01 -3.823977708816528320e-02 -1.434279978275299072e-02 -8.519713282585144043e-01 7.806616276502609253e-02 5.177361369132995605e-01 -1.403916120529174805e+00
4.698747396469116211e-01 5.728216469287872314e-02 8.808723092079162598e-01 1.139519309997558594e+01 -5.586602725088596344e-03 9.980654716491699219e-01 -6.192310154438018799e-02 3.987848758697509766e-04 -8.827144503593444824e-01 2.417486719787120819e-02 4.692861735820770264e-01 -1.346238851547241211e+00
5.315238833427429199e-01 8.728585392236709595e-02 8.425338864326477051e-01 1.134440040588378906e+01 -6.181254982948303223e-02 9.960213303565979004e-01 -6.419157981872558594e-02 7.571261376142501831e-03 -8.447852134704589844e-01 -1.796002127230167389e-02 5.348045825958251953e-01 -1.009513139724731445e+00
5.068408846855163574e-01 7.883375883102416992e-02 8.584271073341369629e-01 1.089101314544677734e+01 -9.011467546224594116e-02 9.951990842819213867e-01 -3.818776085972785950e-02 -4.216566309332847595e-02 -8.573164939880371094e-01 -5.800179392099380493e-02 5.115116238594055176e-01 -6.378324031829833984e-01
6.044201850891113281e-01 1.123071014881134033e-01 7.887090444564819336e-01 1.039170551300048828e+01 -1.029735803604125977e-01 9.927216768264770508e-01 -6.244447827339172363e-02 -1.578054577112197876e-02 -7.899814248085021973e-01 -4.347324371337890625e-02 6.115868091583251953e-01 -2.237830162048339844e-01
6.735932826995849609e-01 5.290814489126205444e-02 7.372063994407653809e-01 9.744809150695800781e+00 -7.722552865743637085e-02 9.970135092735290527e-01 -9.922084864228963852e-04 -2.772105485200881958e-02 -7.350569963455200195e-01 -5.626272037625312805e-02 6.756668686866760254e-01 1.798218339681625366e-01
6.885459423065185547e-01 1.477282121777534485e-02 7.250429391860961914e-01 9.104851722717285156e+00 -1.094529032707214355e-02 9.998897314071655273e-01 -9.978374466300010681e-03 -7.393850386142730713e-02 -7.251109480857849121e-01 -1.065364689566195011e-03 6.886317729949951172e-01 6.829084157943725586e-01
7.536933422088623047e-01 4.594506323337554932e-02 6.556172966957092285e-01 8.465331077575683594e+00 -5.676891654729843140e-02 9.983767271041870117e-01 -4.703896120190620422e-03 3.126053139567375183e-02 -6.547687053680419922e-01 -3.367348387837409973e-02 7.550784945487976074e-01 1.098556876182556152e+00
8.369238972663879395e-01 3.979399055242538452e-02 5.458700060844421387e-01 7.708066940307617188e+00 -1.908068358898162842e-02 9.988676309585571289e-01 -4.356328025460243225e-02 3.631369769573211670e-02 -5.469857454299926758e-01 2.604343369603157043e-02 8.367365002632141113e-01 1.531470656394958496e+00
8.790295720100402832e-01 1.739566400647163391e-02 4.764505922794342041e-01 7.096942424774169922e+00 2.307348884642124176e-03 9.991674423217773438e-01 -4.073741286993026733e-02 7.829309254884719849e-02 -4.767624139785766602e-01 3.690858557820320129e-02 8.782570362091064453e-01 2.007191896438598633e+00
9.403517246246337891e-01 1.059994008392095566e-02 3.400404453277587891e-01 6.349603652954101562e+00 1.314592640846967697e-02 9.976360797882080078e-01 -6.745423376560211182e-02 6.893453001976013184e-02 -3.399517536163330078e-01 6.790111213922500610e-02 9.379886388778686523e-01 2.289986133575439453e+00
9.673584699630737305e-01 -8.891069330275058746e-03 2.532550692558288574e-01 5.652854442596435547e+00 2.907356806099414825e-02 9.966799616813659668e-01 -7.605975121259689331e-02 5.522562190890312195e-02 -2.517378926277160645e-01 8.094064146280288696e-02 9.644049406051635742e-01 2.779788494110107422e+00
9.625174999237060547e-01 -4.712628666311502457e-03 2.711792886257171631e-01 4.998644828796386719e+00 2.349220775067806244e-02 9.975402951240539551e-01 -6.604643166065216064e-02 1.377661824226379395e-01 -2.702008187770843506e-01 6.994113326072692871e-02 9.602604508399963379e-01 3.095858573913574219e+00
9.896258115768432617e-01 -2.757499925792217255e-02 1.409930586814880371e-01 4.259256362915039062e+00 3.643840178847312927e-02 9.974922537803649902e-01 -6.067422032356262207e-02 1.608713567256927490e-01 -1.389666199684143066e-01 6.518232077360153198e-02 9.881494641304016113e-01 3.419552326202392578e+00
9.998208284378051758e-01 2.495498862117528915e-03 1.874477043747901917e-02 3.545773744583129883e+00 -1.388387172482907772e-03 9.982663393020629883e-01 -5.884582176804542542e-02 3.305477276444435120e-02 -1.885911449790000916e-02 5.880935117602348328e-02 9.980911016464233398e-01 3.658196210861206055e+00
9.971582889556884766e-01 -2.168840728700160980e-02 -7.214580476284027100e-02 2.839408636093139648e+00 1.380297355353832245e-02 9.940501451492309570e-01 -1.080510318279266357e-01 -9.263323247432708740e-02 7.405986636877059937e-02 1.067482456564903259e-01 9.915240406990051270e-01 3.847905874252319336e+00
9.797506928443908691e-01 -8.383278734982013702e-03 -2.000442743301391602e-01 1.892123341560363770e+00 -3.766903886571526527e-03 9.981740117073059082e-01 -6.027947738766670227e-02 6.141446903347969055e-02 2.001841813325881958e-01 5.981225147843360901e-02 9.779307246208190918e-01 3.990754127502441406e+00
9.817786812782287598e-01 -6.714282184839248657e-02 -1.777723878622055054e-01 1.207551002502441406e+00 5.370758473873138428e-02 9.953996539115905762e-01 -7.933837920427322388e-02 -9.464206546545028687e-02 1.822817325592041016e-01 6.834500283002853394e-02 9.808682799339294434e-01 4.185578823089599609e+00
9.845432043075561523e-01 -8.392725884914398193e-02 -1.537208706140518188e-01 3.980803787708282471e-01 7.353229820728302002e-02 9.946826696395874023e-01 -7.211311906576156616e-02 -1.897133514285087585e-02 1.589555293321609497e-01 5.969487503170967102e-02 9.854793548583984375e-01 4.178302288055419922e+00
9.734413027763366699e-01 -8.945789933204650879e-02 -2.107377052307128906e-01 -6.414974927902221680e-01 7.097541540861129761e-02 9.930673837661743164e-01 -9.370449185371398926e-02 -8.190213888883590698e-02 2.176596373319625854e-01 7.625838369131088257e-02 9.730412960052490234e-01 4.280643939971923828e+00
9.484065175056457520e-01 -1.015206798911094666e-01 -3.003658056259155273e-01 -1.610991597175598145e+00 8.651800453662872314e-02 9.942647218704223633e-01 -6.287319958209991455e-02 -7.231374830007553101e-02 3.050257265567779541e-01 3.364214673638343811e-02 9.517499208450317383e-01 4.030958652496337891e+00
9.479784369468688965e-01 -1.341065019369125366e-01 -2.887070477008819580e-01 -1.982084155082702637e+00 1.081664636731147766e-01 9.886699318885803223e-01 -1.040749549865722656e-01 -7.915747165679931641e-02 2.993931174278259277e-01 6.743244081735610962e-02 9.517441987991333008e-01 3.929423332214355469e+00
9.048896431922912598e-01 -1.197891309857368469e-01 -4.084413647651672363e-01 -2.779274463653564453e+00 9.894329309463500977e-02 9.924939870834350586e-01 -7.187684625387191772e-02 -3.627777099609375000e-03 4.139855802059173584e-01 2.462822198867797852e-02 9.099500775337219238e-01 3.413217782974243164e+00
9.069139957427978516e-01 -1.523523032665252686e-01 -3.928042054176330566e-01 -3.448632478713989258e+00 1.139883697032928467e-01 9.862858057022094727e-01 -1.193589344620704651e-01 -1.667271554470062256e-02 4.056020081043243408e-01 6.347338855266571045e-02 9.118432402610778809e-01 3.071076154708862305e+00
8.735480904579162598e-01 -1.412146091461181641e-01 -4.658013582229614258e-01 -4.210525035858154297e+00 1.179700121283531189e-01 9.898809194564819336e-01 -7.885995507240295410e-02 -9.905859827995300293e-03 4.722245633602142334e-01 1.393775083124637604e-02 8.813683390617370605e-01 2.914381265640258789e+00
8.810474276542663574e-01 -1.518662422895431519e-01 -4.479852616786956787e-01 -4.818415641784667969e+00 1.300474405288696289e-01 9.883337616920471191e-01 -7.927918434143066406e-02 4.899778589606285095e-02 4.547989368438720703e-01 1.158956345170736313e-02 8.905188441276550293e-01 2.467173337936401367e+00
8.400953412055969238e-01 -1.647474169731140137e-01 -5.168159604072570801e-01 -5.522093772888183594e+00 1.485824435949325562e-01 9.862127900123596191e-01 -7.285451143980026245e-02 7.221341133117675781e-02 5.216929912567138672e-01 -1.558544673025608063e-02 8.529909253120422363e-01 2.100165367126464844e+00
8.326336741447448730e-01 -1.610789299011230469e-01 -5.298831462860107422e-01 -5.987988471984863281e+00 1.392821669578552246e-01 9.869216084480285645e-01 -8.115313947200775146e-02 -3.738312050700187683e-02 5.360249280929565430e-01 -6.232811603695154190e-03 8.441792130470275879e-01 1.573002457618713379e+00
7.676932215690612793e-01 -1.683399081230163574e-01 -6.183112263679504395e-01 -6.560074806213378906e+00 1.474077254533767700e-01 9.853943586349487305e-01 -8.526017516851425171e-02 -2.016286551952362061e-02 6.236331462860107422e-01 -2.569011040031909943e-02 7.812948822975158691e-01 1.139469146728515625e+00
7.725883722305297852e-01 -1.471739858388900757e-01 -6.176140308380126953e-01 -7.005748271942138672e+00 1.255531162023544312e-01 9.889673590660095215e-01 -7.860788702964782715e-02 -1.030520051717758179e-01 6.223693490028381348e-01 -1.681207679212093353e-02 7.825433015823364258e-01 5.959249734878540039e-01
7.757363915443420410e-01 -1.713015437126159668e-01 -6.073632240295410156e-01 -7.507515430450439453e+00 1.191957816481590271e-01 9.849020242691040039e-01 -1.255440860986709595e-01 -9.292091429233551025e-02 6.196985244750976562e-01 2.499398216605186462e-02 7.844420671463012695e-01 1.663018763065338135e-01
8.404316902160644531e-01 -1.448568552732467651e-01 -5.221977829933166504e-01 -8.007761001586914062e+00 8.055993914604187012e-02 9.863013029098510742e-01 -1.439442634582519531e-01 -1.568216383457183838e-01 5.358955264091491699e-01 7.890785485506057739e-02 8.405891060829162598e-01 -1.808231025934219360e-01
8.086476922035217285e-01 -1.277447342872619629e-01 -5.742560625076293945e-01 -8.430592536926269531e+00 7.184424251317977905e-02 9.902771711349487305e-01 -1.191200315952301025e-01 5.981369689106941223e-02 5.838897228240966797e-01 5.506894737482070923e-02 8.099631667137145996e-01 -9.831979870796203613e-02
6.810107231140136719e-01 -1.511465609073638916e-01 -7.165052294731140137e-01 -8.895302772521972656e+00 1.145713403820991516e-01 9.884082674980163574e-01 -9.960863739252090454e-02 -1.090545803308486938e-01 7.232552766799926758e-01 -1.425641402602195740e-02 6.904337406158447266e-01 8.244023472070693970e-02
6.439492106437683105e-01 -1.611539572477340698e-01 -7.479036450386047363e-01 -9.410349845886230469e+00 1.439981013536453247e-01 9.856223464012145996e-01 -8.839280903339385986e-02 -6.401281058788299561e-02 7.513951659202575684e-01 -5.077611654996871948e-02 6.578963994979858398e-01 3.324462473392486572e-01
5.483544468879699707e-01 -1.688552498817443848e-01 -8.190209865570068359e-01 -1.008389186859130859e+01 1.474341005086898804e-01 9.835819602012634277e-01 -1.040709465742111206e-01 -1.315992623567581177e-01 8.231471776962280273e-01 -6.368447840213775635e-02 5.642459988594055176e-01 4.661039412021636963e-01
5.424500703811645508e-01 -1.241167038679122925e-01 -8.308686017990112305e-01 -1.073828697204589844e+01 1.161890402436256409e-01 9.906054735183715820e-01 -7.212208211421966553e-02 -6.725215911865234375e-02 8.320140242576599121e-01 -5.741487443447113037e-02 5.517749786376953125e-01 2.501496374607086182e-01
5.188424587249755859e-01 -1.411644816398620605e-01 -8.431339263916015625e-01 -1.155905818939208984e+01 1.599451899528503418e-01 9.848855733871459961e-01 -6.647165119647979736e-02 -4.520738869905471802e-02 8.397737741470336914e-01 -1.003668680787086487e-01 5.335789918899536133e-01 1.850443482398986816e-01
5.430011749267578125e-01 -1.026009321212768555e-01 -8.334401249885559082e-01 -1.218220138549804688e+01 1.098828837275505066e-01 9.926558136940002441e-01 -5.061079561710357666e-02 -1.032032966613769531e-01 8.325122594833374023e-01 -6.409907341003417969e-02 5.502871274948120117e-01 -1.417364776134490967e-01
5.397253632545471191e-01 -1.199061721563339233e-01 -8.332577943801879883e-01 -1.299990081787109375e+01 1.372820138931274414e-01 9.890910983085632324e-01 -5.340909212827682495e-02 -1.191621050238609314e-01 8.305717706680297852e-01 -8.556523919105529785e-02 5.502985119819641113e-01 -2.137703448534011841e-01
5.360933542251586914e-01 -1.117380857467651367e-01 -8.367308378219604492e-01 -1.354618453979492188e+01 1.307019889354705811e-01 9.902350306510925293e-01 -4.849651828408241272e-02 -1.577113419771194458e-01 8.339779376983642578e-01 -8.336326479911804199e-02 5.454626679420471191e-01 -6.764286160469055176e-01
5.089840888977050781e-01 -1.326655298471450806e-01 -8.504904508590698242e-01 -1.429268646240234375e+01 1.133011952042579651e-01 9.897811412811279297e-01 -8.658669888973236084e-02 -1.381992101669311523e-01 8.532856106758117676e-01 -5.228993669152259827e-02 5.188142657279968262e-01 -9.336224198341369629e-01
4.600288271903991699e-01 -9.580086916685104370e-02 -8.827209472656250000e-01 -1.479331779479980469e+01 9.315241873264312744e-02 9.938828945159912109e-01 -5.931894108653068542e-02 -1.137158945202827454e-01 8.830041289329528809e-01 -5.493929982185363770e-02 4.661389291286468506e-01 -1.336962580680847168e+00
3.563019037246704102e-01 -6.501710414886474609e-02 -9.321060776710510254e-01 -1.512917232513427734e+01 4.146147519350051880e-02 9.976930618286132812e-01 -5.374369770288467407e-02 -6.896939873695373535e-02 9.334502220153808594e-01 -1.949772611260414124e-02 3.581759333610534668e-01 -1.768241405487060547e+00
2.527998685836791992e-01 -4.226670041680335999e-02 -9.665951132774353027e-01 -1.546853733062744141e+01 2.073747850954532623e-02 9.990528821945190430e-01 -3.826254233717918396e-02 -1.055726930499076843e-01 9.672968387603759766e-01 -1.037199050188064575e-02 2.534365653991699219e-01 -1.937857985496520996e+00
