8.940488100051879883e-01 5.672949366271495819e-03 4.479337334632873535e-01 8.400779724121093750e+00 -1.547734532505273819e-02 9.997140169143676758e-01 1.823076419532299042e-02 4.041602313518524170e-01 -4.477021992206573486e-01 -2.323201857507228851e-02 8.938808441162109375e-01 9.096066474914550781e+00
8.961181044578552246e-01 9.694836102426052094e-03 4.437097012996673584e-01 8.347365379333496094e+00 -1.949159242212772369e-02 9.996563196182250977e-01 1.752331852912902832e-02 3.813413679599761963e-01 -4.433872997760772705e-01 -2.435156702995300293e-02 8.959993124008178711e-01 8.989551544189453125e+00
8.980554342269897461e-01 7.465781643986701965e-03 4.398187696933746338e-01 8.342437744140625000e+00 -1.664140634238719940e-02 9.997168779373168945e-01 1.700982451438903809e-02 3.780449330806732178e-01 -4.395672082901000977e-01 -2.259496971964836121e-02 8.979255557060241699e-01 8.955533027648925781e+00
9.051226973533630371e-01 2.650387771427631378e-02 4.243233203887939453e-01 8.365586280822753906e+00 -3.723865374922752380e-02 9.991614818572998047e-01 1.702451892197132111e-02 3.808356523513793945e-01 -4.235162734985351562e-01 -3.121051192283630371e-02 9.053506851196289062e-01 8.772502899169921875e+00
8.584690690040588379e-01 1.347084529697895050e-02 5.126884579658508301e-01 8.622823715209960938e+00 -5.545903369784355164e-02 9.962314963340759277e-01 6.668724864721298218e-02 3.276135027408599854e-01 -5.098580718040466309e-01 -8.568215370178222656e-02 8.559808731079101562e-01 8.362595558166503906e+00
8.573788404464721680e-01 5.505651235580444336e-02 5.117326378822326660e-01 8.769624710083007812e+00 -1.305570155382156372e-01 9.850071072578430176e-01 1.127654537558555603e-01 4.193377494812011719e-01 -4.978517889976501465e-01 -1.634929925203323364e-01 8.517121672630310059e-01 7.643564701080322266e+00
8.699423074722290039e-01 1.540454477071762085e-02 4.929130673408508301e-01 9.114511489868164062e+00 -3.371280804276466370e-02 9.990314245223999023e-01 2.827795967459678650e-02 3.078982532024383545e-01 -4.920000135898590088e-01 -4.121767356991767883e-02 8.696189522743225098e-01 7.203961372375488281e+00
8.362432122230529785e-01 6.730690598487854004e-03 5.483174920082092285e-01 9.409555435180664062e+00 -5.290152877569198608e-02 9.962509274482727051e-01 6.845138967037200928e-02 2.776094675064086914e-01 -5.458009839057922363e-01 -8.624883741140365601e-02 8.334642052650451660e-01 6.609022617340087891e+00
8.734982013702392578e-01 1.474402286112308502e-02 4.866039454936981201e-01 9.675512313842773438e+00 -6.764793395996093750e-02 9.935202002525329590e-01 9.133066982030868530e-02 2.690402269363403320e-01 -4.821042716503143311e-01 -1.126949265599250793e-01 8.688356280326843262e-01 5.955259799957275391e+00
8.281916379928588867e-01 1.967578567564487457e-02 5.600996017456054688e-01 1.003400897979736328e+01 -8.716101944446563721e-02 9.917455911636352539e-01 9.404157102108001709e-02 2.774913311004638672e-01 -5.536258816719055176e-01 -1.267032921314239502e-01 8.230702280998229980e-01 5.456013202667236328e+00
8.211622238159179688e-01 4.425950348377227783e-02 5.689758658409118652e-01 1.021277618408203125e+01 -1.091820001602172852e-01 9.907563924789428711e-01 8.050561696290969849e-02 2.409167885780334473e-01 -5.601533651351928711e-01 -1.282300949096679688e-01 8.184040784835815430e-01 4.800792694091796875e+00
8.073186874389648438e-01 4.009971767663955688e-02 5.887516140937805176e-01 1.048864459991455078e+01 -9.409097582101821899e-02 9.936720132827758789e-01 6.134237349033355713e-02 1.922695189714431763e-01 -5.825661420822143555e-01 -1.049190536141395569e-01 8.059830069541931152e-01 4.115655899047851562e+00
7.970669269561767578e-01 3.410209715366363525e-02 6.029273271560668945e-01 1.077284717559814453e+01 -9.513897448778152466e-02 9.930274486541748047e-01 6.960674375295639038e-02 1.287367045879364014e-01 -5.963496565818786621e-01 -1.128431111574172974e-01 7.947537302970886230e-01 3.433768749237060547e+00
7.856147885322570801e-01 2.749127708375453949e-02 6.181048750877380371e-01 1.103880977630615234e+01 -8.507800847291946411e-02 9.943224191665649414e-01 6.391041725873947144e-02 1.114642322063446045e-01 -6.128387451171875000e-01 -1.027961075305938721e-01 7.834932804107666016e-01 2.639748096466064453e+00
7.326098680496215820e-01 -1.714574918150901794e-02 6.804328560829162598e-01 1.112602710723876953e+01 -7.202344387769699097e-02 9.921173453330993652e-01 1.025460138916969299e-01 4.330350831151008606e-02 -6.768274903297424316e-01 -1.241333335638046265e-01 7.256000638008117676e-01 1.834127306938171387e+00
7.070908546447753906e-01 4.213964939117431641e-02 7.058659791946411133e-01 1.143779754638671875e+01 -1.318537741899490356e-01 9.885726571083068848e-01 7.306553423404693604e-02 3.265044465661048889e-02 -6.947209835052490234e-01 -1.447350531816482544e-01 7.045669555664062500e-01 1.136150002479553223e+00
6.573798656463623047e-01 1.630525663495063782e-02 7.533829212188720703e-01 1.177663516998291016e+01 -8.529849350452423096e-02 9.949504137039184570e-01 5.289553850889205933e-02 -6.215914618223905563e-03 -7.487161159515380859e-01 -9.903490543365478516e-02 6.554511785507202148e-01 4.379514753818511963e-01
6.728377342224121094e-01 6.040958315134048462e-02 7.373194694519042969e-01 1.201817703247070312e+01 -1.305405795574188232e-01 9.907162189483642578e-01 3.795351833105087280e-02 -2.919599972665309906e-02 -7.281817197799682617e-01 -1.217866688966751099e-01 6.744771599769592285e-01 -3.438989222049713135e-01
5.760355591773986816e-01 1.582027412950992584e-02 8.172716498374938965e-01 1.229431152343750000e+01 -1.010356396436691284e-01 9.935239553451538086e-01 5.198062956333160400e-02 -4.062371328473091125e-02 -8.111565709114074707e-01 -1.125162392854690552e-01 5.739035010337829590e-01 -9.843282103538513184e-01
6.076720356941223145e-01 4.586233943700790405e-02 7.928627729415893555e-01 1.250510787963867188e+01 -1.167613640427589417e-01 9.926421046257019043e-01 3.207076713442802429e-02 -4.773678630590438843e-02 -7.855581641197204590e-01 -1.120642423629760742e-01 6.085557341575622559e-01 -1.764054179191589355e+00
4.460456669330596924e-01 -8.559351786971092224e-03 8.949692845344543457e-01 1.276001739501953125e+01 -9.168059378862380981e-02 9.942571520805358887e-01 5.520181357860565186e-02 -8.575247973203659058e-02 -8.903021216392517090e-01 -1.066738367080688477e-01 4.426994025707244873e-01 -2.469965934753417969e+00
3.731062412261962891e-01 -2.960650995373725891e-02 9.273161292076110840e-01 1.293428039550781250e+01 -1.046163365244865417e-01 9.917737841606140137e-01 7.375691086053848267e-02 -9.724500030279159546e-02 -9.218714833259582520e-01 -1.245315819978713989e-01 3.669396936893463135e-01 -3.198813676834106445e+00
3.568976223468780518e-01 -5.789695307612419128e-03 9.341255426406860352e-01 1.320660686492919922e+01 -1.145270317792892456e-01 9.921657443046569824e-01 4.990631341934204102e-02 -1.324561685323715210e-01 -9.270964264869689941e-01 -1.247940659523010254e-01 3.534385263919830322e-01 -3.888432025909423828e+00
2.559410035610198975e-01 -3.493684530258178711e-02 9.660608768463134766e-01 1.335488510131835938e+01 -9.411170333623886108e-02 9.936990737915039062e-01 6.086961925029754639e-02 -1.682001352310180664e-01 -9.621004462242126465e-01 -1.064966619014739990e-01 2.510403692722320557e-01 -4.601546287536621094e+00
4.414796456694602966e-02 -4.179690405726432800e-02 9.981502294540405273e-01 1.370274543762207031e+01 -1.342558264732360840e-01 9.898132085800170898e-01 4.738589003682136536e-02 -2.155335992574691772e-01 -9.899628758430480957e-01 -1.360994875431060791e-01 3.808673471212387085e-02 -5.310095310211181641e+00
-2.139920135959982872e-03 -1.031423881649971008e-01 9.946642518043518066e-01 1.367089462280273438e+01 -1.017944142222404480e-01 9.895221590995788574e-01 1.023901700973510742e-01 -2.776382565498352051e-01 -9.948031902313232422e-01 -1.010321602225303650e-01 -1.261681783944368362e-02 -6.043058395385742188e+00
-3.000170737504959106e-02 -4.061870649456977844e-02 9.987241625785827637e-01 1.377878284454345703e+01 -1.234136298298835754e-01 9.916791915893554688e-01 3.662483394145965576e-02 -2.797761261463165283e-01 -9.919017553329467773e-01 -1.221573725342750549e-01 -3.476496785879135132e-02 -6.718470573425292969e+00
-1.000381261110305786e-02 -3.431808948516845703e-02 9.993609189987182617e-01 1.373695659637451172e+01 -9.091006964445114136e-02 9.953032732009887695e-01 3.326871991157531738e-02 -2.901123166084289551e-01 -9.958088397979736328e-01 -9.051915258169174194e-02 -1.307668816298246384e-02 -7.453900337219238281e+00
-3.581645339727401733e-02 1.127877039834856987e-03 9.993578195571899414e-01 1.366303253173828125e+01 -9.095928072929382324e-02 9.958450794219970703e-01 -4.383841995149850845e-03 -3.151549696922302246e-01 -9.952102899551391602e-01 -9.105788171291351318e-02 -3.556498885154724121e-02 -8.119196891784667969e+00
-1.273056715726852417e-01 -3.822260349988937378e-02 9.911267161369323730e-01 1.357083606719970703e+01 -9.389178454875946045e-02 9.952343702316284180e-01 2.632104791700839996e-02 -3.253651857376098633e-01 -9.874094724655151367e-01 -8.970785140991210938e-02 -1.302877813577651978e-01 -8.877003669738769531e+00
-1.770809739828109741e-01 -3.937660157680511475e-02 9.834082126617431641e-01 1.332583236694335938e+01 -1.125801280140876770e-01 9.934511780738830566e-01 1.950657926499843597e-02 -3.194958567619323730e-01 -9.777361750602722168e-01 -1.072579845786094666e-01 -1.803543418645858765e-01 -9.567366600036621094e+00
-3.006036281585693359e-01 -8.861918002367019653e-02 9.496231675148010254e-01 1.309174728393554688e+01 -1.123358458280563354e-01 9.920332431793212891e-01 5.701692402362823486e-02 -3.419123589992523193e-01 -9.471104145050048828e-01 -8.953723311424255371e-02 -3.081638813018798828e-01 -1.028206729888916016e+01
-3.307536244392395020e-01 -9.130877256393432617e-02 9.392895698547363281e-01 1.269284439086914062e+01 -1.220739856362342834e-01 9.910855889320373535e-01 5.335778743028640747e-02 -3.592253327369689941e-01 -9.357882738113403320e-01 -9.701453894376754761e-02 -3.389515578746795654e-01 -1.091951179504394531e+01
-3.874530494213104248e-01 -1.035029515624046326e-01 9.160607457160949707e-01 1.226794242858886719e+01 -1.145571470260620117e-01 9.913811683654785156e-01 6.356059759855270386e-02 -4.014768600463867188e-01 -9.147440791130065918e-01 -8.031453937292098999e-02 -3.959706723690032959e-01 -1.153386211395263672e+01
-3.761558532714843750e-01 -1.064331531524658203e-01 9.204231500625610352e-01 1.182657241821289062e+01 -9.879792481660842896e-02 9.923245310783386230e-01 7.437102496623992920e-02 -4.258962571620941162e-01 -9.212739467620849609e-01 -6.296080350875854492e-02 -3.837840557098388672e-01 -1.204473876953125000e+01
-5.256928801536560059e-01 -1.545929759740829468e-01 8.365094065666198730e-01 1.098362255096435547e+01 -1.473846435546875000e-01 9.850290417671203613e-01 8.941861987113952637e-02 -4.339546859264373779e-01 -8.378095626831054688e-01 -7.628189772367477417e-02 -5.406072735786437988e-01 -1.283020687103271484e+01
-3.942975699901580811e-01 -1.308929622173309326e-01 9.096133708953857422e-01 1.039152431488037109e+01 -8.938118815422058105e-02 9.905740022659301758e-01 1.037983894348144531e-01 -4.876997470855712891e-01 -9.146258234977722168e-01 -4.037485271692276001e-02 -4.022804200649261475e-01 -1.284903240203857422e+01
-3.458392024040222168e-01 -8.456227928400039673e-02 9.344755411148071289e-01 1.007989311218261719e+01 -2.374646067619323730e-02 9.964004158973693848e-01 8.137766271829605103e-02 -4.600320160388946533e-01 -9.379931688308715820e-01 5.953093525022268295e-03 -3.466023802757263184e-01 -1.254743862152099609e+01
-3.292443454265594482e-01 -5.510648339986801147e-02 9.426354169845581055e-01 9.932679176330566406e+00 -5.924374982714653015e-02 9.975343346595764160e-01 3.762317076325416565e-02 -4.197859168052673340e-01 -9.423843026161193848e-01 -4.345803707838058472e-02 -3.316972851753234863e-01 -1.200920391082763672e+01
-3.747026622295379639e-01 8.187984116375446320e-03 9.271088838577270508e-01 9.698289871215820312e+00 -1.222294662147760391e-02 9.998304247856140137e-01 -1.377030182629823685e-02 -3.795416951179504395e-01 -9.270644783973693848e-01 -1.649177074432373047e-02 -3.745390772819519043e-01 -1.134773635864257812e+01
-3.794420659542083740e-01 1.008138293400406837e-03 9.252148866653442383e-01 9.608293533325195312e+00 2.970514632761478424e-02 9.994971156120300293e-01 1.109337247908115387e-02 -3.471045792102813721e-01 -9.247385263442993164e-01 3.169293701648712158e-02 -3.792812228202819824e-01 -1.066763687133789062e+01
-2.172283530235290527e-01 1.195036768913269043e-01 9.687779545783996582e-01 9.269954681396484375e+00 1.927610114216804504e-02 9.928091764450073242e-01 -1.181457936763763428e-01 -3.013056516647338867e-01 -9.759304523468017578e-01 -6.990360096096992493e-03 -2.179698944091796875e-01 -9.276321411132812500e+00
-1.408696770668029785e-01 8.699564635753631592e-02 9.861985445022583008e-01 9.123771667480468750e+00 -4.280200973153114319e-02 9.946652650833129883e-01 -9.385641664266586304e-02 -2.471716552972793579e-01 -9.891024827957153320e-01 -5.543279647827148438e-02 -1.363945752382278442e-01 -8.572021484375000000e+00
-5.445878952741622925e-02 9.310461580753326416e-02 9.941658377647399902e-01 8.941697120666503906e+00 -4.487249068915843964e-03 9.956105351448059082e-01 -9.348571300506591797e-02 -2.353708893060684204e-01 -9.985059499740600586e-01 -9.552188217639923096e-03 -5.380199849605560303e-02 -7.790387153625488281e+00
-1.005320996046066284e-02 7.104603946208953857e-02 9.974222779273986816e-01 8.770526885986328125e+00 -9.144694544374942780e-03 9.974245429039001465e-01 -7.113837450742721558e-02 -2.205317169427871704e-01 -9.999075531959533691e-01 -9.836293756961822510e-03 -9.377635084092617035e-03 -7.084825038909912109e+00
-4.011980816721916199e-02 8.714770525693893433e-02 9.953871965408325195e-01 8.554155349731445312e+00 9.827201720327138901e-04 9.961921572685241699e-01 -8.717858046293258667e-02 -1.924827247858047485e-01 -9.991943240165710449e-01 -2.519399859011173248e-03 -4.005264863371849060e-02 -6.317775726318359375e+00
9.098120778799057007e-02 3.929654508829116821e-02 9.950769543647766113e-01 8.210172653198242188e+00 -3.001433610916137695e-02 9.988753795623779297e-01 -3.670229390263557434e-02 -1.486497521400451660e-01 -9.954001307487487793e-01 -2.652735263109207153e-02 9.205835312604904175e-02 -5.614304065704345703e+00
1.476590633392333984e-01 5.166185647249221802e-02 9.876881241798400879e-01 7.890153884887695312e+00 2.531404606997966766e-02 9.981102943420410156e-01 -5.599143356084823608e-02 -1.243109032511711121e-01 -9.887143373489379883e-01 3.327002748847007751e-02 1.460722684860229492e-01 -4.954691886901855469e+00
4.202465116977691650e-01 1.530895568430423737e-02 9.072808623313903809e-01 7.483188629150390625e+00 -3.215701784938573837e-03 9.998764991760253906e-01 -1.538187265396118164e-02 -7.346550375223159790e-02 -9.074042439460754395e-01 3.546634688973426819e-03 4.202438890933990479e-01 -4.259630203247070312e+00
6.319978833198547363e-01 3.627466037869453430e-02 7.741206288337707520e-01 7.012566089630126953e+00 -1.043269131332635880e-02 9.992116689682006836e-01 -3.830491378903388977e-02 -5.485419929027557373e-02 -7.748998999595642090e-01 1.613246090710163116e-02 6.318780779838562012e-01 -3.700425386428833008e+00
7.888223528861999512e-01 -1.368597149848937988e-02 6.144688725471496582e-01 6.554938316345214844e+00 2.214915305376052856e-02 9.997356534004211426e-01 -6.166941020637750626e-03 -3.894731029868125916e-02 -6.142220497131347656e-01 1.847458817064762115e-02 7.889168858528137207e-01 -3.105563163757324219e+00
8.251630663871765137e-01 -2.413452044129371643e-02 5.643788576126098633e-01 6.028352737426757812e+00 3.744944930076599121e-02 9.992262125015258789e-01 -1.202393881976604462e-02 -2.880364097654819489e-02 -5.636519193649291992e-01 3.105738386511802673e-02 8.254283666610717773e-01 -2.618702411651611328e+00
8.941000103950500488e-01 -4.090544953942298889e-02 4.459952712059020996e-01 5.501276493072509766e+00 4.765368625521659851e-02 9.988561868667602539e-01 -3.920461051166057587e-03 -4.577764775604009628e-03 -4.453248083591461182e-01 2.475860714912414551e-02 8.950267434120178223e-01 -2.078702211380004883e+00
8.531229496002197266e-01 -2.993463911116123199e-02 5.208505392074584961e-01 4.905590057373046875e+00 3.489376604557037354e-02 9.993909597396850586e-01 2.836437779478728771e-04 -4.410498309880495071e-03 -5.205418467521667480e-01 1.793245598673820496e-02 8.536477684974670410e-01 -1.578642368316650391e+00
9.128693342208862305e-01 -4.742106050252914429e-02 4.054883718490600586e-01 4.315912723541259766e+00 5.002810433506965637e-02 9.987391233444213867e-01 4.173093475401401520e-03 -1.655266503803431988e-03 -4.051750898361206055e-01 1.647632941603660583e-02 9.140906333923339844e-01 -1.067160367965698242e+00
9.384551048278808594e-01 -3.354911506175994873e-02 3.437680006027221680e-01 3.630819559097290039e+00 3.548208996653556824e-02 9.993701577186584473e-01 6.679706275463104248e-04 -3.197772428393363953e-02 -3.435738682746887207e-01 1.157074049115180969e-02 9.390543103218078613e-01 -6.839857697486877441e-01
9.552525877952575684e-01 -5.345638096332550049e-02 2.909207940101623535e-01 2.952697515487670898e+00 7.090485095977783203e-02 9.962411522865295410e-01 -4.976132884621620178e-02 -3.013505972921848297e-02 -2.871671915054321289e-01 6.816232949495315552e-02 9.554522037506103516e-01 -2.066029608249664307e-01
9.848265647888183594e-01 -8.891014009714126587e-02 1.490354835987091064e-01 2.208353757858276367e+00 8.759118616580963135e-02 9.960374236106872559e-01 1.540366932749748230e-02 -4.780826345086097717e-02 -1.498145014047622681e-01 -2.115744398906826973e-03 9.887118339538574219e-01 -2.256094478070735931e-02
9.958482980728149414e-01 -4.148856550455093384e-02 8.102361112833023071e-02 1.437280416488647461e+00 4.753488674759864807e-02 9.961113929748535156e-01 -7.417961955070495605e-02 -2.368914894759654999e-02 -7.763095945119857788e-02 7.772310823202133179e-02 9.939480423927307129e-01 2.122107744216918945e-01
9.957504272460937500e-01 -8.537854999303817749e-02 -3.451831638813018799e-02 6.818856596946716309e-01 8.476977050304412842e-02 9.962243437767028809e-01 -1.873420365154743195e-02 -4.167335480451583862e-02 3.598748892545700073e-02 1.572848670184612274e-02 9.992284178733825684e-01 2.850587069988250732e-01
9.924290180206298828e-01 -1.105460003018379211e-01 -5.351871624588966370e-02 -1.606464385986328125e-01 1.076561585068702698e-01 9.927113056182861328e-01 -5.417113751173019409e-02 -4.697318747639656067e-02 5.911701545119285583e-02 4.799938574433326721e-02 9.970964193344116211e-01 3.415375947952270508e-01
9.843116402626037598e-01 -9.077490866184234619e-02 -1.512956768274307251e-01 -9.090109467506408691e-01 9.038630872964859009e-02 9.958618283271789551e-01 -9.458097629249095917e-03 1.191018521785736084e-02 1.515281349420547485e-01 -4.365344066172838211e-03 9.884433150291442871e-01 4.196512997150421143e-01
9.851417541503906250e-01 -1.025885716080665588e-01 -1.377364248037338257e-01 -1.767755389213562012e+00 9.543568640947341919e-02 9.937685728073120117e-01 -5.758543685078620911e-02 6.385964807122945786e-03 1.427857577800750732e-01 4.358483105897903442e-02 9.887934923171997070e-01 5.168988108634948730e-01
9.611495137214660645e-01 -1.331369280815124512e-01 -2.417977452278137207e-01 -2.497727632522583008e+00 1.283454298973083496e-01 9.910927414894104004e-01 -3.553338721394538879e-02 -1.560845226049423218e-02 2.443748116493225098e-01 3.119259839877486229e-03 9.696757793426513672e-01 6.354419589042663574e-01
9.517956376075744629e-01 -1.384421288967132568e-01 -2.737128138542175293e-01 -3.349905967712402344e+00 1.303059160709381104e-01 9.903219342231750488e-01 -4.777882620692253113e-02 -3.294974938035011292e-02 2.776784002780914307e-01 9.809284470975399017e-03 9.606240391731262207e-01 5.703305602073669434e-01
9.319331645965576172e-01 -1.448392868041992188e-01 -3.324485123157501221e-01 -4.122089385986328125e+00 1.381119638681411743e-01 9.894425272941589355e-01 -4.391369968652725220e-02 -3.922341018915176392e-02 3.352991342544555664e-01 -4.990481771528720856e-03 9.420985579490661621e-01 6.400952935218811035e-01
9.194440841674804688e-01 -1.519199460744857788e-01 -3.626886606216430664e-01 -5.033301830291748047e+00 1.511774361133575439e-01 9.880324602127075195e-01 -3.061209619045257568e-02 -4.367177933454513550e-02 3.629987835884094238e-01 -2.668422274291515350e-02 9.314075112342834473e-01 4.524407386779785156e-01
9.005593657493591309e-01 -1.311928778886795044e-01 -4.144650101661682129e-01 -5.781389713287353516e+00 1.260849833488464355e-01 9.912208914756774902e-01 -3.979617357254028320e-02 -2.641987055540084839e-02 4.160473346710205078e-01 -1.641898974776268005e-02 9.091946482658386230e-01 3.797084093093872070e-01
8.916391134262084961e-01 -1.095814257860183716e-01 -4.392853081226348877e-01 -6.443285465240478516e+00 1.051079928874969482e-01 9.938594102859497070e-01 -3.457920253276824951e-02 -4.940202832221984863e-02 4.403770864009857178e-01 -1.534023135900497437e-02 8.976817131042480469e-01 2.511996924877166748e-01
8.895097970962524414e-01 -3.224223107099533081e-02 -4.557771682739257812e-01 -7.210559844970703125e+00 7.392922788858413696e-02 9.945194125175476074e-01 7.392920553684234619e-02 -6.215717177838087082e-03 4.508956372737884521e-01 -9.945600479841232300e-02 8.870183229446411133e-01 1.254232525825500488e-01
8.626294136047363281e-01 -3.077424876391887665e-02 -5.048995018005371094e-01 -7.975465297698974609e+00 7.386603951454162598e-02 9.951116442680358887e-01 6.554810702800750732e-02 -1.883561015129089355e-01 5.004141926765441895e-01 -9.383864700794219971e-02 8.606857061386108398e-01 -1.009212434291839600e-01
7.928183674812316895e-01 -8.232981711626052856e-02 -6.038715839385986328e-01 -8.749795913696289062e+00 1.471681147813796997e-01 9.873740673065185547e-01 5.860064551234245300e-02 1.035935357213020325e-01 5.914225578308105469e-01 -1.353303045034408569e-01 7.949245572090148926e-01 -3.095465600490570068e-01
7.890828251838684082e-01 -8.519700914621353149e-02 -6.083500385284423828e-01 -9.381412506103515625e+00 1.344019323587417603e-01 9.902855753898620605e-01 3.564542159438133240e-02 -2.087651789188385010e-01 5.994033217430114746e-01 -1.098906248807907104e-01 7.928678989410400391e-01 -3.721630871295928955e-01
7.505725026130676270e-01 -1.093571409583091736e-01 -6.516762971878051758e-01 -1.015909767150878906e+01 1.454460024833679199e-01 9.893651008605957031e-01 1.494055031798779964e-03 -9.402561187744140625e-02 6.445823311805725098e-01 -9.590511023998260498e-02 7.584958076477050781e-01 -6.885998249053955078e-01
7.621231675148010254e-01 -7.865265756845474243e-02 -6.426367759704589844e-01 -1.079385948181152344e+01 1.534905135631561279e-01 9.862455129623413086e-01 6.132211536169052124e-02 -1.280880570411682129e-01 6.289744973182678223e-01 -1.453736573457717896e-01 7.637130618095397949e-01 -7.729965448379516602e-01
6.387209892272949219e-01 -4.729015007615089417e-02 -7.679838538169860840e-01 -1.138929557800292969e+01 1.539212614297866821e-01 9.857876300811767578e-01 6.731221079826354980e-02 -7.060999423265457153e-02 7.538857460021972656e-01 -1.612027436494827271e-01 6.369222402572631836e-01 -1.027964949607849121e+00
5.793653130531311035e-01 -4.627077654004096985e-02 -8.137536048889160156e-01 -1.209662342071533203e+01 1.389822512865066528e-01 9.893741607666015625e-01 4.269396513700485229e-02 -1.256312131881713867e-01 8.031313419342041016e-01 -1.378327161073684692e-01 5.796397924423217773e-01 -1.128149509429931641e+00
6.155471205711364746e-01 -6.627308577299118042e-02 -7.853086590766906738e-01 -1.275771713256835938e+01 1.190069839358329773e-01 9.928480982780456543e-01 9.493459016084671021e-03 -7.340461015701293945e-02 7.790629267692565918e-01 -9.930088371038436890e-02 6.190317273139953613e-01 -1.483554601669311523e+00
5.446915030479431152e-01 -9.828362613916397095e-02 -8.328574299812316895e-01 -1.340241718292236328e+01 1.572398543357849121e-01 9.874653816223144531e-01 -1.369318272918462753e-02 -7.487788051366806030e-02 8.237637877464294434e-01 -1.234998330473899841e-01 5.533180832862854004e-01 -1.774840354919433594e+00
4.295354783535003662e-01 -6.274901330471038818e-02 -9.008672833442687988e-01 -1.384238338470458984e+01 1.209340393543243408e-01 9.925942420959472656e-01 -1.147655304521322250e-02 -7.862755656242370605e-02 8.949158191680908203e-01 -1.040159314870834351e-01 4.339428544044494629e-01 -2.209033012390136719e+00
3.276569843292236328e-01 -4.651905968785285950e-02 -9.436507821083068848e-01 -1.435154342651367188e+01 1.096105948090553284e-01 9.939143061637878418e-01 -1.093760970979928970e-02 -1.344421803951263428e-01 9.384169578552246094e-01 -9.985034912824630737e-02 3.307620286941528320e-01 -2.640248537063598633e+00
2.688956558704376221e-01 -2.573397569358348846e-02 -9.628254175186157227e-01 -1.470435047149658203e+01 5.778593942523002625e-02 9.982732534408569336e-01 -1.054308842867612839e-02 -1.332081407308578491e-01 9.614343047142028809e-01 -5.280278250575065613e-02 2.699184417724609375e-01 -3.117724657058715820e+00
2.605842053890228271e-01 -1.755843288265168667e-03 -9.654495716094970703e-01 -1.492408084869384766e+01 1.958206482231616974e-02 9.998021721839904785e-01 3.467069938778877258e-03 -5.416851118206977844e-02 9.652524590492248535e-01 -1.980895921587944031e-02 2.605670690536499023e-01 -3.454320192337036133e+00
1.865355074405670166e-01 2.118233777582645416e-02 -9.822197556495666504e-01 -1.507108116149902344e+01 -2.450062520802021027e-02 9.995568990707397461e-01 1.690325699746608734e-02 -6.025276333093643188e-02 9.821426272392272949e-01 2.091194316744804382e-02 1.869718283414840698e-01 -3.692321777343750000e+00
3.205907642841339111e-01 -8.030079188756644726e-04 -9.472174048423767090e-01 -1.507485580444335938e+01 -2.037007827311754227e-03 9.999967217445373535e-01 -1.537187141366302967e-03 -6.153093278408050537e-02 9.472154974937438965e-01 2.422297606244683266e-03 3.205882012844085693e-01 -3.624697685241699219e+00
3.612609207630157471e-01 2.849389053881168365e-02 -9.320293664932250977e-01 -1.495654582977294922e+01 8.350106887519359589e-03 9.993940591812133789e-01 3.378991037607192993e-02 -4.035998135805130005e-02 9.324274063110351562e-01 -1.998951658606529236e-02 3.608040809631347656e-01 -3.433008670806884766e+00
3.504292964935302734e-01 9.360644035041332245e-04 -9.365887045860290527e-01 -1.452467250823974609e+01 2.289536409080028534e-02 9.996920824050903320e-01 9.565545246005058289e-03 -1.338702626526355743e-02 9.363093376159667969e-01 -2.479558438062667847e-02 3.502999842166900635e-01 -3.356888532638549805e+00
3.451054692268371582e-01 2.926760353147983551e-02 -9.381075501441955566e-01 -1.409315395355224609e+01 -1.931469701230525970e-02 9.995235204696655273e-01 2.407831512391567230e-02 -4.991296678781509399e-02 9.383651614189147949e-01 9.809704497456550598e-03 3.455062508583068848e-01 -3.241751432418823242e+00
3.987095057964324951e-01 4.014279693365097046e-02 -9.161983132362365723e-01 -1.351900577545166016e+01 -4.728552419692277908e-03 9.991182684898376465e-01 4.171813279390335083e-02 -4.357802122831344604e-02 9.170650243759155273e-01 -1.230112556368112564e-02 3.985477387905120850e-01 -3.138347148895263672e+00
3.840170800685882568e-01 3.281012177467346191e-02 -9.227428436279296875e-01 -1.288921260833740234e+01 -3.025527484714984894e-02 9.992789030075073242e-01 2.294021472334861755e-02 -3.097454085946083069e-02 9.228301048278808594e-01 1.910840347409248352e-02 3.847328722476959229e-01 -3.049572944641113281e+00
4.011263549327850342e-01 2.797614783048629761e-02 -9.155954122543334961e-01 -1.229867649078369141e+01 -1.761259697377681732e-02 9.995842576026916504e-01 2.282628603279590607e-02 -1.913627795875072479e-02 9.158533215522766113e-01 6.969782523810863495e-03 4.014523625373840332e-01 -2.857618093490600586e+00
4.038684368133544922e-01 1.452510524541139603e-02 -9.147018194198608398e-01 -1.169822597503662109e+01 2.313788514584302902e-03 9.998545646667480469e-01 1.689890399575233459e-02 -3.456974774599075317e-02 9.148142337799072266e-01 -8.941360749304294586e-03 4.037759900093078613e-01 -2.751798152923583984e+00
3.999728560447692871e-01 8.830616250634193420e-03 -9.164845347404479980e-01 -1.113135147094726562e+01 -4.270571097731590271e-02 9.990471005439758301e-01 -9.011521004140377045e-03 -4.871925711631774902e-02 9.155315160751342773e-01 4.274347797036170959e-02 3.999687731266021729e-01 -2.526206016540527344e+00
4.681052565574645996e-01 1.501611061394214630e-02 -8.835451006889343262e-01 -1.052723217010498047e+01 3.225032240152359009e-03 9.998198747634887695e-01 1.870087161660194397e-02 -4.726595804095268250e-02 8.836668133735656738e-01 -1.160343922674655914e-02 4.679725468158721924e-01 -2.362846851348876953e+00
4.866101443767547607e-01 2.399455383419990540e-02 -8.732896447181701660e-01 -9.896852493286132812e+00 -2.076920121908187866e-02 9.996579289436340332e-01 1.589374430477619171e-02 -8.357404731214046478e-03 8.733723163604736328e-01 1.040347386151552200e-02 4.869420230388641357e-01 -2.249687671661376953e+00
5.301851630210876465e-01 1.475571002811193466e-02 -8.477533459663391113e-01 -9.338549613952636719e+00 -3.653470485005527735e-04 9.998524785041809082e-01 1.717460528016090393e-02 -2.290953509509563446e-02 8.478817343711853027e-01 -8.795999921858310699e-03 5.301124453544616699e-01 -1.983606100082397461e+00
4.724054336547851562e-01 8.552657067775726318e-02 -8.772220015525817871e-01 -8.680855751037597656e+00 -3.351378813385963440e-02 9.963040351867675781e-01 7.908874005079269409e-02 2.441121824085712433e-02 8.807439208030700684e-01 -7.962916046380996704e-03 4.735257327556610107e-01 -1.839485049247741699e+00
4.763685166835784912e-01 5.880656838417053223e-02 -8.772768974304199219e-01 -8.108864784240722656e+00 -3.134154900908470154e-02 9.982624650001525879e-01 4.989787936210632324e-02 1.712676696479320526e-02 8.786869049072265625e-01 3.725432557985186577e-03 4.773839116096496582e-01 -1.413255691528320312e+00
3.929760754108428955e-01 7.569614052772521973e-02 -9.164278507232666016e-01 -7.362571239471435547e+00 -6.584056187421083450e-03 9.968121051788330078e-01 7.951249927282333374e-02 -1.326799839735031128e-01 9.195252060890197754e-01 -2.521269768476486206e-02 3.922217488288879395e-01 -1.192416191101074219e+00
4.778606593608856201e-01 4.873116314411163330e-02 -8.770830631256103516e-01 -6.777478218078613281e+00 -1.190904155373573303e-02 9.987277388572692871e-01 4.900141432881355286e-02 -1.105871424078941345e-01 8.783549666404724121e-01 -1.297062728554010391e-02 4.778329133987426758e-01 -7.446424365043640137e-01
5.641950964927673340e-01 1.551734004169702530e-02 -8.254956603050231934e-01 -6.163453578948974609e+00 2.699541859328746796e-02 9.989421963691711426e-01 3.722807019948959351e-02 -7.218049466609954834e-02 8.251999616622924805e-01 -4.328849911689758301e-02 5.631794333457946777e-01 -4.556013047695159912e-01
5.629524588584899902e-01 1.527658011764287949e-02 -8.263480663299560547e-01 -5.486639976501464844e+00 -3.860380034893751144e-03 9.998668432235717773e-01 1.585450023412704468e-02 -8.244801312685012817e-02 8.264801502227783203e-01 -5.735313985496759415e-03 5.629365444183349609e-01 -2.514766752719879150e-01
6.440422534942626953e-01 2.910440228879451752e-02 -7.644360661506652832e-01 -4.783236503601074219e+00 -1.982280984520912170e-02 9.995754957199096680e-01 2.135602943599224091e-02 -1.220774501562118530e-01 7.647330760955810547e-01 1.399081200361251831e-03 6.443457007408142090e-01 -4.541284218430519104e-02
7.107626199722290039e-01 1.530168578028678894e-02 -7.032654285430908203e-01 -4.044694900512695312e+00 -2.348809130489826202e-02 9.997222423553466797e-01 -1.986486604437232018e-03 -1.066121831536293030e-01 7.030395865440368652e-01 1.793027669191360474e-02 7.109246850013732910e-01 1.009428724646568298e-01
8.055488467216491699e-01 3.926322609186172485e-02 -5.912271738052368164e-01 -3.353243827819824219e+00 -3.153733164072036743e-02 9.992288351058959961e-01 2.338878996670246124e-02 -2.144322916865348816e-02 5.916895866394042969e-01 -1.950803707586601377e-04 8.061658740043640137e-01 2.967909574508666992e-01
8.357483744621276855e-01 3.033550828695297241e-02 -5.482739210128784180e-01 -2.628007173538208008e+00 -1.753050647675991058e-02 9.994378685951232910e-01 2.857578359544277191e-02 -5.969126522541046143e-02 5.488325953483581543e-01 -1.427064556628465652e-02 8.358104228973388672e-01 4.914083480834960938e-01
9.200187921524047852e-01 2.397017739713191986e-02 -3.911403715610504150e-01 -1.979249954223632812e+00 -2.204788103699684143e-02 9.997125864028930664e-01 9.405380114912986755e-03 -3.923147171735763550e-02 3.912534415721893311e-01 -2.930837399617303163e-05 9.202829599380493164e-01 7.401542663574218750e-01
9.403205513954162598e-01 2.678245306015014648e-02 -3.392343819141387939e-01 -1.257897973060607910e+00 -1.637702807784080505e-02 9.993045926094055176e-01 3.349946811795234680e-02 -2.127000689506530762e-02 3.398956656455993652e-01 -2.594458870589733124e-02 9.401052594184875488e-01 8.655083179473876953e-01
9.773087501525878906e-01 4.469284787774085999e-02 -2.070510387420654297e-01 -5.233736634254455566e-01 -3.623055666685104370e-02 9.983528256416320801e-01 4.448561370372772217e-02 -1.703393831849098206e-02 2.086981832981109619e-01 -3.597460687160491943e-02 9.773182272911071777e-01 1.106517910957336426e+00
9.826332330703735352e-01 5.336721241474151611e-02 -1.777181327342987061e-01 1.996501386165618896e-01 -5.020075291395187378e-02 9.984908699989318848e-01 2.226978912949562073e-02 -5.957180634140968323e-03 1.786383986473083496e-01 -1.296145189553499222e-02 9.838294386863708496e-01 1.245975732803344727e+00
9.964398741722106934e-01 6.095920875668525696e-02 -5.823660641908645630e-02 9.754561185836791992e-01 -6.076557934284210205e-02 9.981390237808227539e-01 5.091712810099124908e-03 4.573398269712924957e-03 5.843864008784294128e-02 -1.534804352559149265e-03 9.982897639274597168e-01 1.482437968254089355e+00
9.958957433700561523e-01 8.626514673233032227e-02 2.738530561327934265e-02 1.688433885574340820e+00 -8.668711781501770020e-02 9.961284995079040527e-01 1.461185514926910400e-02 8.076653815805912018e-03 -2.601878345012664795e-02 -1.692584156990051270e-02 9.995180964469909668e-01 1.561437368392944336e+00
9.938594698905944824e-01 7.008923590183258057e-02 8.561948686838150024e-02 2.411038875579833984e+00 -6.944704055786132812e-02 9.975308179855346680e-01 -1.045965123921632767e-02 -4.645353183150291443e-03 -8.614116907119750977e-02 4.449404310435056686e-03 9.962729811668395996e-01 1.754441142082214355e+00
9.633969664573669434e-01 5.954219773411750793e-02 2.613827288150787354e-01 3.110294818878173828e+00 -7.068171352148056030e-02 9.969389438629150391e-01 3.341691568493843079e-02 -3.232942149043083191e-02 -2.585929632186889648e-01 -5.066873505711555481e-02 9.646566510200500488e-01 1.812666058540344238e+00
9.501366019248962402e-01 9.910076111555099487e-02 2.956677973270416260e-01 3.853881597518920898e+00 -1.033925712108612061e-01 9.946399927139282227e-01 -1.124634989537298679e-03 6.814189255237579346e-02 -2.941944599151611328e-01 -2.950129099190235138e-02 9.552901983261108398e-01 1.822822332382202148e+00
9.164438843727111816e-01 9.659547358751296997e-02 3.883295655250549316e-01 4.629472732543945312e+00 -1.132798269391059875e-01 9.933568835258483887e-01 2.024266868829727173e-02 1.193720176815986633e-01 -3.837945461273193359e-01 -6.254117935895919800e-02 9.212982058525085449e-01 1.935207605361938477e+00
8.936349153518676758e-01 7.823854684829711914e-02 4.419223368167877197e-01 5.358518600463867188e+00 -9.696544706821441650e-02 9.950887560844421387e-01 1.990716531872749329e-02 1.510237455368041992e-01 -4.381943941116333008e-01 -6.064093485474586487e-02 8.968324661254882812e-01 1.788245081901550293e+00
8.915908336639404297e-01 8.251851797103881836e-02 4.452599883079528809e-01 6.158609867095947266e+00 -1.040148437023162842e-01 9.942859411239624023e-01 2.401224710047245026e-02 1.487062424421310425e-01 -4.407342672348022461e-01 -6.772273778915405273e-02 8.950793147087097168e-01 1.842545270919799805e+00
8.597604036331176758e-01 8.497215062379837036e-02 5.035788416862487793e-01 6.885280132293701172e+00 -1.130421236157417297e-01 9.932656288146972656e-01 2.539668232202529907e-02 1.454837769269943237e-01 -4.980295300483703613e-01 -7.876068353652954102e-02 8.635758757591247559e-01 1.815988659858703613e+00
8.191024065017700195e-01 1.096489131450653076e-01 5.630704760551452637e-01 7.746907711029052734e+00 -1.271897405385971069e-01 9.918452501296997070e-01 -8.122120052576065063e-03 1.263759285211563110e-01 -5.593692660331726074e-01 -6.496392935514450073e-02 8.263689875602722168e-01 1.911839127540588379e+00
8.204600811004638672e-01 1.223132312297821045e-01 5.584663748741149902e-01 8.432630538940429688e+00 -1.509777456521987915e-01 9.885228276252746582e-01 5.303408019244670868e-03 1.268817931413650513e-01 -5.514083504676818848e-01 -8.866722881793975830e-02 8.295100927352905273e-01 1.759069323539733887e+00
7.380513548851013184e-01 1.412866711616516113e-01 6.597865819931030273e-01 9.324590682983398438e+00 -1.602977961301803589e-01 9.865515828132629395e-01 -3.194757550954818726e-02 1.271963864564895630e-01 -6.554272174835205078e-01 -8.218338340520858765e-02 7.507736086845397949e-01 1.795744180679321289e+00
6.529944539070129395e-01 1.000084578990936279e-01 7.507306337356567383e-01 1.009054851531982422e+01 -1.483067274093627930e-01 9.889376163482666016e-01 -2.742195734754204750e-03 1.019213125109672546e-01 -7.427000403404235840e-01 -1.095477789640426636e-01 6.606026887893676758e-01 1.789513707160949707e+00
6.285637021064758301e-01 1.055221781134605408e-01 7.705665230751037598e-01 1.082904911041259766e+01 -1.368962675333023071e-01 9.902958869934082031e-01 -2.394363656640052795e-02 1.543738842010498047e-01 -7.656154632568359375e-01 -9.043758362531661987e-02 6.369097232818603516e-01 1.775169849395751953e+00
5.520579814910888672e-01 8.867148309946060181e-02 8.290773630142211914e-01 1.155565166473388672e+01 -1.449598670005798340e-01 9.893939495086669922e-01 -9.293187409639358521e-03 6.374195963144302368e-02 -8.211081624031066895e-01 -1.150525808334350586e-01 5.590565800666809082e-01 1.723553776741027832e+00
4.828874766826629639e-01 5.786780267953872681e-02 8.737683296203613281e-01 1.232199668884277344e+01 -1.588295996189117432e-01 9.870517849922180176e-01 2.240675874054431915e-02 1.145937815308570862e-01 -8.611578345298767090e-01 -1.496002078056335449e-01 4.858260452747344971e-01 1.664711356163024902e+00
4.777491390705108643e-01 5.054961517453193665e-02 8.770406842231750488e-01 1.305472183227539062e+01 -1.832385063171386719e-01 9.821184277534484863e-01 4.320931062102317810e-02 1.267825812101364136e-01 -8.591737151145935059e-01 -1.813508421182632446e-01 4.784688651561737061e-01 1.480643391609191895e+00
5.139778852462768555e-01 8.615143597126007080e-02 8.534663915634155273e-01 1.363470077514648438e+01 -2.117964327335357666e-01 9.768851995468139648e-01 2.893916331231594086e-02 1.589953154325485229e-01 -8.312454819679260254e-01 -1.956351846456527710e-01 5.203439593315124512e-01 1.091240882873535156e+00
4.730792343616485596e-01 7.036041468381881714e-02 8.782058358192443848e-01 1.431466102600097656e+01 -1.911222785711288452e-01 9.812645912170410156e-01 2.433803491294384003e-02 1.497638821601867676e-01 -8.600396513938903809e-01 -1.793584972620010376e-01 4.776632785797119141e-01 6.930983662605285645e-01
4.472758173942565918e-01 8.955321460962295532e-02 8.899014592170715332e-01 1.490985870361328125e+01 -2.081258147954940796e-01 9.780824184417724609e-01 6.179563701152801514e-03 1.610026210546493530e-01 -8.698436021804809570e-01 -1.879754066467285156e-01 4.561110138893127441e-01 1.820363104343414307e-01
3.932536840438842773e-01 6.083578616380691528e-02 9.174150824546813965e-01 1.545600223541259766e+01 -1.835030913352966309e-01 9.829267263412475586e-01 1.347934361547231674e-02 1.714057475328445435e-01 -9.009318351745605469e-01 -1.736493259668350220e-01 3.977031409740447998e-01 -3.046629130840301514e-01
