2.733376026153564453e-01 3.173822462558746338e-01 -9.081233739852905273e-01 -3.300263285636901855e-01 9.847795963287353516e-02 -9.481039643287658691e-01 -3.018622398376464844e-01 -1.510480761528015137e+00 -9.568384885787963867e-01 -6.707459688186645508e-03 -2.905335426330566406e-01 1.135235905647277832e+00
2.703259587287902832e-01 3.159805536270141602e-01 -9.094835519790649414e-01 -3.284443914890289307e-01 1.041219830513000488e-01 -9.488723278045654297e-01 -2.986409664154052734e-01 -1.497598290443420410e+00 -9.572868943214416504e-01 -1.373919844627380371e-02 -2.893164157867431641e-01 1.131938934326171875e+00
2.687962055206298828e-01 3.173527717590332031e-01 -9.096198081970214844e-01 -3.238559961318969727e-01 1.036843657493591309e-01 -9.479287862777709961e-01 -3.002687096595764160e-01 -1.501174569129943848e+00 -9.578747749328613281e-01 -1.386629045009613037e-02 -2.879511713981628418e-01 1.132309794425964355e+00
2.653888165950775146e-01 3.193642497062683105e-01 -9.095960259437561035e-01 -3.239183425903320312e-01 9.782019257545471191e-02 -9.474211335182189941e-01 -3.041171133518218994e-01 -1.507973074913024902e+00 -9.592826962471008301e-01 -7.682695984840393066e-03 -2.824909687042236328e-01 1.135071396827697754e+00
2.644835710525512695e-01 3.135176897048950195e-01 -9.118947386741638184e-01 -3.144335150718688965e-01 9.916245937347412109e-02 -9.491548538208007812e-01 -2.977081537246704102e-01 -1.498574972152709961e+00 -9.589425325393676758e-01 -1.196205615997314453e-02 -2.821781337261199951e-01 1.145148992538452148e+00
2.624610662460327148e-01 3.123399615287780762e-01 -9.129835963249206543e-01 -3.147784173488616943e-01 1.050477325916290283e-01 -9.496367573738098145e-01 -2.947230339050292969e-01 -1.498056054115295410e+00 -9.589083194732666016e-01 -1.867020130157470703e-02 -2.820674180984497070e-01 1.149023890495300293e+00
2.564613521099090576e-01 3.140093684196472168e-01 -9.141298532485961914e-01 -3.130800724029541016e-01 1.010880470275878906e-01 -9.490273594856262207e-01 -2.979927062988281250e-01 -1.499399900436401367e+00 -9.611022472381591797e-01 -1.608788967132568359e-02 -2.749698162078857422e-01 1.135559678077697754e+00
2.557476758956909180e-01 3.172784447669982910e-01 -9.129703640937805176e-01 -3.150119185447692871e-01 1.015500426292419434e-01 -9.481383562088012695e-01 -3.009201288223266602e-01 -1.500952839851379395e+00 -9.613485932350158691e-01 -1.566234230995178223e-02 -2.747924327850341797e-01 1.131087064743041992e+00
2.543133199214935303e-01 3.276855051517486572e-01 -9.102821350097656250e-01 -3.162417113780975342e-01 1.001491546630859375e-01 -9.450730085372924805e-01 -3.119879961013793945e-01 -1.521099209785461426e+00 -9.617747068405151367e-01 -1.205302774906158447e-02 -2.729499340057373047e-01 1.123363733291625977e+00
2.470257878303527832e-01 3.376002609729766846e-01 -9.079000353813171387e-01 -2.927248775959014893e-01 9.632778167724609375e-02 -9.414321184158325195e-01 -3.235806226730346680e-01 -1.514606833457946777e+00 -9.640992879867553711e-01 -7.170438766479492188e-03 -2.653999924659729004e-01 1.123564362525939941e+00
2.424132227897644043e-01 3.469143211841583252e-01 -9.059289693832397461e-01 -2.794407308101654053e-01 9.823668003082275391e-02 -9.379186034202575684e-01 -3.330391645431518555e-01 -1.523483037948608398e+00 -9.652142524719238281e-01 -8.139848709106445312e-03 -2.612527012825012207e-01 1.128525376319885254e+00
2.351554036140441895e-01 3.472740948200225830e-01 -9.078450202941894531e-01 -2.742176353931427002e-01 1.021526455879211426e-01 -9.373672604560852051e-01 -3.320945799350738525e-01 -1.510718464851379395e+00 -9.667700529098510742e-01 -1.467651873826980591e-02 -2.557340860366821289e-01 1.130716443061828613e+00
2.201781272888183594e-01 3.562242388725280762e-01 -9.079725742340087891e-01 -2.544231414794921875e-01 1.107718944549560547e-01 -9.341167211532592773e-01 -3.395112752914428711e-01 -1.519668698310852051e+00 -9.689331054687500000e-01 -2.630317211151123047e-02 -2.450428009033203125e-01 1.134384393692016602e+00
2.141819000244140625e-01 3.657532930374145508e-01 -9.056926965713500977e-01 -2.430609166622161865e-01 1.151723861694335938e-01 -9.304999113082885742e-01 -3.480348587036132812e-01 -1.520043134689331055e+00 -9.702032208442687988e-01 -2.977824211120605469e-02 -2.412697672843933105e-01 1.121340632438659668e+00
2.051085531711578369e-01 3.694450855255126953e-01 -9.065241813659667969e-01 -2.248703688383102417e-01 1.188592016696929932e-01 -9.289247393608093262e-01 -3.514702022075653076e-01 -1.504651188850402832e+00 -9.713150858879089355e-01 -3.558444976806640625e-02 -2.339684963226318359e-01 1.120863556861877441e+00
1.948584914207458496e-01 3.754213452339172363e-01 -9.059484004974365234e-01 -2.060634493827819824e-01 1.075265854597091675e-01 -9.264574646949768066e-01 -3.606919050216674805e-01 -1.498807787895202637e+00 -9.747732281684875488e-01 -2.705693244934082031e-02 -2.204336673021316528e-01 1.124256491661071777e+00
1.898889541625976562e-01 3.790447711944580078e-01 -9.055145978927612305e-01 -1.790513396263122559e-01 9.963142871856689453e-02 -9.249153137207031250e-01 -3.662906885147094727e-01 -1.488566040992736816e+00 -9.767893552780151367e-01 -2.061742544174194336e-02 -2.136330008506774902e-01 1.124816775321960449e+00
1.703336238861083984e-01 3.885527849197387695e-01 -9.055603742599487305e-01 -1.832014322280883789e-01 1.023924350738525391e-01 -9.209945797920227051e-01 -3.762066364288330078e-01 -1.493336915969848633e+00 -9.795826077461242676e-01 -2.871683984994888306e-02 -1.969302743673324585e-01 1.127395153045654297e+00
1.474416255950927734e-01 3.990698456764221191e-01 -9.049603343009948730e-01 -1.551277339458465576e-01 9.874504804611206055e-02 -9.163646697998046875e-01 -3.880085945129394531e-01 -1.479048371315002441e+00 -9.841260910034179688e-01 -3.198134899139404297e-02 -1.747271418571472168e-01 1.130472779273986816e+00
1.366617679595947266e-01 4.041251540184020996e-01 -9.045388698577880859e-01 -1.546037048101425171e-01 9.488308429718017578e-02 -9.142152667045593262e-01 -3.942705392837524414e-01 -1.495679140090942383e+00 -9.862056970596313477e-01 -3.199204802513122559e-02 -1.632314771413803101e-01 1.135549545288085938e+00
1.215822473168373108e-01 4.046251177787780762e-01 -9.063682556152343750e-01 -1.529413312673568726e-01 9.742714464664459229e-02 -9.136328697204589844e-01 -3.946382999420166016e-01 -1.486668467521667480e+00 -9.879347085952758789e-01 -4.056435823440551758e-02 -1.500599384307861328e-01 1.140075206756591797e+00
1.036746948957443237e-01 4.125151634216308594e-01 -9.051760435104370117e-01 -1.378647685050964355e-01 8.595541119575500488e-02 -9.101480841636657715e-01 -4.053254127502441406e-01 -1.492593407630920410e+00 -9.909174442291259766e-01 -3.622412681579589844e-02 -1.296700239181518555e-01 1.153750777244567871e+00
8.941125869750976562e-02 4.336252212524414062e-01 -8.964382410049438477e-01 -9.279918670654296875e-02 6.811904907226562500e-02 -9.010815620422363281e-01 -4.288071393966674805e-01 -1.496527791023254395e+00 -9.938367009162902832e-01 -2.287787199020385742e-02 -1.099974513053894043e-01 1.160406231880187988e+00
9.042400121688842773e-02 4.357626438140869141e-01 -8.951045870780944824e-01 -9.320633858442306519e-02 6.925445795059204102e-02 -8.996291160583496094e-01 -4.308707714080810547e-01 -1.479186892509460449e+00 -9.933165311813354492e-01 -2.267551422119140625e-02 -1.116854548454284668e-01 1.157979011535644531e+00
8.875292539596557617e-02 4.515891671180725098e-01 -8.879846334457397461e-01 -8.068350702524185181e-02 6.643548607826232910e-02 -8.922833204269409180e-01 -4.472112953662872314e-01 -1.491900801658630371e+00 -9.940475225448608398e-01 -1.938605308532714844e-02 -1.091428995132446289e-01 1.154670476913452148e+00
8.466041088104248047e-02 4.610936045646667480e-01 -8.831764459609985352e-01 -6.553197652101516724e-02 6.160879135131835938e-02 -8.873111009597778320e-01 -4.570953249931335449e-01 -1.480201125144958496e+00 -9.947401881217956543e-01 -1.554459333419799805e-02 -1.034595966339111328e-01 1.163706183433532715e+00
8.144867420196533203e-02 4.707601070404052734e-01 -8.784098625183105469e-01 -4.485161602497100830e-02 5.328637361526489258e-02 -8.823142647743225098e-01 -4.679270982742309570e-01 -1.467957377433776855e+00 -9.957552552223205566e-01 -8.761048316955566406e-03 -9.672081470489501953e-02 1.170246481895446777e+00
7.471215724945068359e-02 4.819360971450805664e-01 -8.728026151657104492e-01 1.370032224804162979e-02 5.747520923614501953e-02 -8.760980367660522461e-01 -4.785650372505187988e-01 -1.458556532859802246e+00 -9.956105947494506836e-01 -1.454079151153564453e-02 -9.289115667343139648e-02 1.179253816604614258e+00
7.494086027145385742e-02 4.816702008247375488e-01 -8.728007674217224121e-01 2.362938970327377319e-02 6.335830688476562500e-02 -8.759207725524902344e-01 -4.778653383255004883e-01 -1.458440423011779785e+00 -9.952580332756042480e-01 -1.963335275650024414e-02 -9.591031074523925781e-02 1.181184053421020508e+00
7.133293151855468750e-02 4.816143512725830078e-01 -8.734149932861328125e-01 3.020611405372619629e-02 6.476080417633056641e-02 -8.762502074241638184e-01 -4.779903292655944824e-01 -1.465334773063659668e+00 -9.952579140663146973e-01 -2.235692739486694336e-02 -9.388577938079833984e-02 1.188440680503845215e+00
7.497036457061767578e-02 4.839236736297607422e-01 -8.717778921127319336e-01 3.495593369007110596e-02 6.604963541030883789e-02 -8.747874498367309570e-01 -4.800284504890441895e-01 -1.465620398521423340e+00 -9.952819347381591797e-01 -2.178168296813964844e-02 -9.774667024612426758e-02 1.188415527343750000e+00
7.653498649597167969e-02 4.865449666976928711e-01 -8.700541853904724121e-01 5.382401496171951294e-02 6.071698665618896484e-02 -8.735291957855224609e-01 -4.826465547084808350e-01 -1.459338188171386719e+00 -9.954364299774169922e-01 -1.568841934204101562e-02 -9.642708301544189453e-02 1.197728991508483887e+00
8.073657751083374023e-02 4.912710189819335938e-01 -8.668671846389770508e-01 6.653197854757308960e-02 5.668276548385620117e-02 -8.709104061126708984e-01 -4.883925914764404297e-01 -1.465137124061584473e+00 -9.950047731399536133e-01 -1.006364822387695312e-02 -9.857386350631713867e-02 1.199499368667602539e+00
9.015446901321411133e-02 4.986498355865478516e-01 -8.619065880775451660e-01 7.268952578306198120e-02 6.009805202484130859e-02 -8.665208816528320312e-01 -4.952811002731323242e-01 -1.475325107574462891e+00 -9.939812421798706055e-01 -7.254600524902343750e-03 -1.081205010414123535e-01 1.199918270111083984e+00
9.434258937835693359e-02 5.031620264053344727e-01 -8.588776588439941406e-01 1.036956384778022766e-01 6.714451313018798828e-02 -8.639612793922424316e-01 -4.990451931953430176e-01 -1.464055299758911133e+00 -9.935820102691650391e-01 -1.072967052459716797e-02 -1.155049502849578857e-01 1.201870799064636230e+00
9.452164173126220703e-02 5.041089057922363281e-01 -8.586928844451904297e-01 1.271467804908752441e-01 7.306957244873046875e-02 -8.634901046752929688e-01 -4.991853535175323486e-01 -1.466768383979797363e+00 -9.927982687950134277e-01 -1.575922966003417969e-02 -1.186104416847229004e-01 1.200085401535034180e+00
9.884357452392578125e-02 4.946094453334808350e-01 -8.636255860328674316e-01 1.422647237777709961e-01 6.635022163391113281e-02 -8.695110082626342773e-01 -4.902910888195037842e-01 -1.464971661567687988e+00 -9.931791424751281738e-01 -8.827924728393554688e-03 -1.186566203832626343e-01 1.217346429824829102e+00
1.047382950782775879e-01 4.983474612236022949e-01 -8.606358170509338379e-01 1.410562843084335327e-01 6.250128149986267090e-02 -8.670499920845031738e-01 -4.946730136871337891e-01 -1.472894072532653809e+00 -9.925369024276733398e-01 -1.712098717689514160e-03 -1.219230592250823975e-01 1.216274142265319824e+00
1.173167228698730469e-01 5.019118785858154297e-01 -8.569198250770568848e-01 1.483898311853408813e-01 5.946284532546997070e-02 -8.651721477508544922e-01 -4.982868432998657227e-01 -1.474307656288146973e+00 -9.912385940551757812e-01 7.109880447387695312e-03 -1.311517357826232910e-01 1.212033987045288086e+00
1.254222393035888672e-01 4.975751638412475586e-01 -8.582316637039184570e-01 1.596603840589523315e-01 5.695533752441406250e-02 -8.674707412719726562e-01 -4.947075843811035156e-01 -1.462554812431335449e+00 -9.906558990478515625e-01 1.339340209960937500e-02 -1.373345851898193359e-01 1.213490486145019531e+00
1.301353275775909424e-01 4.975216686725616455e-01 -8.576154708862304688e-01 1.735607385635375977e-01 5.370783805847167969e-02 -8.670291900634765625e-01 -4.949524104595184326e-01 -1.464080214500427246e+00 -9.902245402336120605e-01 1.805678009986877441e-02 -1.396946460008621216e-01 1.206985831260681152e+00
1.571993082761764526e-01 4.995241165161132812e-01 -8.519874215126037598e-01 1.951963901519775391e-01 4.870708286762237549e-02 -8.654196262359619141e-01 -4.984788000583648682e-01 -1.464407086372375488e+00 -9.862499833106994629e-01 3.702795505523681641e-02 -1.603244841098785400e-01 1.203277945518493652e+00
1.601302921772003174e-01 5.025509595870971680e-01 -8.499177694320678711e-01 2.106738984584808350e-01 4.868736863136291504e-02 -8.638623356819152832e-01 -5.018150806427001953e-01 -1.455353021621704102e+00 -9.858901500701904297e-01 3.911563754081726074e-02 -1.624523699283599854e-01 1.197409391403198242e+00
1.635779291391372681e-01 5.056461095809936523e-01 -8.468175530433654785e-01 2.597381174564361572e-01 4.859049618244171143e-02 -8.620107173919677734e-01 -5.053345561027526855e-01 -1.460439443588256836e+00 -9.849776625633239746e-01 4.162591695785522461e-02 -1.655280888080596924e-01 1.190410852432250977e+00
1.612628102302551270e-01 4.961140453815460205e-01 -8.526842594146728516e-01 2.602243721485137939e-01 4.974031448364257812e-02 -8.672957420349121094e-01 -4.956461787223815918e-01 -1.468308091163635254e+00 -9.857530593872070312e-01 3.801727294921875000e-02 -1.647756099700927734e-01 1.193120241165161133e+00
1.624349504709243774e-01 4.838263094425201416e-01 -8.598381876945495605e-01 2.597146630287170410e-01 4.860340803861618042e-02 -8.741576671600341797e-01 -4.826181828975677490e-01 -1.454126477241516113e+00 -9.855259656906127930e-01 3.668431192636489868e-02 -1.655118018388748169e-01 1.181499361991882324e+00
1.653370708227157593e-01 4.842018187046051025e-01 -8.593971133232116699e-01 2.797542810440063477e-01 4.658754169940948486e-02 -8.741290569305419922e-01 -4.834351837635040283e-01 -1.454644322395324707e+00 -9.847696423530578613e-01 4.027135670185089111e-02 -1.668798029422760010e-01 1.181098341941833496e+00
1.733818054199218750e-01 4.820708632469177246e-01 -8.587292432785034180e-01 3.136862516403198242e-01 4.802761971950531006e-02 -8.749464154243469238e-01 -4.816863834857940674e-01 -1.452941060066223145e+00 -9.836173057556152344e-01 4.232585430145263672e-02 -1.747825741767883301e-01 1.168270587921142578e+00
1.748795211315155029e-01 4.737507700920104980e-01 -8.630983829498291016e-01 3.256246149539947510e-01 4.863496124744415283e-02 -8.797627091407775879e-01 -4.731057584285736084e-01 -1.450002193450927734e+00 -9.834753274917602539e-01 4.035055637359619141e-02 -1.771458387374877930e-01 1.159999489784240723e+00
1.872645616531372070e-01 4.688333868980407715e-01 -8.633220195770263672e-01 3.394029438495635986e-01 4.786241054534912109e-02 -8.819989562034606934e-01 -4.684707820415496826e-01 -1.455152511596679688e+00 -9.807428717613220215e-01 4.650986194610595703e-02 -1.873834431171417236e-01 1.140813231468200684e+00
1.917179524898529053e-01 4.742624759674072266e-01 -8.591646552085876465e-01 3.469013571739196777e-01 4.541569948196411133e-02 -8.787407875061035156e-01 -4.745738804340362549e-01 -1.458328723907470703e+00 -9.805735945701599121e-01 5.149054527282714844e-02 -1.898945271968841553e-01 1.137806653976440430e+00
1.942049860954284668e-01 4.756169319152832031e-01 -8.579119443893432617e-01 3.561374545097351074e-01 4.356336593627929688e-02 -8.777985572814941406e-01 -4.767193794250488281e-01 -1.454507350921630859e+00 -9.797766804695129395e-01 5.522072315216064453e-02 -1.910641193389892578e-01 1.136203765869140625e+00
2.000009417533874512e-01 4.756041169166564941e-01 -8.565303087234497070e-01 3.806024789810180664e-01 4.375040531158447266e-02 -8.773694038391113281e-01 -4.771461784839630127e-01 -1.454781055450439453e+00 -9.788631200790405273e-01 5.799230933189392090e-02 -1.959732770919799805e-01 1.134392738342285156e+00
2.075707316398620605e-01 4.676043987274169922e-01 -8.590764403343200684e-01 3.947663307189941406e-01 4.290056228637695312e-02 -8.821946382522583008e-01 -4.693549275398254395e-01 -1.463583707809448242e+00 -9.774938821792602539e-01 6.056462228298187256e-02 -2.030624151229858398e-01 1.124207377433776855e+00
2.112028300762176514e-01 4.593491256237030029e-01 -8.625123500823974609e-01 3.943430185317993164e-01 4.217579960823059082e-02 -8.858809471130371094e-01 -4.613403081893920898e-01 -1.472623467445373535e+00 -9.765137434005737305e-01 6.116919219493865967e-02 -2.066142410039901733e-01 1.114246964454650879e+00
2.135571837425231934e-01 4.607594013214111328e-01 -8.618001341819763184e-01 3.920908570289611816e-01 3.490720689296722412e-02 -8.848246335983276367e-01 -4.646323025226593018e-01 -1.481236815452575684e+00 -9.764367938041687012e-01 6.918251514434814453e-02 -2.051104307174682617e-01 1.112072587013244629e+00
2.171568423509597778e-01 4.628239870071411133e-01 -8.593607544898986816e-01 4.118341803550720215e-01 3.383419662714004517e-02 -8.838185667991638184e-01 -4.670855998992919922e-01 -1.479040384292602539e+00 -9.752488732337951660e-01 7.233396172523498535e-02 -2.074259370565414429e-01 1.109028697013854980e+00
2.216064184904098511e-01 4.647108316421508789e-01 -8.571013212203979492e-01 4.422211050987243652e-01 4.333985969424247742e-02 -8.832628726959228516e-01 -4.674062132835388184e-01 -1.477919936180114746e+00 -9.739844799041748047e-01 6.647862493991851807e-02 -2.158277332782745361e-01 1.101268887519836426e+00
2.181497216224670410e-01 4.605161249637603760e-01 -8.605364561080932617e-01 4.384199976921081543e-01 3.896284103393554688e-02 -8.852798938751220703e-01 -4.638693928718566895e-01 -1.483296871185302734e+00 -9.751647114753723145e-01 6.782236695289611816e-02 -2.114041447639465332e-01 1.096455931663513184e+00
2.211152762174606323e-01 4.640012085437774658e-01 -8.577404022216796875e-01 4.464915394783020020e-01 4.334324598312377930e-02 -8.833763599395751953e-01 -4.667319953441619873e-01 -1.485238194465637207e+00 -9.743838906288146973e-01 6.597767770290374756e-02 -2.154617607593536377e-01 1.092984795570373535e+00
2.228382527828216553e-01 4.663160443305969238e-01 -8.558002114295959473e-01 4.626650810241699219e-01 5.038709938526153564e-02 -8.827842473983764648e-01 -4.672998785972595215e-01 -1.479833245277404785e+00 -9.734717011451721191e-01 6.098829209804534912e-02 -2.200443297624588013e-01 1.086563110351562500e+00
2.232946753501892090e-01 4.633640050888061523e-01 -8.573052883148193359e-01 4.645059108734130859e-01 4.817044734954833984e-02 -8.835719823837280273e-01 -4.651389718055725098e-01 -1.477637290954589844e+00 -9.733583927154541016e-01 6.238734722137451172e-02 -2.197639942169189453e-01 1.084967255592346191e+00
2.245800495147705078e-01 4.638482928276062012e-01 -8.569089174270629883e-01 4.798011481761932373e-01 4.957139492034912109e-02 -8.839097619056701660e-01 -4.653719663619995117e-01 -1.466934442520141602e+00 -9.733557701110839844e-01 6.195530667901039124e-02 -2.213892638683319092e-01 1.074454426765441895e+00
2.230983376502990723e-01 4.684098958969116211e-01 -8.544984459877014160e-01 4.958412349224090576e-01 5.809932947158813477e-02 -8.818181753158569336e-01 -4.680709540843963623e-01 -1.467103838920593262e+00 -9.733987450599670410e-01 5.466270446777343750e-02 -2.237677872180938721e-01 1.066512465476989746e+00
2.225619852542877197e-01 4.657519757747650146e-01 -8.561690449714660645e-01 5.058007240295410156e-01 5.823844671249389648e-02 -8.832243680953979492e-01 -4.651275277137756348e-01 -1.466902613639831543e+00 -9.731238484382629395e-01 5.391293764114379883e-02 -2.240215837955474854e-01 1.063434123992919922e+00
2.113933563232421875e-01 4.626283943653106689e-01 -8.611385822296142578e-01 5.154514908790588379e-01 5.389162898063659668e-02 -8.852216005325317383e-01 -4.624013304710388184e-01 -1.474802732467651367e+00 -9.758277535438537598e-01 5.127623677253723145e-02 -2.116381078958511353e-01 1.054066777229309082e+00
2.145128548145294189e-01 4.668607711791992188e-01 -8.578285574913024902e-01 5.242878794670104980e-01 5.342695116996765137e-02 -8.823254704475402832e-01 -4.668876230716705322e-01 -1.468981504440307617e+00 -9.750640988349914551e-01 5.423569679260253906e-02 -2.145221978425979614e-01 1.046874284744262695e+00
2.104454785585403442e-01 4.752101004123687744e-01 -8.543524742126464844e-01 5.403675436973571777e-01 4.710158705711364746e-02 -8.777750134468078613e-01 -4.765999317169189453e-01 -1.464007735252380371e+00 -9.763597846031188965e-01 5.990248918533325195e-02 -2.073421478271484375e-01 1.051394462585449219e+00
2.064446210861206055e-01 4.722354412078857422e-01 -8.572715520858764648e-01 5.479186177253723145e-01 4.637038707733154297e-02 -8.793596029281616211e-01 -4.737017154693603516e-01 -1.464864611625671387e+00 -9.773541092872619629e-01 5.814114958047866821e-02 -2.037430405616760254e-01 1.065033555030822754e+00
2.055536508560180664e-01 4.746378958225250244e-01 -8.559845089912414551e-01 5.535677075386047363e-01 5.894386768341064453e-02 -8.788980245590209961e-01 -4.735713601112365723e-01 -1.471075773239135742e+00 -9.765197634696960449e-01 4.676091670989990234e-02 -2.081548422574996948e-01 1.057222843170166016e+00
2.081455290317535400e-01 4.737598896026611328e-01 -8.554689884185791016e-01 5.767419338226318359e-01 5.370840430259704590e-02 -8.789530396461486816e-01 -4.736803770065307617e-01 -1.478540301322937012e+00 -9.766107201576232910e-01 5.269272625446319580e-02 -2.085339277982711792e-01 1.058134555816650391e+00
2.053239345550537109e-01 4.691933989524841309e-01 -8.587316274642944336e-01 5.838847756385803223e-01 4.757064580917358398e-02 -8.815854191780090332e-01 -4.701539874076843262e-01 -1.480391502380371094e+00 -9.770734310150146484e-01 5.548894405364990234e-02 -2.032089233398437500e-01 1.063642382621765137e+00
2.031825631856918335e-01 4.823544025421142578e-01 -8.522948026657104492e-01 5.911821722984313965e-01 5.553966760635375977e-02 -8.744301199913024902e-01 -4.816258549690246582e-01 -1.491358637809753418e+00 -9.774878025054931641e-01 5.048274993896484375e-02 -2.043488323688507080e-01 1.050418615341186523e+00
2.056370973587036133e-01 4.924389421939849854e-01 -8.457143306732177734e-01 5.887278914451599121e-01 6.044435501098632812e-02 -8.690865039825439453e-01 -4.911084175109863281e-01 -1.492092370986938477e+00 -9.763981103897094727e-01 4.978910088539123535e-02 -2.088541984558105469e-01 1.048189997673034668e+00
2.130665779113769531e-01 4.992362856864929199e-01 -8.401345014572143555e-01 6.248070597648620605e-01 5.299496650695800781e-02 -8.645232319831848145e-01 -5.000826120376586914e-01 -1.480545282363891602e+00 -9.758844375610351562e-01 6.202888488769531250e-02 -2.107917070388793945e-01 1.049322247505187988e+00
2.046991586685180664e-01 5.039633512496948242e-01 -8.389308452606201172e-01 6.505835652351379395e-01 4.408407956361770630e-02 -8.607836961746215820e-01 -5.062990188598632812e-01 -1.487406969070434570e+00 -9.778326749801635742e-01 6.677836924791336060e-02 -1.988248378038406372e-01 1.061643600463867188e+00
1.982392817735671997e-01 5.013751983642578125e-01 -8.420217633247375488e-01 6.689558625221252441e-01 5.478756874799728394e-02 -8.632826805114746094e-01 -5.011602044105529785e-01 -1.499978899955749512e+00 -9.788448810577392578e-01 5.339619517326354980e-02 -1.985146105289459229e-01 1.055999636650085449e+00
1.974365562200546265e-01 4.875064194202423096e-01 -8.505811691284179688e-01 6.886313557624816895e-01 5.833032727241516113e-02 -8.721854090690612793e-01 -4.861434102058410645e-01 -1.502270579338073730e+00 -9.784783124923706055e-01 4.643143340945243835e-02 -2.005117088556289673e-01 1.074825525283813477e+00
1.976901292800903320e-01 4.758739471435546875e-01 -8.569294214248657227e-01 7.058016061782836914e-01 4.668855667114257812e-02 -8.779238462448120117e-01 -4.770109057426452637e-01 -1.511175751686096191e+00 -9.789770841598510742e-01 5.401553213596343994e-02 -1.958615183830261230e-01 1.072319269180297852e+00
2.031056433916091919e-01 4.662902355194091797e-01 -8.610140681266784668e-01 7.092362046241760254e-01 5.410367250442504883e-02 -8.833156824111938477e-01 -4.657694399356842041e-01 -1.518825888633728027e+00 -9.772854447364807129e-01 4.815483093261718750e-02 -2.047145664691925049e-01 1.071458935737609863e+00
1.975668668746948242e-01 4.555821418762207031e-01 -8.681976199150085449e-01 7.130025029182434082e-01 5.023215711116790771e-02 -8.891245722770690918e-01 -4.550804495811462402e-01 -1.525696873664855957e+00 -9.788305163383483887e-01 4.625719785690307617e-02 -1.985607147216796875e-01 1.081087827682495117e+00
1.994793117046356201e-01 4.437527358531951904e-01 -8.737457990646362305e-01 7.418019175529479980e-01 5.200568214058876038e-02 -8.949918746948242188e-01 -4.428830146789550781e-01 -1.526831984519958496e+00 -9.782738685607910156e-01 4.284545779228210449e-02 -2.015886008739471436e-01 1.071828603744506836e+00
1.957486569881439209e-01 4.335582256317138672e-01 -8.796749114990234375e-01 7.344221472740173340e-01 5.596143007278442383e-02 -9.002985954284667969e-01 -4.313918650150299072e-01 -1.538804888725280762e+00 -9.788684844970703125e-01 3.513151407241821289e-02 -2.006042599678039551e-01 1.071029424667358398e+00
1.963997483253479004e-01 4.298656880855560303e-01 -8.809702992439270020e-01 7.361091971397399902e-01 5.300845205783843994e-02 -9.023877978324890137e-01 -4.279923439025878906e-01 -1.542509317398071289e+00 -9.790403246879577637e-01 3.745931386947631836e-02 -1.999588608741760254e-01 1.076570749282836914e+00
1.916267871856689453e-01 4.350261986255645752e-01 -8.798509240150451660e-01 7.599008679389953613e-01 4.970169067382812500e-02 -8.990992903709411621e-01 -4.342595040798187256e-01 -1.541258215904235840e+00 -9.803079962730407715e-01 3.942334651947021484e-02 -1.938381791114807129e-01 1.089019298553466797e+00
2.035292387008666992e-01 4.302325248718261719e-01 -8.793175816535949707e-01 7.665074467658996582e-01 5.716466903686523438e-02 -9.018709659576416016e-01 -4.284086227416992188e-01 -1.540520787239074707e+00 -9.775709509849548340e-01 3.672973811626434326e-02 -2.083759754896163940e-01 1.084075093269348145e+00
2.004632204771041870e-01 4.190653860569000244e-01 -8.851913809776306152e-01 7.500968575477600098e-01 5.343085527420043945e-02 -9.072695970535278320e-01 -4.178913831710815430e-01 -1.550966858863830566e+00 -9.783584475517272949e-01 3.654026985168457031e-02 -2.038749456405639648e-01 1.083747982978820801e+00
2.012905925512313843e-01 4.182733893394470215e-01 -8.856588602066040039e-01 7.597736716270446777e-01 4.548098891973495483e-02 -9.070016741752624512e-01 -4.184048175811767578e-01 -1.554414987564086914e+00 -9.786218404769897461e-01 4.401284456253051758e-02 -2.015681266784667969e-01 1.087441682815551758e+00
2.101840078830718994e-01 4.145002961158752441e-01 -8.853350281715393066e-01 7.828400135040283203e-01 4.436817765235900879e-02 -9.085869193077087402e-01 -4.147965610027313232e-01 -1.547945261001586914e+00 -9.762856364250183105e-01 4.792708158493041992e-02 -2.094721198081970215e-01 1.097609400749206543e+00
2.176295518875122070e-01 4.088538885116577148e-01 -8.861696720123291016e-01 8.064315319061279297e-01 5.008029937744140625e-02 -9.115129113197326660e-01 -4.082200527191162109e-01 -1.531908035278320312e+00 -9.746972322463989258e-01 4.470527172088623047e-02 -2.192497253417968750e-01 1.096776485443115234e+00
2.234650850296020508e-01 4.023469090461730957e-01 -8.874156475067138672e-01 7.944961190223693848e-01 4.690569639205932617e-02 -9.139850139617919922e-01 -4.026423394680023193e-01 -1.537448763847351074e+00 -9.732872843742370605e-01 4.844132065773010254e-02 -2.230360209941864014e-01 1.100371122360229492e+00
2.241916656494140625e-01 4.080584049224853516e-01 -8.850159645080566406e-01 7.953729033470153809e-01 4.465472698211669922e-02 -9.112542271614074707e-01 -4.087204933166503906e-01 -1.538903713226318359e+00 -9.733468890190124512e-01 5.204787850379943848e-02 -2.222731560468673706e-01 1.102800130844116211e+00
2.243680953979492188e-01 4.065531492233276367e-01 -8.861110210418701172e-01 8.110386729240417480e-01 4.098939895629882812e-02 -9.119082689285278320e-01 -4.079563617706298828e-01 -1.543271064758300781e+00 -9.734864830970764160e-01 5.490428209304809570e-02 -2.214571237564086914e-01 1.109772324562072754e+00
2.308081984519958496e-01 3.873597085475921631e-01 -8.928389549255371094e-01 8.169831633567810059e-01 4.418103396892547607e-02 -9.202215075492858887e-01 -3.876959681510925293e-01 -1.536101341247558594e+00 -9.719444513320922852e-01 5.006344616413116455e-02 -2.293748259544372559e-01 1.108946442604064941e+00
2.379664629697799683e-01 3.820155858993530273e-01 -8.930262923240661621e-01 8.081500530242919922e-01 3.884164988994598389e-02 -9.225250482559204102e-01 -3.841390907764434814e-01 -1.552069902420043945e+00 -9.703302383422851562e-01 5.679012089967727661e-02 -2.343246787786483765e-01 1.123693346977233887e+00
2.562191486358642578e-01 3.912996053695678711e-01 -8.839855194091796875e-01 8.118425011634826660e-01 4.410120844841003418e-02 -9.184383153915405273e-01 -3.933379650115966797e-01 -1.554460406303405762e+00 -9.655088186264038086e-01 6.187367811799049377e-02 -2.525783777236938477e-01 1.123463630676269531e+00
2.605367898941040039e-01 3.918904662132263184e-01 -8.823519349098205566e-01 8.334345221519470215e-01 3.756162524223327637e-02 -9.176354408264160156e-01 -3.964931368827819824e-01 -1.544063687324523926e+00 -9.645981192588806152e-01 7.011814415454864502e-02 -2.536979019641876221e-01 1.141891717910766602e+00
2.643460631370544434e-01 3.804690837860107422e-01 -8.857171535491943359e-01 8.348619341850280762e-01 4.080477356910705566e-02 -9.223957061767578125e-01 -3.839596509933471680e-01 -1.557349801063537598e+00 -9.633738994598388672e-01 6.536465883255004883e-02 -2.593859434127807617e-01 1.147497773170471191e+00
2.830374240875244141e-01 3.678213953971862793e-01 -8.854644894599914551e-01 8.472641110420227051e-01 4.328870028257369995e-02 -9.274843931198120117e-01 -3.715085387229919434e-01 -1.561020493507385254e+00 -9.580725431442260742e-01 6.691259145736694336e-02 -2.786008119583129883e-01 1.148286938667297363e+00
2.978720963001251221e-01 3.571622073650360107e-01 -8.855010271072387695e-01 8.353177905082702637e-01 3.936035931110382080e-02 -9.311459660530090332e-01 -3.624894618988037109e-01 -1.571419954299926758e+00 -9.536519050598144531e-01 7.315707206726074219e-02 -2.913456857204437256e-01 1.148826479911804199e+00
2.971155345439910889e-01 3.496955931186676025e-01 -8.885097503662109375e-01 8.359200358390808105e-01 3.373737633228302002e-02 -9.336946010589599609e-01 -3.563072681427001953e-01 -1.577585101127624512e+00 -9.540243148803710938e-01 7.582436501979827881e-02 -2.891457676887512207e-01 1.158900737762451172e+00
3.012279272079467773e-01 3.347256183624267578e-01 -8.928240537643432617e-01 8.330643773078918457e-01 3.630816936492919922e-02 -9.396114349365234375e-01 -3.400417566299438477e-01 -1.583685040473937988e+00 -9.526073932647705078e-01 7.017576694488525391e-02 -2.952045500278472900e-01 1.172518730163574219e+00
3.079216480255126953e-01 3.239338397979736328e-01 -8.941832184791564941e-01 8.267036080360412598e-01 4.337191581726074219e-02 -9.441819190979003906e-01 -3.274767100811004639e-01 -1.582690358161926270e+00 -9.504556059837341309e-01 6.224608421325683594e-02 -3.048036694526672363e-01 1.167040824890136719e+00
3.172981739044189453e-01 3.309721946716308594e-01 -8.888120055198669434e-01 8.148453831672668457e-01 4.939329624176025391e-02 -9.418442249298095703e-01 -3.329351842403411865e-01 -1.582821369171142578e+00 -9.467387199401855469e-01 6.189203262329101562e-02 -3.150465488433837891e-01 1.161641955375671387e+00
3.175081014633178711e-01 3.310025930404663086e-01 -8.883222937583923340e-01 8.173926472663879395e-01 4.656124114990234375e-02 -9.413827061653137207e-01 -3.338105976581573486e-01 -1.572068095207214355e+00 -9.469082951545715332e-01 6.446510553359985352e-02 -3.142184913158416748e-01 1.175550460815429688e+00
3.183742761611938477e-01 3.322061300277709961e-01 -8.879035711288452148e-01 8.189724087715148926e-01 4.748439788818359375e-02 -9.409569501876831055e-01 -3.346784710884094238e-01 -1.575239300727844238e+00 -9.468537569046020508e-01 6.438314914703369141e-02 -3.155127167701721191e-01 1.186076760292053223e+00
3.268260359764099121e-01 3.312490582466125488e-01 -8.854373693466186523e-01 8.155381679534912109e-01 5.002117156982421875e-02 -9.415766596794128418e-01 -3.332636356353759766e-01 -1.583748221397399902e+00 -9.437087178230285645e-01 6.456577777862548828e-02 -3.244163990020751953e-01 1.186412453651428223e+00
3.247346878051757812e-01 3.273663520812988281e-01 -8.873262405395507812e-01 8.145123124122619629e-01 5.303359031677246094e-02 -9.428853988647460938e-01 -3.288404345512390137e-01 -1.586553454399108887e+00 -9.441477656364440918e-01 5.970227718353271484e-02 -3.236563205718994141e-01 1.194804430007934570e+00
3.172224760055541992e-01 3.284309506416320801e-01 -8.896933197975158691e-01 8.043726086616516113e-01 5.104917287826538086e-02 -9.427466988563537598e-01 -3.296534121036529541e-01 -1.585551142692565918e+00 -9.472583532333374023e-01 5.901157855987548828e-02 -3.158679008483886719e-01 1.201429247856140137e+00
3.099803328514099121e-01 3.324443101882934570e-01 -8.907454609870910645e-01 8.180786967277526855e-01 4.896914958953857422e-02 -9.409978389739990234e-01 -3.342464268207550049e-01 -1.585389614105224609e+00 -9.494498968124389648e-01 5.972361564636230469e-02 -3.081164658069610596e-01 1.205382823944091797e+00
2.954760193824768066e-01 3.291772603988647461e-01 -8.970378041267395020e-01 8.198270797729492188e-01 5.154591798782348633e-02 -9.429353475570678711e-01 -3.290301263332366943e-01 -1.593666911125183105e+00 -9.538379907608032227e-01 5.076763033866882324e-02 -2.955346405506134033e-01 1.230257749557495117e+00
2.743066549301147461e-01 3.291766643524169922e-01 -9.036774635314941406e-01 7.943885922431945801e-01 3.855773806571960449e-02 -9.426351785659790039e-01 -3.317835032939910889e-01 -1.601321935653686523e+00 -9.608126878738403320e-01 5.616331100463867188e-02 -2.713745236396789551e-01 1.264559745788574219e+00
2.601097226142883301e-01 3.432856798171997070e-01 -9.025562405586242676e-01 8.068498969078063965e-01 3.388667106628417969e-02 -9.373556375503540039e-01 -3.466303050518035889e-01 -1.617713332176208496e+00 -9.650316238403320312e-01 5.941379070281982422e-02 -2.553641796112060547e-01 1.274192333221435547e+00
2.373201698064804077e-01 3.539619743824005127e-01 -9.049720168113708496e-01 8.119722008705139160e-01 3.446733951568603516e-02 -9.336640238761901855e-01 -3.563758730888366699e-01 -1.628148078918457031e+00 -9.711269140243530273e-01 5.339799821376800537e-02 -2.336168885231018066e-01 1.285508871078491211e+00
2.268444299697875977e-01 3.583396673202514648e-01 -9.059110283851623535e-01 8.311018347740173340e-01 4.836426675319671631e-02 -9.328036308288574219e-01 -3.569490611553192139e-01 -1.621525168418884277e+00 -9.727298617362976074e-01 3.725528717041015625e-02 -2.287694215774536133e-01 1.300633788108825684e+00
2.214064896106719971e-01 3.526097536087036133e-01 -9.091568589210510254e-01 8.331524729728698730e-01 5.305618792772293091e-02 -9.350153803825378418e-01 -3.497329950332641602e-01 -1.621184229850769043e+00 -9.738595485687255859e-01 2.896979451179504395e-02 -2.253050059080123901e-01 1.315475225448608398e+00
1.926690340042114258e-01 3.496771752834320068e-01 -9.169279336929321289e-01 8.152334094047546387e-01 4.580549895763397217e-02 -9.365739226341247559e-01 -3.476925492286682129e-01 -1.618532299995422363e+00 -9.800661206245422363e-01 2.487751841545104980e-02 -1.962883770465850830e-01 1.355645537376403809e+00
1.810357123613357544e-01 3.558002710342407227e-01 -9.172076582908630371e-01 8.102835416793823242e-01 5.136937648057937622e-02 -9.344238638877868652e-01 -3.524759709835052490e-01 -1.615776538848876953e+00 -9.819086790084838867e-01 1.676130294799804688e-02 -1.875409781932830811e-01 1.361111640930175781e+00
1.722273528575897217e-01 3.550368249416351318e-01 -9.191370010375976562e-01 8.045884370803833008e-01 5.574491620063781738e-02 -9.348692893981933594e-01 -3.509038090705871582e-01 -1.618818283081054688e+00 -9.835045933723449707e-01 9.201079607009887695e-03 -1.810695827007293701e-01 1.358422160148620605e+00
1.471747159957885742e-01 3.556363582611083984e-01 -9.230676293373107910e-01 7.763031125068664551e-01 4.553049430251121521e-02 -9.344168901443481445e-01 -3.528173267841339111e-01 -1.630406975746154785e+00 -9.879217147827148438e-01 9.827882051467895508e-03 -1.535782217979431152e-01 1.404288172721862793e+00
1.208278536796569824e-01 3.694117069244384766e-01 -9.209996461868286133e-01 7.560731768608093262e-01 3.699481487274169922e-02 -9.289866685867309570e-01 -3.677718043327331543e-01 -1.632261872291564941e+00 -9.918988943099975586e-01 1.059147715568542480e-02 -1.263357847929000854e-01 1.415530323982238770e+00
1.027175188064575195e-01 3.728229999542236328e-01 -9.219471812248229980e-01 7.589618563652038574e-01 3.149652481079101562e-02 -9.280158281326293945e-01 -3.712772727012634277e-01 -1.606767058372497559e+00 -9.944063425064086914e-01 8.921079337596893311e-03 -1.070618778467178345e-01 1.425497293472290039e+00
9.022232890129089355e-02 3.741739094257354736e-01 -9.231255650520324707e-01 7.548047900199890137e-01 3.580904006958007812e-02 -9.273010492324829102e-01 -3.724537789821624756e-01 -1.615565419197082520e+00 -9.949538707733154297e-01 5.866289138793945312e-04 -9.730545431375503540e-02 1.445096254348754883e+00
7.103896141052246094e-02 3.847254812717437744e-01 -9.201140403747558594e-01 7.392278313636779785e-01 3.447341918945312500e-02 -9.233295321464538574e-01 -3.831515610218048096e-01 -1.628519296646118164e+00 -9.968954920768737793e-01 -4.485160112380981445e-03 -7.879202067852020264e-02 1.469068050384521484e+00
5.324715375900268555e-02 4.078782200813293457e-01 -9.112414717674255371e-01 7.429689168930053711e-01 3.662824630737304688e-02 -9.131783843040466309e-01 -4.062614440917968750e-01 -1.656518816947937012e+00 -9.982352852821350098e-01 -1.176563650369644165e-02 -6.318312883377075195e-02 1.460521697998046875e+00
2.855920791625976562e-02 4.147980213165283203e-01 -9.093665480613708496e-01 7.294341921806335449e-01 2.282899618148803711e-02 -9.099382758140563965e-01 -4.140527248382568359e-01 -1.658040642738342285e+00 -9.994457960128784180e-01 -8.744418621063232422e-03 -3.612090647220611572e-02 1.478226423263549805e+00
1.598942279815673828e-02 4.195658564567565918e-01 -9.075149297714233398e-01 7.399316430091857910e-01 1.673793792724609375e-02 -9.075801968574523926e-01 -4.194743633270263672e-01 -1.653828501701354980e+00 -9.993913173675537109e-01 -7.846295833587646484e-03 -2.157670259475708008e-02 1.486944437026977539e+00
1.210987567901611328e-03 4.132420420646667480e-01 -9.107629060745239258e-01 7.358046770095825195e-01 1.188063621520996094e-02 -9.108597636222839355e-01 -4.129908680915832520e-01 -1.658100962638854980e+00 -1.000134348869323730e+00 -1.026456058025360107e-02 -5.984157323837280273e-03 1.501942634582519531e+00
-1.358819007873535156e-02 4.162171483039855957e-01 -9.093832373619079590e-01 7.246198654174804688e-01 1.051157712936401367e-02 -9.093818068504333496e-01 -4.161221086978912354e-01 -1.665076494216918945e+00 -9.999822378158569336e-01 -1.524356007575988770e-02 8.005209267139434814e-03 1.501966834068298340e+00
-3.301903605461120605e-02 4.142981171607971191e-01 -9.093459844589233398e-01 7.199468016624450684e-01 -1.166909933090209961e-04 -9.099965095520019531e-01 -4.144099056720733643e-01 -1.670329689979553223e+00 -9.996876716613769531e-01 -1.345655322074890137e-02 2.977724373340606689e-02 1.519007682800292969e+00
