2.881051003932952881e-01 3.119384646415710449e-01 -9.053733348846435547e-01 -3.251862823963165283e-01 1.020369082689285278e-01 -9.498708248138427734e-01 -2.949679493904113770e-01 -1.502230048179626465e+00 -9.523151516914367676e-01 -7.759809494018554688e-03 -3.056421279907226562e-01 1.096235156059265137e+00
2.850559949874877930e-01 3.143206834793090820e-01 -9.054321646690368652e-01 -3.195278644561767578e-01 1.054220199584960938e-01 -9.491739273071289062e-01 -2.960621118545532227e-01 -1.498728752136230469e+00 -9.526634216308593750e-01 -1.119229197502136230e-02 -3.037165403366088867e-01 1.095049619674682617e+00
2.864231765270233154e-01 3.153445422649383545e-01 -9.046941399574279785e-01 -3.136672675609588623e-01 1.039519011974334717e-01 -9.488155841827392578e-01 -2.978721559047698975e-01 -1.498935103416442871e+00 -9.522750973701477051e-01 -8.643910288810729980e-03 -3.044423460960388184e-01 1.090512871742248535e+00
2.804461717605590820e-01 3.159832954406738281e-01 -9.061940908432006836e-01 -3.193441629409790039e-01 9.916728734970092773e-02 -9.490384459495544434e-01 -3.000421524047851562e-01 -1.500559210777282715e+00 -9.547783732414245605e-01 -6.492346525192260742e-03 -2.974119782447814941e-01 1.096801519393920898e+00
2.794694304466247559e-01 3.190613985061645508e-01 -9.054149985313415527e-01 -3.068409860134124756e-01 1.020165681838989258e-01 -9.476959705352783203e-01 -3.024789690971374512e-01 -1.510315060615539551e+00 -9.546701312065124512e-01 -7.800996303558349609e-03 -2.974639236927032471e-01 1.094832420349121094e+00
2.769969105720520020e-01 3.160518407821655273e-01 -9.073942899703979492e-01 -3.082312345504760742e-01 1.050609350204467773e-01 -9.486339092254638672e-01 -2.982154488563537598e-01 -1.509964942932128906e+00 -9.550012946128845215e-01 -1.273827254772186279e-02 -2.960745692253112793e-01 1.095291256904602051e+00
2.727325856685638428e-01 3.183888494968414307e-01 -9.079070687294006348e-01 -2.828286290168762207e-01 1.026422977447509766e-01 -9.479544758796691895e-01 -3.014589548110961914e-01 -1.502018094062805176e+00 -9.563280344009399414e-01 -1.105618476867675781e-02 -2.911878824234008789e-01 1.096641898155212402e+00
2.714297771453857422e-01 3.222033977508544922e-01 -9.069206118583679199e-01 -2.763351500034332275e-01 1.037256717681884766e-01 -9.465479850769042969e-01 -3.055671155452728271e-01 -1.504756331443786621e+00 -9.566845893859863281e-01 -1.091381907463073730e-02 -2.902815341949462891e-01 1.098576426506042480e+00
2.543133199214935303e-01 3.276855051517486572e-01 -9.102821350097656250e-01 -3.162417113780975342e-01 1.001491546630859375e-01 -9.450730085372924805e-01 -3.119879961013793945e-01 -1.521099209785461426e+00 -9.617747068405151367e-01 -1.205302774906158447e-02 -2.729499340057373047e-01 1.123363733291625977e+00
2.470257878303527832e-01 3.376002609729766846e-01 -9.079000353813171387e-01 -2.927248775959014893e-01 9.632778167724609375e-02 -9.414321184158325195e-01 -3.235806226730346680e-01 -1.514606833457946777e+00 -9.640992879867553711e-01 -7.170438766479492188e-03 -2.653999924659729004e-01 1.123564362525939941e+00
2.424132227897644043e-01 3.469143211841583252e-01 -9.059289693832397461e-01 -2.794407308101654053e-01 9.823668003082275391e-02 -9.379186034202575684e-01 -3.330391645431518555e-01 -1.523483037948608398e+00 -9.652142524719238281e-01 -8.139848709106445312e-03 -2.612527012825012207e-01 1.128525376319885254e+00
2.351554036140441895e-01 3.472740948200225830e-01 -9.078450202941894531e-01 -2.742176353931427002e-01 1.021526455879211426e-01 -9.373672604560852051e-01 -3.320945799350738525e-01 -1.510718464851379395e+00 -9.667700529098510742e-01 -1.467651873826980591e-02 -2.557340860366821289e-01 1.130716443061828613e+00
2.325599640607833862e-01 3.552330434322357178e-01 -9.058350920677185059e-01 -2.532415688037872314e-01 1.128134727478027344e-01 -9.347188472747802734e-01 -3.378908634185791016e-01 -1.500730514526367188e+00 -9.661562442779541016e-01 -2.327275276184082031e-02 -2.569230794906616211e-01 1.102187275886535645e+00
2.224571704864501953e-01 3.650617003440856934e-01 -9.041140079498291016e-01 -2.497360259294509888e-01 1.174318790435791016e-01 -9.304057359695434570e-01 -3.467424809932708740e-01 -1.501715421676635742e+00 -9.677309989929199219e-01 -2.904272079467773438e-02 -2.500846982002258301e-01 1.100132346153259277e+00
2.122558951377868652e-01 3.623349070549011230e-01 -9.078199863433837891e-01 -2.200341522693634033e-01 1.148847490549087524e-01 -9.314465522766113281e-01 -3.450645208358764648e-01 -1.477913141250610352e+00 -9.706427454948425293e-01 -3.104078769683837891e-02 -2.392142415046691895e-01 1.112777709960937500e+00
2.015790343284606934e-01 3.738794326782226562e-01 -9.052314758300781250e-01 -2.051033079624176025e-01 1.030103117227554321e-01 -9.272959232330322266e-01 -3.603763878345489502e-01 -1.477037549018859863e+00 -9.739233255386352539e-01 -2.054238319396972656e-02 -2.257455587387084961e-01 1.110468149185180664e+00
1.876055300235748291e-01 3.767077028751373291e-01 -9.073112010955810547e-01 -1.995770037174224854e-01 9.660506248474121094e-02 -9.262668490409851074e-01 -3.647657632827758789e-01 -1.472735524177551270e+00 -9.770961403846740723e-01 -1.909226179122924805e-02 -2.103290557861328125e-01 1.125744938850402832e+00
1.839216947555541992e-01 3.912850022315979004e-01 -9.017580747604370117e-01 -1.715981513261795044e-01 1.021709442138671875e-01 -9.201081991195678711e-01 -3.781473636627197266e-01 -1.482639312744140625e+00 -9.775741100311279297e-01 -2.262580394744873047e-02 -2.088260650634765625e-01 1.110807895660400391e+00
1.593286395072937012e-01 3.987941145896911621e-01 -9.031719565391540527e-01 -1.549439132213592529e-01 1.004483997821807861e-01 -9.167562723159790039e-01 -3.871139883995056152e-01 -1.479416847229003906e+00 -9.821135401725769043e-01 -2.899402379989624023e-02 -1.859432756900787354e-01 1.118708133697509766e+00
1.366617679595947266e-01 4.041251540184020996e-01 -9.045388698577880859e-01 -1.546037048101425171e-01 9.488308429718017578e-02 -9.142152667045593262e-01 -3.942705392837524414e-01 -1.495679140090942383e+00 -9.862056970596313477e-01 -3.199204802513122559e-02 -1.632314771413803101e-01 1.135549545288085938e+00
1.364037990570068359e-01 4.035881757736206055e-01 -9.048715233802795410e-01 -1.164991855621337891e-01 9.550137817859649658e-02 -9.143717288970947266e-01 -3.938702344894409180e-01 -1.475000023841857910e+00 -9.859781861305236816e-01 -3.268212080001831055e-02 -1.634511351585388184e-01 1.120114803314208984e+00
1.262732744216918945e-01 4.059131145477294922e-01 -9.053353071212768555e-01 -1.093955859541893005e-01 8.646261692047119141e-02 -9.134379029273986816e-01 -3.976945579051971436e-01 -1.470041155815124512e+00 -9.882380962371826172e-01 -2.825760841369628906e-02 -1.504150629043579102e-01 1.124728083610534668e+00
1.112771928310394287e-01 4.278194308280944824e-01 -8.972635269165039062e-01 -7.889461517333984375e-02 7.443183660507202148e-02 -9.037002921104431152e-01 -4.212006330490112305e-01 -1.468156933784484863e+00 -9.912633299827575684e-01 -1.988148689270019531e-02 -1.321852207183837891e-01 1.128998875617980957e+00
9.042400121688842773e-02 4.357626438140869141e-01 -8.951045870780944824e-01 -9.320633858442306519e-02 6.925445795059204102e-02 -8.996291160583496094e-01 -4.308707714080810547e-01 -1.479186892509460449e+00 -9.933165311813354492e-01 -2.267551422119140625e-02 -1.116854548454284668e-01 1.157979011535644531e+00
9.587037563323974609e-02 4.475262165069580078e-01 -8.892528414726257324e-01 -5.243992432951927185e-02 6.038987636566162109e-02 -8.942787647247314453e-01 -4.434514641761779785e-01 -1.469200372695922852e+00 -9.940006732940673828e-01 -1.116132736206054688e-02 -1.125913858413696289e-01 1.153357028961181641e+00
9.156131744384765625e-02 4.602976441383361816e-01 -8.830670118331909180e-01 -4.168091714382171631e-02 5.286845564842224121e-02 -8.878314495086669922e-01 -4.573566019535064697e-01 -1.468960762023925781e+00 -9.945563673973083496e-01 -5.048513412475585938e-03 -1.056079268455505371e-01 1.164140462875366211e+00
9.179663658142089844e-02 4.697051048278808594e-01 -8.780232071876525879e-01 -1.909990608692169189e-02 4.800605773925781250e-02 -8.829867839813232422e-01 -4.672468900680541992e-01 -1.464121580123901367e+00 -9.942946434020996094e-01 5.009174346923828125e-04 -1.035257577896118164e-01 1.164443254470825195e+00
8.482420444488525391e-02 4.782998561859130859e-01 -8.741922378540039062e-01 6.039844825863838196e-03 5.033963918685913086e-02 -8.781924247741699219e-01 -4.755991697311401367e-01 -1.460730910301208496e+00 -9.950938820838928223e-01 -3.667652606964111328e-03 -9.849715232849121094e-02 1.173767089843750000e+00
8.534389734268188477e-02 4.780468940734863281e-01 -8.739869594573974609e-01 3.158092871308326721e-02 5.108141899108886719e-02 -8.779890537261962891e-01 -4.753818511962890625e-01 -1.456840991973876953e+00 -9.947148561477661133e-01 -4.130601882934570312e-03 -9.971523284912109375e-02 1.172486424446105957e+00
8.412337303161621094e-02 4.761754274368286133e-01 -8.752872943878173828e-01 4.298686236143112183e-02 5.214790999889373779e-02 -8.793312907218933105e-01 -4.730644822120666504e-01 -1.457820415496826172e+00 -9.950451850891113281e-01 -5.561828613281250000e-03 -9.900903701782226562e-02 1.179833292961120605e+00
8.652627468109130859e-02 4.791560173034667969e-01 -8.732663989067077637e-01 5.240558832883834839e-02 5.270707607269287109e-02 -8.781231641769409180e-01 -4.763137698173522949e-01 -1.456671476364135742e+00 -9.945538043975830078e-01 -4.271745681762695312e-03 -1.012860536575317383e-01 1.185205936431884766e+00
9.018146991729736328e-02 4.819010496139526367e-01 -8.715773224830627441e-01 6.227982044219970703e-02 5.089110136032104492e-02 -8.762332797050476074e-01 -4.794296324253082275e-01 -1.451423525810241699e+00 -9.946234226226806641e-01 -1.265406608581542969e-03 -1.039928495883941650e-01 1.188915610313415527e+00
9.282350540161132812e-02 4.855960607528686523e-01 -8.692597746849060059e-01 7.727956771850585938e-02 4.859377443790435791e-02 -8.740558624267578125e-01 -4.829791188240051270e-01 -1.452834725379943848e+00 -9.944443702697753906e-01 2.596855163574218750e-03 -1.046019643545150757e-01 1.197293043136596680e+00
9.706008434295654297e-02 4.891877174377441406e-01 -8.665519952774047852e-01 8.851800113916397095e-02 4.899051785469055176e-02 -8.718081116676330566e-01 -4.870018959045410156e-01 -1.452922463417053223e+00 -9.937281608581542969e-01 4.810452461242675781e-03 -1.090328693389892578e-01 1.203038096427917480e+00
1.016145944595336914e-01 4.965459108352661133e-01 -8.620570898056030273e-01 1.125718206167221069e-01 5.305361747741699219e-02 -8.683087825775146484e-01 -4.937297701835632324e-01 -1.449037790298461914e+00 -9.937957525253295898e-01 4.417181015014648438e-03 -1.144966334104537964e-01 1.206719279289245605e+00
1.079105138778686523e-01 4.919136762619018555e-01 -8.639029264450073242e-01 1.294130980968475342e-01 5.380141735076904297e-02 -8.704269528388977051e-01 -4.891901314258575439e-01 -1.445715785026550293e+00 -9.928138256072998047e-01 6.025612354278564453e-03 -1.202285140752792358e-01 1.206112980842590332e+00
1.115303039550781250e-01 4.871697425842285156e-01 -8.661093711853027344e-01 1.407559812068939209e-01 5.551624298095703125e-02 -8.734710216522216797e-01 -4.842092692852020264e-01 -1.446102499961853027e+00 -9.922543764114379883e-01 6.140232086181640625e-03 -1.244745552539825439e-01 1.209446907043457031e+00
1.150367259979248047e-01 4.916025698184967041e-01 -8.629937767982482910e-01 1.539841294288635254e-01 5.287241935729980469e-02 -8.708214163780212402e-01 -4.886500239372253418e-01 -1.448531508445739746e+00 -9.916766881942749023e-01 1.075688004493713379e-02 -1.261908262968063354e-01 1.213717579841613770e+00
1.272635459899902344e-01 4.933863580226898193e-01 -8.605750203132629395e-01 1.625170856714248657e-01 4.942023754119873047e-02 -8.693796396255493164e-01 -4.911838769912719727e-01 -1.447476148605346680e+00 -9.908231496810913086e-01 1.983249187469482422e-02 -1.350773721933364868e-01 1.212035775184631348e+00
1.337479650974273682e-01 4.922241866588592529e-01 -8.604525327682495117e-01 1.742232739925384521e-01 4.523934423923492432e-02 -8.699066042900085449e-01 -4.909651577472686768e-01 -1.446090459823608398e+00 -9.897844791412353516e-01 2.684405446052551270e-02 -1.387373059988021851e-01 1.214804053306579590e+00
1.420204043388366699e-01 4.898309707641601562e-01 -8.602335453033447266e-01 1.905979216098785400e-01 4.143406450748443604e-02 -8.708827495574951172e-01 -4.892882704734802246e-01 -1.443119287490844727e+00 -9.893660545349121094e-01 3.374576568603515625e-02 -1.440728902816772461e-01 1.207521677017211914e+00
1.590430736541748047e-01 4.956939220428466797e-01 -8.539610505104064941e-01 2.133146226406097412e-01 3.657174110412597656e-02 -8.667474389076232910e-01 -4.966569542884826660e-01 -1.445238828659057617e+00 -9.863700866699218750e-01 4.772472381591796875e-02 -1.558125764131546021e-01 1.208580493927001953e+00
1.638273745775222778e-01 5.022829771041870117e-01 -8.490817546844482422e-01 2.322884798049926758e-01 3.535297513008117676e-02 -8.627249002456665039e-01 -5.039538741111755371e-01 -1.446636080741882324e+00 -9.856420755386352539e-01 5.251586437225341797e-02 -1.591365039348602295e-01 1.202674865722656250e+00
1.685974746942520142e-01 4.968957901000976562e-01 -8.510282635688781738e-01 2.575676739215850830e-01 3.672540187835693359e-02 -8.664208650588989258e-01 -4.984424412250518799e-01 -1.441957116127014160e+00 -9.852110743522644043e-01 5.324643850326538086e-02 -1.642676591873168945e-01 1.195588111877441406e+00
1.750319004058837891e-01 4.877873063087463379e-01 -8.550680875778198242e-01 2.720550894737243652e-01 4.059903323650360107e-02 -8.717648983001708984e-01 -4.888013005256652832e-01 -1.445916414260864258e+00 -9.834603667259216309e-01 5.063754320144653320e-02 -1.726250052452087402e-01 1.188656926155090332e+00
1.767717599868774414e-01 4.835518598556518555e-01 -8.571892380714416504e-01 2.797524631023406982e-01 3.896015882492065430e-02 -8.735527992248535156e-01 -4.849217534065246582e-01 -1.447360157966613770e+00 -9.831700921058654785e-01 5.200847983360290527e-02 -1.734660267829895020e-01 1.181995868682861328e+00
1.756892800331115723e-01 4.839577376842498779e-01 -8.572274446487426758e-01 2.899729311466217041e-01 3.564295172691345215e-02 -8.734789490699768066e-01 -4.860189259052276611e-01 -1.449701905250549316e+00 -9.841635823249816895e-01 5.471017956733703613e-02 -1.708758473396301270e-01 1.174914479255676270e+00
1.794235706329345703e-01 4.819035530090332031e-01 -8.581081628799438477e-01 3.131731748580932617e-01 3.879606723785400391e-02 -8.744804859161376953e-01 -4.833020865917205811e-01 -1.451816320419311523e+00 -9.833999872207641602e-01 5.366632342338562012e-02 -1.754772812128067017e-01 1.166933298110961914e+00
1.846613287925720215e-01 4.746066629886627197e-01 -8.608608841896057129e-01 3.274497687816619873e-01 4.147505760192871094e-02 -8.786497712135314941e-01 -4.759738445281982422e-01 -1.449606060981750488e+00 -9.817976951599121094e-01 5.220137536525726318e-02 -1.819686889648437500e-01 1.156823873519897461e+00
1.937074661254882812e-01 4.686578810214996338e-01 -8.620520830154418945e-01 3.457970321178436279e-01 4.079222679138183594e-02 -8.815871477127075195e-01 -4.702380895614624023e-01 -1.456920266151428223e+00 -9.804360270500183105e-01 5.610644817352294922e-02 -1.898687183856964111e-01 1.144737601280212402e+00
2.004719376564025879e-01 4.724622666835784912e-01 -8.583971858024597168e-01 3.534819781780242920e-01 3.608793020248413086e-02 -8.790407180786132812e-01 -4.756125211715698242e-01 -1.457264780998229980e+00 -9.793493747711181641e-01 6.423527002334594727e-02 -1.936906576156616211e-01 1.140746116638183594e+00
2.070682048797607422e-01 4.770906269550323486e-01 -8.540378212928771973e-01 3.701560497283935547e-01 3.505611419677734375e-02 -8.760697245597839355e-01 -4.810867309570312500e-01 -1.455982565879821777e+00 -9.775972366333007812e-01 6.960014998912811279e-02 -1.980865001678466797e-01 1.134283781051635742e+00
2.146575748920440674e-01 4.733470678329467773e-01 -8.543698787689208984e-01 3.917033374309539795e-01 3.767457604408264160e-02 -8.781296610832214355e-01 -4.770165085792541504e-01 -1.453189373016357422e+00 -9.756935834884643555e-01 7.034245133399963379e-02 -2.067191004753112793e-01 1.122428536415100098e+00
2.178815603256225586e-01 4.653959274291992188e-01 -8.583129644393920898e-01 4.059530198574066162e-01 3.874003887176513672e-02 -8.828384876251220703e-01 -4.687656164169311523e-01 -1.456552743911743164e+00 -9.752132892608642578e-01 6.909167021512985229e-02 -2.103642672300338745e-01 1.112299919128417969e+00
2.185491472482681274e-01 4.598131775856018066e-01 -8.607954978942871094e-01 4.073735177516937256e-01 3.804462775588035583e-02 -8.854613304138183594e-01 -4.632599651813507080e-01 -1.463705539703369141e+00 -9.751224517822265625e-01 6.846120953559875488e-02 -2.110198438167572021e-01 1.109449267387390137e+00
2.251634746789932251e-01 4.601199626922607422e-01 -8.591443300247192383e-01 4.208484590053558350e-01 3.665369749069213867e-02 -8.847016692161560059e-01 -4.645802080631256104e-01 -1.460183739662170410e+00 -9.735630750656127930e-01 7.315979897975921631e-02 -2.161801159381866455e-01 1.098592996597290039e+00
2.282707691192626953e-01 4.599130749702453613e-01 -8.583194017410278320e-01 4.352612495422363281e-01 3.475028276443481445e-02 -8.843890428543090820e-01 -4.649945497512817383e-01 -1.458742260932922363e+00 -9.729314446449279785e-01 7.637771964073181152e-02 -2.175751030445098877e-01 1.092255592346191406e+00
2.362656891345977783e-01 4.563088715076446533e-01 -8.577985167503356934e-01 4.571337997913360596e-01 4.126274585723876953e-02 -8.865633010864257812e-01 -4.603132009506225586e-01 -1.458005428314208984e+00 -9.709680676460266113e-01 7.341510057449340820e-02 -2.284747660160064697e-01 1.076621890068054199e+00
2.351206690073013306e-01 4.521563649177551270e-01 -8.603520393371582031e-01 4.625534415245056152e-01 4.013207554817199707e-02 -8.892087340354919434e-01 -4.561253786087036133e-01 -1.455362558364868164e+00 -9.709920883178710938e-01 7.270094752311706543e-02 -2.269750237464904785e-01 1.070197105407714844e+00
2.332124114036560059e-01 4.552044868469238281e-01 -8.591386675834655762e-01 4.736544489860534668e-01 4.174864292144775391e-02 -8.875072002410888672e-01 -4.590010643005371094e-01 -1.451338768005371094e+00 -9.715113043785095215e-01 7.123202830553054810e-02 -2.259975671768188477e-01 1.067703127861022949e+00
2.350299954414367676e-01 4.564434289932250977e-01 -8.584947586059570312e-01 4.899097383022308350e-01 4.601812362670898438e-02 -8.873230218887329102e-01 -4.593400657176971436e-01 -1.450912952423095703e+00 -9.709222316741943359e-01 6.847935169935226440e-02 -2.294846624135971069e-01 1.062422275543212891e+00
2.365622520446777344e-01 4.555396437644958496e-01 -8.582067489624023438e-01 4.956143200397491455e-01 4.898519814014434814e-02 -8.875288963317871094e-01 -4.578269124031066895e-01 -1.450600862503051758e+00 -9.701563715934753418e-01 6.616052985191345215e-02 -2.323067188262939453e-01 1.054667592048645020e+00
2.328973710536956787e-01 4.563184380531311035e-01 -8.586326837539672852e-01 5.027478337287902832e-01 5.040371417999267578e-02 -8.875980377197265625e-01 -4.580543637275695801e-01 -1.445656895637512207e+00 -9.710862636566162109e-01 6.343693286180496216e-02 -2.296917438507080078e-01 1.050319314002990723e+00
2.311846017837524414e-01 4.591900706291198730e-01 -8.576250076293945312e-01 5.167196989059448242e-01 5.548784136772155762e-02 -8.865721821784973145e-01 -4.595197439193725586e-01 -1.447269201278686523e+00 -9.710644483566284180e-01 5.879253149032592773e-02 -2.304484844207763672e-01 1.045455217361450195e+00
2.337140142917633057e-01 4.572732746601104736e-01 -8.583755493164062500e-01 5.299035906791687012e-01 5.559892952442169189e-02 -8.875668644905090332e-01 -4.576681852340698242e-01 -1.445907592773437500e+00 -9.706579446792602539e-01 5.929987132549285889e-02 -2.328516691923141479e-01 1.038510203361511230e+00
2.296083271503448486e-01 4.511502087116241455e-01 -8.626452088356018066e-01 5.417236685752868652e-01 4.895015060901641846e-02 -8.903224468231201172e-01 -4.526771306991577148e-01 -1.442395567893981934e+00 -9.719894528388977051e-01 6.177532672882080078e-02 -2.264660149812698364e-01 1.030257463455200195e+00
2.288089394569396973e-01 4.557871520519256592e-01 -8.599045276641845703e-01 5.493550300598144531e-01 4.684209823608398438e-02 -8.880196809768676758e-01 -4.579287171363830566e-01 -1.441164731979370117e+00 -9.724496006965637207e-01 6.467980146408081055e-02 -2.247063964605331421e-01 1.025172948837280273e+00
2.269670963287353516e-01 4.614431262016296387e-01 -8.578284978866577148e-01 5.639705061912536621e-01 4.480731487274169922e-02 -8.847805261611938477e-01 -4.642057418823242188e-01 -1.442519664764404297e+00 -9.727837443351745605e-01 6.698088347911834717e-02 -2.220730930566787720e-01 1.021182894706726074e+00
2.210229635238647461e-01 4.635826945304870605e-01 -8.582369685173034668e-01 5.736057162284851074e-01 4.644879698753356934e-02 -8.838296532630920410e-01 -4.654137492179870605e-01 -1.443518280982971191e+00 -9.739013314247131348e-01 6.290015578269958496e-02 -2.167540937662124634e-01 1.019901871681213379e+00
2.151395380496978760e-01 4.659937620162963867e-01 -8.581847548484802246e-01 5.838122367858886719e-01 5.128574371337890625e-02 -8.829649090766906738e-01 -4.665935635566711426e-01 -1.444516062736511230e+00 -9.751583337783813477e-01 5.637975037097930908e-02 -2.137989550828933716e-01 1.019290804862976074e+00
2.151533961296081543e-01 4.645699262619018555e-01 -8.588962554931640625e-01 5.989079475402832031e-01 5.041909217834472656e-02 -8.836531639099121094e-01 -4.653682708740234375e-01 -1.445093631744384766e+00 -9.752659797668457031e-01 5.667781829833984375e-02 -2.134680747985839844e-01 1.014009118080139160e+00
2.122744619846343994e-01 4.615791440010070801e-01 -8.613532781600952148e-01 6.058548688888549805e-01 4.993724822998046875e-02 -8.853353261947631836e-01 -4.618273675441741943e-01 -1.445610284805297852e+00 -9.758419990539550781e-01 5.458748340606689453e-02 -2.108138203620910645e-01 1.012478351593017578e+00
2.114086002111434937e-01 4.674386978149414062e-01 -8.585768342018127441e-01 6.128256916999816895e-01 5.526331812143325806e-02 -8.826783895492553711e-01 -4.671582579612731934e-01 -1.446888566017150879e+00 -9.753720760345458984e-01 5.133499205112457275e-02 -2.126933038234710693e-01 1.013934135437011719e+00
2.147185802459716797e-01 4.799693226814270020e-01 -8.508942127227783203e-01 6.221966147422790527e-01 5.859363079071044922e-02 -8.757777810096740723e-01 -4.793325662612915039e-01 -1.450586438179016113e+00 -9.750187397003173828e-01 5.312365293502807617e-02 -2.161840796470642090e-01 1.014288187026977539e+00
2.194660902023315430e-01 4.901798665523529053e-01 -8.430791497230529785e-01 6.420450210571289062e-01 5.315700173377990723e-02 -8.691254258155822754e-01 -4.912740588188171387e-01 -1.452305555343627930e+00 -9.739480018615722656e-01 6.309557706117630005e-02 -2.169055044651031494e-01 1.013920068740844727e+00
2.174736261367797852e-01 4.920754432678222656e-01 -8.431688547134399414e-01 6.624515652656555176e-01 4.593157768249511719e-02 -8.675873875617980957e-01 -4.944930076599121094e-01 -1.457253098487854004e+00 -9.752928018569946289e-01 6.890487670898437500e-02 -2.111124098300933838e-01 1.014881491661071777e+00
2.155417203903198242e-01 4.844217002391815186e-01 -8.476107120513916016e-01 6.773414015769958496e-01 4.539918899536132812e-02 -8.722613453865051270e-01 -4.870292842388153076e-01 -1.461589217185974121e+00 -9.754927754402160645e-01 6.655991077423095703e-02 -2.100436091423034668e-01 1.019872426986694336e+00
2.138081490993499756e-01 4.770604968070983887e-01 -8.525520563125610352e-01 6.906574368476867676e-01 4.817536473274230957e-02 -8.763391375541687012e-01 -4.785462617874145508e-01 -1.469171404838562012e+00 -9.757539629936218262e-01 6.124053522944450378e-02 -2.104903757572174072e-01 1.024135947227478027e+00
2.174026966094970703e-01 4.633101224899291992e-01 -8.591703772544860840e-01 7.053346037864685059e-01 4.713225364685058594e-02 -8.843127489089965820e-01 -4.646043777465820312e-01 -1.473024368286132812e+00 -9.747729301452636719e-01 6.019306182861328125e-02 -2.138234376907348633e-01 1.028932571411132812e+00
2.217628061771392822e-01 4.475717544555664062e-01 -8.663095831871032715e-01 7.168364524841308594e-01 4.809384793043136597e-02 -8.925651907920837402e-01 -4.485061764717102051e-01 -1.476141810417175293e+00 -9.736734032630920410e-01 5.788034200668334961e-02 -2.194904685020446777e-01 1.027983784675598145e+00
2.203410267829895020e-01 4.369019567966461182e-01 -8.717014789581298828e-01 7.271838784217834473e-01 4.955077171325683594e-02 -8.979337215423583984e-01 -4.373224973678588867e-01 -1.481535673141479492e+00 -9.744082689285278320e-01 5.305218696594238281e-02 -2.195916473865509033e-01 1.030404090881347656e+00
2.139577269554138184e-01 4.278705120086669922e-01 -8.780648708343505859e-01 7.361875176429748535e-01 5.223304033279418945e-02 -9.028155207633972168e-01 -4.271337687969207764e-01 -1.490590810775756836e+00 -9.753060936927795410e-01 4.557621479034423828e-02 -2.154591083526611328e-01 1.037160873413085938e+00
2.091370373964309692e-01 4.170079827308654785e-01 -8.843022584915161133e-01 7.389172911643981934e-01 5.810345709323883057e-02 -9.080655574798583984e-01 -4.146755337715148926e-01 -1.492929339408874512e+00 -9.761571288108825684e-01 3.530199825763702393e-02 -2.141572833061218262e-01 1.040189862251281738e+00
2.017916440963745117e-01 4.175728857517242432e-01 -8.859116435050964355e-01 7.445078492164611816e-01 5.965843796730041504e-02 -9.082238078117370605e-01 -4.145777523517608643e-01 -1.496117591857910156e+00 -9.776464700698852539e-01 3.078000992536544800e-02 -2.082235217094421387e-01 1.047475337982177734e+00
1.992184221744537354e-01 4.218215942382812500e-01 -8.844872117042541504e-01 7.586405873298645020e-01 5.399343371391296387e-02 -9.060605168342590332e-01 -4.196619689464569092e-01 -1.498172998428344727e+00 -9.786440134048461914e-01 3.586208820343017578e-02 -2.031940221786499023e-01 1.053795695304870605e+00
2.039289474487304688e-01 4.149252474308013916e-01 -8.865618705749511719e-01 7.701150774955749512e-01 4.999792575836181641e-02 -9.090597629547119141e-01 -4.138312339782714844e-01 -1.501355409622192383e+00 -9.777814745903015137e-01 4.016613960266113281e-02 -2.060068845748901367e-01 1.059223055839538574e+00
2.128134369850158691e-01 4.050071835517883301e-01 -8.891295194625854492e-01 7.733801603317260742e-01 4.868769645690917969e-02 -9.134396314620971680e-01 -4.044715166091918945e-01 -1.503037929534912109e+00 -9.758141040802001953e-01 4.299604892730712891e-02 -2.143477201461791992e-01 1.061394095420837402e+00
2.181050777435302734e-01 4.025798738002777100e-01 -8.892586827278137207e-01 7.799367904663085938e-01 4.412978887557983398e-02 -9.141321182250976562e-01 -4.031320214271545410e-01 -1.505190014839172363e+00 -9.748501181602478027e-01 4.874014854431152344e-02 -2.171133160591125488e-01 1.064992070198059082e+00
2.240761220455169678e-01 4.013965129852294922e-01 -8.881382346153259277e-01 7.879627346992492676e-01 4.025983810424804688e-02 -9.143263101577758789e-01 -4.031718969345092773e-01 -1.508788585662841797e+00 -9.734355211257934570e-01 5.447834730148315430e-02 -2.210083156824111938e-01 1.073313474655151367e+00
2.325510978698730469e-01 3.968539237976074219e-01 -8.877006769180297852e-01 7.970052957534790039e-01 3.945407271385192871e-02 -9.160073399543762207e-01 -3.992090821266174316e-01 -1.513790845870971680e+00 -9.715614914894104004e-01 5.757352709770202637e-02 -2.286694347858428955e-01 1.077752351760864258e+00
2.353816032409667969e-01 3.919747769832611084e-01 -8.897051811218261719e-01 7.978082895278930664e-01 3.872036933898925781e-02 -9.183835983276367188e-01 -3.944356441497802734e-01 -1.516595244407653809e+00 -9.712422490119934082e-01 5.835631489753723145e-02 -2.314077615737915039e-01 1.083185315132141113e+00
2.391320466995239258e-01 3.935140073299407959e-01 -8.876816630363464355e-01 8.054331541061401367e-01 3.534089773893356323e-02 -9.168755412101745605e-01 -3.969315588474273682e-01 -1.517976045608520508e+00 -9.704521298408508301e-01 6.373929977416992188e-02 -2.332515716552734375e-01 1.085895180702209473e+00
2.411930561065673828e-01 3.930709660053253174e-01 -8.873497247695922852e-01 8.165110349655151367e-01 2.986454963684082031e-02 -9.170421361923217773e-01 -3.978147506713867188e-01 -1.524367570877075195e+00 -9.699672460556030273e-01 6.958243250846862793e-02 -2.327184230089187622e-01 1.089733481407165527e+00
2.432750016450881958e-01 3.810242414474487305e-01 -8.920168280601501465e-01 8.187839984893798828e-01 2.714525163173675537e-02 -9.219340085983276367e-01 -3.863453865051269531e-01 -1.529142141342163086e+00 -9.696424007415771484e-01 6.981667131185531616e-02 -2.346333414316177368e-01 1.100384473800659180e+00
2.508267462253570557e-01 3.728484809398651123e-01 -8.934983015060424805e-01 8.172343373298645020e-01 2.877936512231826782e-02 -9.250778555870056152e-01 -3.783239722251892090e-01 -1.530468702316284180e+00 -9.673361182212829590e-01 6.914408504962921143e-02 -2.427541762590408325e-01 1.107719779014587402e+00
2.605915665626525879e-01 3.815255463123321533e-01 -8.871326446533203125e-01 8.232191801071166992e-01 2.917861938476562500e-02 -9.216696023941040039e-01 -3.874895572662353516e-01 -1.529395937919616699e+00 -9.651123881340026855e-01 7.513576000928878784e-02 -2.511712312698364258e-01 1.111160278320312500e+00
2.677288055419921875e-01 3.861454725265502930e-01 -8.824975490570068359e-01 8.354884386062622070e-01 2.687726914882659912e-02 -9.187135696411132812e-01 -3.938402831554412842e-01 -1.534300446510314941e+00 -9.631468653678894043e-01 8.173809200525283813e-02 -2.564634382724761963e-01 1.116515874862670898e+00
2.706674933433532715e-01 3.784014880657196045e-01 -8.851009607315063477e-01 8.383384346961975098e-01 2.943325042724609375e-02 -9.223190546035766602e-01 -3.853732347488403320e-01 -1.543752431869506836e+00 -9.620175957679748535e-01 7.814946770668029785e-02 -2.608990073204040527e-01 1.127894520759582520e+00
2.810250520706176758e-01 3.639182150363922119e-01 -8.880041241645812988e-01 8.413999676704406738e-01 3.217124938964843750e-02 -9.282647371292114258e-01 -3.705172538757324219e-01 -1.549882531166076660e+00 -9.591570496559143066e-01 7.552170753479003906e-02 -2.726337313652038574e-01 1.139834284782409668e+00
2.944705188274383545e-01 3.485407233238220215e-01 -8.901132345199584961e-01 8.410688638687133789e-01 2.981484681367874146e-02 -9.340425729751586914e-01 -3.559049367904663086e-01 -1.548201918601989746e+00 -9.554116725921630859e-01 7.819272577762603760e-02 -2.855651378631591797e-01 1.144977450370788574e+00
3.038667440414428711e-01 3.427131175994873047e-01 -8.888479471206665039e-01 8.447750210762023926e-01 3.063094615936279297e-02 -9.362979531288146973e-01 -3.502073884010314941e-01 -1.549790501594543457e+00 -9.521234035491943359e-01 7.921981811523437500e-02 -2.948319017887115479e-01 1.141592383384704590e+00
3.020385503768920898e-01 3.332329988479614258e-01 -8.930692672729492188e-01 8.450020551681518555e-01 2.866566181182861328e-02 -9.394268989562988281e-01 -3.410070538520812988e-01 -1.555534601211547852e+00 -9.528674483299255371e-01 7.679808139801025391e-02 -2.930714190006256104e-01 1.161252140998840332e+00
3.084167242050170898e-01 3.249745368957519531e-01 -8.941490054130554199e-01 8.371267318725585938e-01 3.458094596862792969e-02 -9.432383775711059570e-01 -3.308686017990112305e-01 -1.560728073120117188e+00 -9.508033394813537598e-01 7.096219062805175781e-02 -3.020015954971313477e-01 1.167934656143188477e+00
3.174637556076049805e-01 3.300389051437377930e-01 -8.888685703277587891e-01 8.319975733757019043e-01 4.339313507080078125e-02 -9.416002631187438965e-01 -3.335871696472167969e-01 -1.562877655029296875e+00 -9.472279548645019531e-01 6.714892387390136719e-02 -3.129758834838867188e-01 1.162088632583618164e+00
3.159437179565429688e-01 3.338057994842529297e-01 -8.882047533988952637e-01 8.349513411521911621e-01 4.214733839035034180e-02 -9.399567246437072754e-01 -3.386292159557342529e-01 -1.562880635261535645e+00 -9.481019973754882812e-01 6.958520412445068359e-02 -3.110722601413726807e-01 1.178506851196289062e+00
3.194590210914611816e-01 3.353136777877807617e-01 -8.861280083656311035e-01 8.326678872108459473e-01 4.547764360904693604e-02 -9.395176172256469727e-01 -3.389230668544769287e-01 -1.566882014274597168e+00 -9.464093446731567383e-01 6.812357902526855469e-02 -3.155184984207153320e-01 1.187010169029235840e+00
3.220403194427490234e-01 3.364350795745849609e-01 -8.850052952766418457e-01 8.318848013877868652e-01 4.873266071081161499e-02 -9.396682977676391602e-01 -3.395672440528869629e-01 -1.569954991340637207e+00 -9.456361532211303711e-01 6.643021106719970703e-02 -3.188796639442443848e-01 1.194536685943603516e+00
3.200839757919311523e-01 3.311783671379089355e-01 -8.877955675125122070e-01 8.316320776939392090e-01 4.699973762035369873e-02 -9.416517615318298340e-01 -3.341460824012756348e-01 -1.566751837730407715e+00 -9.461959004402160645e-01 6.539130210876464844e-02 -3.170791268348693848e-01 1.206297993659973145e+00
3.145256042480468750e-01 3.337180614471435547e-01 -8.885971307754516602e-01 8.240925669670104980e-01 4.896713793277740479e-02 -9.405265450477600098e-01 -3.362012803554534912e-01 -1.571849346160888672e+00 -9.482070207595825195e-01 6.232142448425292969e-02 -3.121675252914428711e-01 1.209343314170837402e+00
3.071649670600891113e-01 3.341133594512939453e-01 -8.910873532295227051e-01 8.243424892425537109e-01 4.564398527145385742e-02 -9.403698444366455078e-01 -3.368885815143585205e-01 -1.572309732437133789e+00 -9.504915475845336914e-01 6.273996829986572266e-02 -3.040322661399841309e-01 1.216140747070312500e+00
2.922335863113403320e-01 3.282665014266967773e-01 -8.983293771743774414e-01 8.196640610694885254e-01 4.037189483642578125e-02 -9.425477981567382812e-01 -3.309548497200012207e-01 -1.577855467796325684e+00 -9.554648995399475098e-01 6.063544750213623047e-02 -2.887670099735260010e-01 1.236834645271301270e+00
2.759677171707153320e-01 3.287873268127441406e-01 -9.028028249740600586e-01 7.980752587318420410e-01 3.996378183364868164e-02 -9.427368044853210449e-01 -3.316435515880584717e-01 -1.585807323455810547e+00 -9.602553844451904297e-01 5.584120750427246094e-02 -2.733877301216125488e-01 1.250427365303039551e+00
2.590660750865936279e-01 3.364178836345672607e-01 -9.052382111549377441e-01 7.929105758666992188e-01 3.545856475830078125e-02 -9.397368431091308594e-01 -3.390547037124633789e-01 -1.584237217903137207e+00 -9.650695323944091797e-01 5.569010972976684570e-02 -2.550430893898010254e-01 1.256638288497924805e+00
2.350259274244308472e-01 3.462605774402618408e-01 -9.080892205238342285e-01 7.890708446502685547e-01 3.241527080535888672e-02 -9.366256594657897949e-01 -3.485705554485321045e-01 -1.590687155723571777e+00 -9.714184403419494629e-01 5.250412225723266602e-02 -2.312870621681213379e-01 1.282415628433227539e+00
2.181755751371383667e-01 3.476244807243347168e-01 -9.118809700012207031e-01 7.904258966445922852e-01 3.090818226337432861e-02 -9.364411830902099609e-01 -3.495191335678100586e-01 -1.592576742172241211e+00 -9.754139184951782227e-01 4.804029315710067749e-02 -2.149928808212280273e-01 1.303250312805175781e+00
2.025121897459030151e-01 3.404396176338195801e-01 -9.183944463729858398e-01 7.842057347297668457e-01 2.787270396947860718e-02 -9.390026926994323730e-01 -3.421674370765686035e-01 -1.595050096511840820e+00 -9.788068532943725586e-01 4.369110241532325745e-02 -1.995852440595626831e-01 1.324908375740051270e+00
1.875960826873779297e-01 3.410135805606842041e-01 -9.214271903038024902e-01 7.749162316322326660e-01 3.234152495861053467e-02 -9.398356676101684570e-01 -3.412052989006042480e-01 -1.595993876457214355e+00 -9.818588495254516602e-01 3.421989083290100098e-02 -1.873299628496170044e-01 1.333136677742004395e+00
1.685743331909179688e-01 3.441666364669799805e-01 -9.238218665122985840e-01 7.719627618789672852e-01 3.255066275596618652e-02 -9.385936856269836426e-01 -3.437534868717193604e-01 -1.592730879783630371e+00 -9.850771427154541016e-01 2.799546718597412109e-02 -1.696485280990600586e-01 1.353195071220397949e+00
1.556246876716613770e-01 3.436947464942932129e-01 -9.257521033287048340e-01 7.680540084838867188e-01 2.989822626113891602e-02 -9.387596845626831055e-01 -3.434591293334960938e-01 -1.594406127929687500e+00 -9.873861670494079590e-01 2.562780678272247314e-02 -1.562747359275817871e-01 1.370187282562255859e+00
1.423939466476440430e-01 3.486419916152954102e-01 -9.265109300613403320e-01 7.551512122154235840e-01 3.056818246841430664e-02 -9.368671774864196777e-01 -3.478179872035980225e-01 -1.600467085838317871e+00 -9.892558455467224121e-01 2.113473415374755859e-02 -1.442897170782089233e-01 1.385517120361328125e+00
1.242207288742065430e-01 3.603340387344360352e-01 -9.240584969520568848e-01 7.483139038085937500e-01 3.112795948982238770e-02 -9.326188564300537109e-01 -3.594827651977539062e-01 -1.597339034080505371e+00 -9.915743470191955566e-01 1.588365435600280762e-02 -1.269631832838058472e-01 1.394731998443603516e+00
1.015590429306030273e-01 3.726894855499267578e-01 -9.223102927207946777e-01 7.504622936248779297e-01 2.906328439712524414e-02 -9.281240701675415039e-01 -3.716031312942504883e-01 -1.600902557373046875e+00 -9.945811629295349121e-01 1.084537804126739502e-02 -1.049783602356910706e-01 1.416486859321594238e+00
8.797324448823928833e-02 3.738683164119720459e-01 -9.234867691993713379e-01 7.448176741600036621e-01 2.756053954362869263e-02 -9.273723959922790527e-01 -3.730468750000000000e-01 -1.607801079750061035e+00 -9.958158135414123535e-01 7.361646741628646851e-03 -9.188452363014221191e-02 1.436699867248535156e+00
7.652309536933898926e-02 3.774485290050506592e-01 -9.231626391410827637e-01 7.319398522377014160e-01 3.231317549943923950e-02 -9.263005852699279785e-01 -3.760170340538024902e-01 -1.608469605445861816e+00 -9.968626499176025391e-01 -9.359233081340789795e-04 -8.299808204174041748e-02 1.442637443542480469e+00
5.653160810470581055e-02 3.924100995063781738e-01 -9.181268215179443359e-01 7.249968051910400391e-01 3.104567527770996094e-02 -9.197250008583068848e-01 -3.914580047130584717e-01 -1.614776015281677246e+00 -9.982281327247619629e-01 -6.390228867530822754e-03 -6.421312689781188965e-02 1.451856493949890137e+00
3.396272659301757812e-02 4.034446477890014648e-01 -9.141080975532531738e-01 7.206632494926452637e-01 2.140903472900390625e-02 -9.149680733680725098e-01 -4.027696251869201660e-01 -1.620078563690185547e+00 -9.989918470382690430e-01 -5.746722221374511719e-03 -3.961119055747985840e-02 1.468887805938720703e+00
1.524627208709716797e-02 4.088997840881347656e-01 -9.126242399215698242e-01 7.219049334526062012e-01 1.359713077545166016e-02 -9.125496149063110352e-01 -4.088097810745239258e-01 -1.626242876052856445e+00 -9.997201561927795410e-01 -5.994915962219238281e-03 -1.928634941577911377e-02 1.485540032386779785e+00
4.115700721740722656e-05 4.059024453163146973e-01 -9.142055511474609375e-01 7.150633931159973145e-01 9.283989667892456055e-03 -9.138435721397399902e-01 -4.061104655265808105e-01 -1.628702402114868164e+00 -9.999654889106750488e-01 -8.457183837890625000e-03 -3.912091255187988281e-03 1.496856451034545898e+00
-1.777104288339614868e-02 4.012347757816314697e-01 -9.156000018119812012e-01 7.036397457122802734e-01 8.119247853755950928e-03 -9.157340526580810547e-01 -4.014335274696350098e-01 -1.630104780197143555e+00 -9.999946951866149902e-01 -1.458065956830978394e-02 1.301233470439910889e-02 1.505228281021118164e+00
-4.142601788043975830e-02 4.051987826824188232e-01 -9.138030409812927246e-01 6.939769387245178223e-01 3.019481897354125977e-03 -9.142828583717346191e-01 -4.055416882038116455e-01 -1.634775757789611816e+00 -9.990635514259338379e-01 -1.975965499877929688e-02 3.667152300477027893e-02 1.517841339111328125e+00
