8.505448777684191386e-01 2.613461021977234733e-01 -4.563678638142066868e-01 -7.699463983204697382e-01 2.053595633611348115e-01 -9.639357808667515792e-01 -1.692786467791952132e-01 -1.446355864549973891e+00 -4.841496276913320185e-01 5.025958109812234120e-02 -8.735405621473151250e-01 1.440921420827356858e+00
8.499639232995217508e-01 2.609385951557335326e-01 -4.576815192692237355e-01 -7.708431803673446714e-01 2.058104139439380642e-01 -9.641534381259136977e-01 -1.674820009269047671e-01 -1.445584710654645111e+00 -4.849777283872274136e-01 4.815803397887501863e-02 -8.731995200327191675e-01 1.440097531965999433e+00
8.494744355769356936e-01 2.614547112829810338e-01 -4.582953474679053452e-01 -7.734217728018739635e-01 2.068911104938819245e-01 -9.640882563523540671e-01 -1.665229812927971342e-01 -1.445941415215174164e+00 -4.853753804674099115e-01 4.663978466532732459e-02 -8.730609817506126413e-01 1.440808118996098841e+00
8.492916988781131771e-01 2.626824389732224652e-01 -4.579318135349568220e-01 -7.745928432758322213e-01 2.074862479790406111e-01 -9.637042953870336159e-01 -1.679984758269017220e-01 -1.446438787371643331e+00 -4.854411050699953267e-01 4.766515693364315603e-02 -8.729690520114286034e-01 1.440026000067957890e+00
8.488776132137250130e-01 2.653499796755596774e-01 -4.571609944569353101e-01 -7.717377542665680989e-01 2.093646154430269246e-01 -9.629202657237676544e-01 -1.701499877009560735e-01 -1.446382017966932221e+00 -4.853588820221650946e-01 4.872317618575298936e-02 -8.729563550670423888e-01 1.442147322815464427e+00
8.487802216441984182e-01 2.666402164237499650e-01 -4.565907756255853100e-01 -7.733133476952606111e-01 2.108672337614304892e-01 -9.625933906950294716e-01 -1.701439821364272853e-01 -1.445306421203147007e+00 -4.848784910998261144e-01 4.813481493743443362e-02 -8.732559154011894087e-01 1.443492948508768414e+00
8.493803473952599159e-01 2.676493962860326259e-01 -4.548811127191478842e-01 -7.747441362656680708e-01 2.111768606082003452e-01 -9.622232890606303712e-01 -1.718449173116347040e-01 -1.444218460648784674e+00 -4.836913887854144001e-01 4.990133041310984563e-02 -8.738149106924213427e-01 1.445002174355047853e+00
8.496663787953697700e-01 2.703387343770981555e-01 -4.527516094073408270e-01 -7.741133870221584834e-01 2.126646700927763145e-01 -9.613416885466873341e-01 -1.749168282111249195e-01 -1.443289100085810794e+00 -4.825357906200674618e-01 5.233667840734915894e-02 -8.743112079972888973e-01 1.446925991555731539e+00
8.483961846105613214e-01 2.748123744081277242e-01 -4.524401341135027010e-01 -7.739848587457714979e-01 2.142918884305498317e-01 -9.598218959442514908e-01 -1.811654352099879850e-01 -1.445984568815966709e+00 -4.840484507177886253e-01 5.674581397370047353e-02 -8.731992967340427292e-01 1.450537916612395728e+00
8.465571916573040312e-01 2.802456765477565059e-01 -4.525519625877378327e-01 -7.715859508411910817e-01 2.180194253733736820e-01 -9.581515476282124189e-01 -1.855077935567360781e-01 -1.445638366940106057e+00 -4.856011204860027908e-01 5.837783684620311692e-02 -8.722290852773788572e-01 1.454280025504860241e+00
8.448103655202480189e-01 2.848632232755175520e-01 -4.529330996025524025e-01 -7.700526373297663651e-01 2.210885976887815851e-01 -9.567007897535056982e-01 -1.893236150699666442e-01 -1.447808478476098726e+00 -4.872527892883382616e-01 5.980420941896492232e-02 -8.712107540101580172e-01 1.458823210570186601e+00
8.434838124746947274e-01 2.881172150812266186e-01 -4.533470201477194372e-01 -7.695515523645289901e-01 2.231600437342862453e-01 -9.556564227973430858e-01 -1.921468064008379772e-01 -1.449487860459770960e+00 -4.886047944506318186e-01 6.090377730035598930e-02 -8.703769747160006176e-01 1.463410587929793838e+00
8.413031694791567316e-01 2.919071668909150596e-01 -4.549716273718885651e-01 -7.694492838945788948e-01 2.257424011837442235e-01 -9.544792956286916041e-01 -1.949606173646056817e-01 -1.452274213083831755e+00 -4.911713999203491943e-01 6.131459725277613182e-02 -8.689022816301252838e-01 1.468206300865448455e+00
8.389643811554526875e-01 2.969011825764162893e-01 -4.560575189628693904e-01 -7.694811630470860253e-01 2.301780653568756552e-01 -9.530031042426346799e-01 -1.969851326841519645e-01 -1.452517586468639932e+00 -4.931093500055436230e-01 6.028907453132947847e-02 -8.678757982534139881e-01 1.471303659222733762e+00
8.365982915891833072e-01 3.031108232888053977e-01 -4.563191081552254169e-01 -7.674124822327615947e-01 2.345241756593475502e-01 -9.509539648766689446e-01 -2.017051509622205530e-01 -1.457501446229049868e+00 -4.950774794889407082e-01 6.172832243685688614e-02 -8.666532781176928824e-01 1.476772202222339958e+00
8.341139136547374155e-01 3.077628706427271710e-01 -4.577510311514666475e-01 -7.686517564148079851e-01 2.387974321403099343e-01 -9.495534623821814124e-01 -2.032830802712752849e-01 -1.457888170769150893e+00 -4.972220605550663475e-01 6.025147924857848780e-02 -8.655287353303610098e-01 1.481675536746444255e+00
8.328500603300459382e-01 3.121921898523987160e-01 -4.570523192920842859e-01 -7.685573336912788767e-01 2.421816464990262374e-01 -9.480522876642564212e-01 -2.062641793908807364e-01 -1.459904269698814261e+00 -4.977035624727277341e-01 6.109745434582981166e-02 -8.651926215170140377e-01 1.485534454850653496e+00
8.317232126127872549e-01 3.171737545211845144e-01 -4.556723657978632436e-01 -7.663619485403633247e-01 2.459101790569823420e-01 -9.463078572080193540e-01 -2.098323683193045186e-01 -1.463760766952385328e+00 -4.977596602173614548e-01 6.246797763649981211e-02 -8.650624663753219146e-01 1.493413875170935601e+00
8.305910964620492054e-01 3.204825854919156614e-01 -4.554221599276096488e-01 -7.636469579726764545e-01 2.488725150463005353e-01 -9.452146368066399740e-01 -2.112623056909764818e-01 -1.467740822305882986e+00 -4.981775814037894268e-01 6.213053210999267689e-02 -8.648461684456374421e-01 1.499351017984650980e+00
8.296001470941211098e-01 3.226901569520415070e-01 -4.556694550052926562e-01 -7.624586587852110187e-01 2.510139938419324590e-01 -9.445117362325107235e-01 -2.118715499150602422e-01 -1.470011933569500329e+00 -4.987540120139031807e-01 6.138925678480122716e-02 -8.645668219258512144e-01 1.502816793939108386e+00
8.276759566173688132e-01 3.263085851928599346e-01 -4.565908612353262730e-01 -7.629264621213126540e-01 2.541496783144035487e-01 -9.433172314564223226e-01 -2.134491533934735341e-01 -1.474101942651907748e+00 -5.003603185102005746e-01 6.062431037008460949e-02 -8.636922147713435027e-01 1.509333768852704871e+00
8.264194410227237997e-01 3.299607961756668706e-01 -4.562420239500265540e-01 -7.617632850201675465e-01 2.576397008156332546e-01 -9.420953546496770858e-01 -2.146581659186106994e-01 -1.475545155508730666e+00 -5.006522705448488431e-01 5.985162446917995094e-02 -8.635769161796003068e-01 1.511037594111428461e+00
8.238768296245698730e-01 3.356036452038881901e-01 -4.567243823531496605e-01 -7.615492913406174402e-01 2.608712734253919030e-01 -9.399483421281937812e-01 -2.200983700116944941e-01 -1.477846458199122193e+00 -5.031631413456087998e-01 6.218767547227738168e-02 -8.619510108081893662e-01 1.514212723265031091e+00
8.200311730933835808e-01 3.429909127087615861e-01 -4.581551112641161216e-01 -7.589369156511196479e-01 2.645171505305007331e-01 -9.370302042683558152e-01 -2.280462072407574425e-01 -1.482638405443858831e+00 -5.075229544054211672e-01 6.581511312394699997e-02 -8.591209573227930330e-01 1.522136906189740735e+00
8.167091354569352424e-01 3.484554246565321756e-01 -4.599619521172121916e-01 -7.565045604518847444e-01 2.666352552576113921e-01 -9.347777521586202454e-01 -2.347257821170491698e-01 -1.486704884022074902e+00 -5.117536721985815884e-01 6.906061498190015080e-02 -8.563520330185088181e-01 1.528261763296444364e+00
8.146392441398033757e-01 3.533589204229727887e-01 -4.598916883313003967e-01 -7.540415002218200380e-01 2.686529662749039260e-01 -9.326695187778386575e-01 -2.407346044665085449e-01 -1.491953832758278420e+00 -5.139926802341352463e-01 7.256058582622305908e-02 -8.547201168104701097e-01 1.535655717340879800e+00
8.142884588238827881e-01 3.576107913935712146e-01 -4.572185680975472954e-01 -7.553315290911600810e-01 2.727678915132337734e-01 -9.310379929595204995e-01 -2.424168531251009451e-01 -1.492325619344654131e+00 -5.123787412497415872e-01 7.268269737992370805e-02 -8.556782364621242642e-01 1.542090688493195749e+00
8.155047181102956788e-01 3.622771502001176369e-01 -4.513394778559671194e-01 -7.545074120193469014e-01 2.752255147760223619e-01 -9.287840871667135678e-01 -2.482157052380796203e-01 -1.499123646331837811e+00 -5.091198030385770679e-01 7.820093988565365861e-02 -8.571357194133042423e-01 1.545485469851497928e+00
8.158715005187990865e-01 3.690890946008125173e-01 -4.451145129609818119e-01 -7.477521860774596352e-01 2.786959882774098785e-01 -9.254736308217840213e-01 -2.565679308830553507e-01 -1.500644141768787687e+00 -5.066381702185881464e-01 8.527483144533817838e-02 -8.579312115120857341e-01 1.552546676882101462e+00
8.129162909049389985e-01 3.756356318185716248e-01 -4.450449043795906556e-01 -7.423423200150488510e-01 2.806573758346159742e-01 -9.222732726764780731e-01 -2.657883461596953767e-01 -1.505489039693178377e+00 -5.102925946987456607e-01 9.115853760820306906e-02 -8.551558816815040265e-01 1.560064831594056400e+00
8.080465330895226783e-01 3.832230901089326847e-01 -4.474381192781871075e-01 -7.380782698236060257e-01 2.838773800163559846e-01 -9.187981293575762098e-01 -2.742692708291726289e-01 -1.508803848178461582e+00 -5.162116237370956151e-01 9.460477542632875214e-02 -8.512200075230700325e-01 1.566604658219320712e+00
8.042911930004298382e-01 3.891672287903834571e-01 -4.490707516159418988e-01 -7.319939193748805639e-01 2.859643633060447998e-01 -9.159329482074038964e-01 -2.815869592760403273e-01 -1.515843876467374729e+00 -5.209031146467454354e-01 9.805967770670290240e-02 -8.479647640557016475e-01 1.578810195272029926e+00
8.035865015411673973e-01 3.893974470027937729e-01 -4.501314733468946283e-01 -7.243904988153311297e-01 2.861610907887976452e-01 -9.159083564932403165e-01 -2.814670603250752912e-01 -1.522156382047056278e+00 -5.218817348594563255e-01 9.737300846132958265e-02 -8.474419965423783951e-01 1.590509778365893911e+00
8.055077085526347602e-01 3.818201978292952159e-01 -4.531783964625132888e-01 -7.209891381276828382e-01 2.809490927050037890e-01 -9.194029923599927878e-01 -2.752557757385187820e-01 -1.527870883241423616e+00 -5.217517894590067984e-01 9.440058603447176733e-02 -8.478582386072276433e-01 1.596634967788565174e+00
8.052644571282552288e-01 3.770418470103096831e-01 -4.575899928794023297e-01 -7.213053708643494266e-01 2.780378104287293262e-01 -9.217760801567342899e-01 -2.702292260294595350e-01 -1.531616916650098137e+00 -5.236832362725273304e-01 9.037867210273987928e-02 -8.471054037850390683e-01 1.600857223804740048e+00
8.042829211809144896e-01 3.760925884647632889e-01 -4.600905904367398325e-01 -7.165934682472180350e-01 2.773976904372262298e-01 -9.223230687837163932e-01 -2.690179906072386884e-01 -1.533992491778716882e+00 -5.255278373681395720e-01 8.873850975449378009e-02 -8.461359063155515781e-01 1.600699031965127972e+00
7.996953412604799194e-01 3.777922212841186567e-01 -4.666480485425341662e-01 -7.144559776203021073e-01 2.774111390140338584e-01 -9.217794844326678838e-01 -2.708609288240857449e-01 -1.535318136759917795e+00 -5.324757493302746392e-01 8.715285728867180892e-02 -8.419465290475933728e-01 1.605540487441036390e+00
7.943795677648686215e-01 3.825539836260383186e-01 -4.718194098488822097e-01 -7.127558398351434565e-01 2.804269885713691068e-01 -9.199974682188123420e-01 -2.737980343230470015e-01 -1.538043920529203357e+00 -5.388151909353079416e-01 8.518866939841186758e-02 -8.381056516843367055e-01 1.609356200794609837e+00
7.906506804851922698e-01 3.877962925954704376e-01 -4.737990612007205171e-01 -7.118714105821125626e-01 2.839327761789044446e-01 -9.178346502458107903e-01 -2.774197855870562113e-01 -1.539359212344500794e+00 -5.424515587277224382e-01 8.481506510662555065e-02 -8.357946646898753995e-01 1.613602564698898068e+00
7.881778038198306024e-01 3.912954227465675894e-01 -4.750406778412839537e-01 -7.046776263654710437e-01 2.850176993604280895e-01 -9.161732698164972710e-01 -2.817648876306009242e-01 -1.543973573955355505e+00 -5.454728815623669513e-01 8.668583086267254989e-02 -8.336335557078590197e-01 1.623548100278198625e+00
7.861503335404155246e-01 3.909461889556506420e-01 -4.786739242920322601e-01 -7.011713964134408394e-01 2.835320508577880982e-01 -9.163347805056983875e-01 -2.827368826363811927e-01 -1.549474739988808025e+00 -5.491604725285267330e-01 8.655429321438544432e-02 -8.312226694255395731e-01 1.629400169187720682e+00
7.845551796373287923e-01 3.907585716850890956e-01 -4.814362956421926465e-01 -7.011371390748417642e-01 2.826637703689133252e-01 -9.164566651568830657e-01 -2.832108282288312018e-01 -1.551482044151785589e+00 -5.518825608997574017e-01 8.610992286746699254e-02 -8.294641153218006435e-01 1.631332796025979803e+00
7.810425651930683610e-01 3.952646133896709491e-01 -4.834649887819666980e-01 -6.988192559641874801e-01 2.839242719086361721e-01 -9.143115422216319121e-01 -2.888276495960364620e-01 -1.554464295169081911e+00 -5.562009688911598859e-01 8.831924283028713685e-02 -8.263414502955801488e-01 1.635879404725735231e+00
7.763536004180233707e-01 4.011354120959645941e-01 -4.861743182689087228e-01 -6.941952932409070076e-01 2.871304353150199717e-01 -9.117373585521616475e-01 -2.937534714248446477e-01 -1.556768899564764608e+00 -5.610982086024774995e-01 8.846112130783805039e-02 -8.230087666022495307e-01 1.645393660614451026e+00
7.733959205617154664e-01 4.043276617442642107e-01 -4.882395856465429618e-01 -6.905646313916469214e-01 2.896853699565345441e-01 -9.104847315784873052e-01 -2.951269901151535868e-01 -1.560848928288667725e+00 -5.638626938163671110e-01 8.681414562066931684e-02 -8.212929851178779606e-01 1.652959590123846301e+00
7.734711312502351443e-01 4.050857780327554170e-01 -4.874914587582563907e-01 -6.889235525018962969e-01 2.901843592857527576e-01 -9.100956231549469644e-01 -2.958360941226310659e-01 -1.563229604636277692e+00 -5.635028372183572554e-01 8.735828210665769200e-02 -8.214822478999481703e-01 1.655621772606446385e+00
7.725100983434888269e-01 4.069723714719398755e-01 -4.874440084724649958e-01 -6.838815344359432391e-01 2.893153012033544691e-01 -9.088975170268163151e-01 -3.003364240923535045e-01 -1.567706008240985938e+00 -5.652652731638686534e-01 9.098792073043233952e-02 -8.198758371061704020e-01 1.661657824572608355e+00
7.681859025443564803e-01 4.116729730635277917e-01 -4.903221197504938345e-01 -6.818272009599477546e-01 2.907942572496935996e-01 -9.066552263295363234e-01 -3.056386757670560006e-01 -1.570117637805102273e+00 -5.703762949293210704e-01 9.220446483720032282e-02 -8.161919001474809976e-01 1.665162489625177766e+00
7.644463391626732385e-01 4.174968960560984099e-01 -4.912414209373029972e-01 -6.765690477323007546e-01 2.926726543476776410e-01 -9.036801837016381622e-01 -3.125777377284859049e-01 -1.572830032707666748e+00 -5.744253730964025140e-01 9.517597558251816858e-02 -8.130049337726090730e-01 1.673007103044759081e+00
7.622049786247170333e-01 4.199638129761322780e-01 -4.926194837801815551e-01 -6.694878356336021463e-01 2.925586455449264434e-01 -9.023229597710232808e-01 -3.165797084174984399e-01 -1.580898495425610228e+00 -5.774538933293955623e-01 9.717853646588180128e-02 -8.106190997807439791e-01 1.686032852337241650e+00
7.633145018145217620e-01 4.153243431948997477e-01 -4.948299250060900212e-01 -6.659952616519184687e-01 2.889749736372364541e-01 -9.045645068631898988e-01 -3.134589534039031178e-01 -1.588552858272116008e+00 -5.777927217745004729e-01 9.627429755099618791e-02 -8.104855489963160853e-01 1.694426199149616341e+00
7.665060115127825258e-01 4.072105405250918131e-01 -4.966367924445485582e-01 -6.610637137083752446e-01 2.835617062234028207e-01 -9.084176242865662498e-01 -3.071972928470637076e-01 -1.592752780589269612e+00 -5.762475914699448643e-01 9.464139279445578368e-02 -8.117768874705338922e-01 1.699565638256497646e+00
7.675585131171489550e-01 4.020136980616944022e-01 -4.992383383644822814e-01 -6.563140711385939685e-01 2.797612227615564606e-01 -9.108795265600890811e-01 -3.033680062151890566e-01 -1.595766550963310770e+00 -5.767040750413426897e-01 9.318516901207953007e-02 -8.116211779455172470e-01 1.694764414426589649e+00
7.622035916606484385e-01 4.059830259304041400e-01 -5.042057802970500990e-01 -6.562250914155777215e-01 2.791647049149683091e-01 -9.088886806142689734e-01 -3.098200028688050112e-01 -1.595655892520253971e+00 -5.840485885288786427e-01 9.538946164293293783e-02 -8.060943480431206343e-01 1.695430002219835863e+00
7.577075868957177107e-01 4.131745956377433915e-01 -5.051395710366189951e-01 -6.508592623783218123e-01 2.808993827964945678e-01 -9.051631219953026886e-01 -3.190223586340209527e-01 -1.599635832647971156e+00 -5.890456429769809210e-01 9.983227603424037200e-02 -8.019094482658707390e-01 1.705750073859039873e+00
7.575384340264804672e-01 4.157562806443776404e-01 -5.032715274546066819e-01 -6.469795558336666197e-01 2.818274181218721752e-01 -9.036989016754241044e-01 -3.223377107128798102e-01 -1.608588576547787641e+00 -5.888198549823160377e-01 1.023474870240536627e-01 -8.017581715647985607e-01 1.719077606475012399e+00
7.640534206976589138e-01 4.102949273052989843e-01 -4.978759196883648097e-01 -6.385329322249840844e-01 2.802150876945616598e-01 -9.061745616711344153e-01 -3.167446366958277526e-01 -1.614935256436731859e+00 -5.811212122932659652e-01 1.024974738628510185e-01 -8.073366058942778034e-01 1.725874025835653747e+00
7.693517049555678167e-01 4.033439858417489088e-01 -4.953903197482392162e-01 -6.262291510451397647e-01 2.774365987315025039e-01 -9.094822583621455792e-01 -3.096303459662276825e-01 -1.625971334870309093e+00 -5.754362462163100655e-01 1.007752233257267344e-01 -8.116141136307385429e-01 1.728589293006705496e+00
7.712764332547213941e-01 3.948400423379746504e-01 -4.992334156618059016e-01 -6.222763637764170408e-01 2.752107892463370731e-01 -9.141042259006429971e-01 -2.977792560762076435e-01 -1.624661794992993569e+00 -5.739265491553322551e-01 9.227569971028433404e-02 -8.136912869656602876e-01 1.724821588309836340e+00
7.704974079948327947e-01 3.925340821654059176e-01 -5.022456829183343796e-01 -6.189127189883486535e-01 2.731261406189449681e-01 -9.152133330627099106e-01 -2.962881416186811667e-01 -1.625787777609060125e+00 -5.759651403814038950e-01 9.111281504032760215e-02 -8.123808231282566572e-01 1.722224241917732712e+00
7.694798138702869661e-01 3.924471258037803278e-01 -5.038710822971328440e-01 -6.140677381425303505e-01 2.707125912047407268e-01 -9.149746154564923906e-01 -2.992259104965825922e-01 -1.626698591613706002e+00 -5.784595984872676899e-01 9.384405082178641500e-02 -8.102948756326109336e-01 1.724930632541527231e+00
7.713427402405694799e-01 3.911319731761123131e-01 -5.020420003168696299e-01 -6.095942633188667914e-01 2.663020363537131896e-01 -9.148340977757187797e-01 -3.035816244008577303e-01 -1.635581076906943654e+00 -5.780256188277415053e-01 1.004706804210909327e-01 -8.098098773407039763e-01 1.730287548172940504e+00
7.796903925395589630e-01 3.833019339580583940e-01 -4.951389063695142423e-01 -6.035398222871397600e-01 2.589836143845173910e-01 -9.173471629275298245e-01 -3.023270992491718934e-01 -1.639984692414228062e+00 -5.700968310326867128e-01 1.074886780335374825e-01 -8.145156854502946242e-01 1.733030252843651642e+00
7.872481761541246792e-01 3.769694839346621196e-01 -4.879900758365685598e-01 -5.930329642759355480e-01 2.527846021454837055e-01 -9.191143058659312359e-01 -3.022066127258313806e-01 -1.644114372729123641e+00 -5.624413310126451515e-01 1.145552262411712041e-01 -8.188631427824138997e-01 1.733637144439177824e+00
7.916035839860341428e-01 3.726602117712609630e-01 -4.842397425146345857e-01 -5.831935583672277490e-01 2.466299608554950451e-01 -9.199341779212621972e-01 -3.047864326514986844e-01 -1.648901950633796298e+00 -5.590504664579923899e-01 1.218420020501729678e-01 -8.201323667222436553e-01 1.729830663102462918e+00
7.931251431825006026e-01 3.714828253989935769e-01 -4.826520760276661326e-01 -5.762862454839615678e-01 2.426445691276376271e-01 -9.195748678279851429e-01 -3.090399295589094097e-01 -1.649883187996478373e+00 -5.586377441620369311e-01 1.279944368394144993e-01 -8.194762367127865765e-01 1.727526728968228120e+00
7.940999906133211494e-01 3.734100597464820037e-01 -4.795520031090286239e-01 -5.657182002575488200e-01 2.406916924921451983e-01 -9.177126221266915795e-01 -3.160238120842282505e-01 -1.653844482460753884e+00 -5.580973978629938381e-01 1.355303195563107299e-01 -8.186322859406143237e-01 1.727941091755359704e+00
7.954467073238731256e-01 3.716634801303474456e-01 -4.786760919429867700e-01 -5.541868093615891500e-01 2.360151965275955610e-01 -9.174887276674158487e-01 -3.201738027061291070e-01 -1.662455260020927472e+00 -5.581768273037849282e-01 1.417063682563820259e-01 -8.175316149269689081e-01 1.729312162198101799e+00
7.980671240026810942e-01 3.655636877910853344e-01 -4.790115285787904797e-01 -5.475144652065075945e-01 2.300098707606952064e-01 -9.195701947132596255e-01 -3.185688512758303448e-01 -1.664535333604452383e+00 -5.569419301654168208e-01 1.440619427590213164e-01 -8.179619997437681533e-01 1.724795802316089866e+00
8.004655274495546813e-01 3.628315151017080797e-01 -4.770830393675327130e-01 -5.373326868029543180e-01 2.272835665888869594e-01 -9.202602021485883910e-01 -3.185331055613470075e-01 -1.666158232949478624e+00 -5.546143841544561859e-01 1.465416338296651466e-01 -8.191022099480808061e-01 1.721578756788063824e+00
8.041817357736051886e-01 3.566722591211157756e-01 -4.754751719841259772e-01 -5.280518862826808490e-01 2.231219887109407718e-01 -9.225937613206808274e-01 -3.147019714298759929e-01 -1.667801735734615765e+00 -5.509158899491695127e-01 1.469886131254042605e-01 -8.215144753500891461e-01 1.716400819167295921e+00
8.087171287489325344e-01 3.525710675932125504e-01 -4.708187013917264907e-01 -5.192277992044843637e-01 2.213687817046113560e-01 -9.240290614244517364e-01 -3.117148642638241651e-01 -1.667752078832823504e+00 -5.449518050159484206e-01 1.478645883073881340e-01 -8.253263567822709534e-01 1.707368756084941541e+00
8.124275414171103771e-01 3.512929697375964944e-01 -4.653544332765354730e-01 -5.104513648047521723e-01 2.217786598601551584e-01 -9.243153256438582099e-01 -3.105727089873657754e-01 -1.667068583975009233e+00 -5.392362425643055790e-01 1.491121433991824397e-01 -8.288485095137528846e-01 1.700947638739044088e+00
8.162587087853235834e-01 3.526689302343203880e-01 -4.575438052402213129e-01 -5.008128461874309378e-01 2.247373500992036477e-01 -9.234948785850433106e-01 -3.108863600232779079e-01 -1.666874942250529124e+00 -5.321793226064448490e-01 1.509365116100558346e-01 -8.330686208578792495e-01 1.689684327635301297e+00
8.181203992569485717e-01 3.577004279323892644e-01 -4.502548263580355981e-01 -4.859891561154869866e-01 2.276403566000829992e-01 -9.204805845195760394e-01 -3.176402981663734026e-01 -1.671462689521538980e+00 -5.280708974943894018e-01 1.573718352739544302e-01 -8.344909981316185332e-01 1.679281987650350416e+00
8.181585811966325394e-01 3.609329312339775164e-01 -4.475979851190200476e-01 -4.752809377548968817e-01 2.289794439615277233e-01 -9.185729306107000003e-01 -3.221679465532991671e-01 -1.673450180651789854e+00 -5.274324140440156405e-01 1.610937327662853025e-01 -8.341845472544248130e-01 1.671727152387572968e+00
8.206779692844509144e-01 3.617677244534960868e-01 -4.422802119743832749e-01 -4.660801256484923827e-01 2.301823981745010628e-01 -9.177737811359677478e-01 -3.235851523561764087e-01 -1.672693620431019212e+00 -5.229758464244679272e-01 1.637540865442941029e-01 -8.364692849406467623e-01 1.661205140335760166e+00
8.231895184267880028e-01 3.645557219012321992e-01 -4.352678978840613944e-01 -4.518368081869987285e-01 2.316395684725249537e-01 -9.155700388567645787e-01 -3.287470372163210919e-01 -1.675136860156833052e+00 -5.183648595542255100e-01 1.697958474451851107e-01 -8.381331893306402936e-01 1.648983601840821045e+00
8.245778820334129788e-01 3.646693500686559730e-01 -4.325362182099549146e-01 -4.374066005746749530e-01 2.277204287003447847e-01 -9.138065786594699036e-01 -3.363048357261357868e-01 -1.678858482342209024e+00 -5.178945078727084095e-01 1.788121954792205315e-01 -8.365473543570106640e-01 1.639771400041254878e+00
8.260659804124169669e-01 3.623896674645092353e-01 -4.316117782696708427e-01 -4.280445454802401795e-01 2.229894898260991187e-01 -9.135209066921426979e-01 -3.402282195613117732e-01 -1.679672336081742046e+00 -5.175815739298874618e-01 1.848060684523882280e-01 -8.354376298987143956e-01 1.629563561264093074e+00
8.288078700729087922e-01 3.624918428033226947e-01 -4.262360495011912054e-01 -4.211210729787838725e-01 2.235873763886134236e-01 -9.128679048939918328e-01 -3.415858159725944643e-01 -1.679141961410968609e+00 -5.129192831723162760e-01 1.878080089308729050e-01 -8.376407062903752365e-01 1.622946676769483343e+00
8.363027244901106716e-01 3.581332114349737861e-01 -4.151365474230342967e-01 -4.037798354014011104e-01 2.206596798879049415e-01 -9.130066647748575903e-01 -3.431153369233811978e-01 -1.684964105805602852e+00 -5.019034327353436575e-01 1.953443921822597684e-01 -8.425755218087538356e-01 1.615632297988411459e+00
8.412960691156531334e-01 3.524131004405911538e-01 -4.099096650666868569e-01 -3.896710407348057403e-01 2.162563045880325219e-01 -9.143745288023457096e-01 -3.422753761371948866e-01 -1.689938805823748558e+00 -4.954332827173161258e-01 1.993093803169751488e-01 -8.454712508145402206e-01 1.608446672570313041e+00
8.444812236288381513e-01 3.499541243559361470e-01 -4.054424283756759562e-01 -3.816467837570102217e-01 2.172581567524140000e-01 -9.157593828739322150e-01 -3.379106994508582762e-01 -1.688612277995597211e+00 -4.895409534793666029e-01 1.972735615070466964e-01 -8.493719952586162858e-01 1.598992629341158267e+00
8.504596752838056162e-01 3.460891640450990958e-01 -3.961573386799316365e-01 -3.708407330576255490e-01 2.161839100217532728e-01 -9.165050861977491747e-01 -3.365753212051403320e-01 -1.689622270053298125e+00 -4.795652860012969421e-01 2.006008984333978729e-01 -8.542695250747038838e-01 1.589617807441201069e+00
8.561162384739560149e-01 3.419570143153641273e-01 -3.874666259961184744e-01 -3.583413046211061381e-01 2.133853699959976646e-01 -9.167773334907385330e-01 -3.376181341438899697e-01 -1.693137852321227488e+00 -4.706715094102001395e-01 2.063606575528911802e-01 -8.578365863811223679e-01 1.584860915415630345e+00
8.617826689905613291e-01 3.376092425659313334e-01 -3.786167343258848850e-01 -3.500825830668253813e-01 2.124997299549706009e-01 -9.179858092229218336e-01 -3.348819482120163893e-01 -1.694071693781126875e+00 -4.606240299300437546e-01 2.081395056606454297e-01 -8.628461334214383438e-01 1.579239665703283446e+00
8.698418351359347156e-01 3.298497800626783993e-01 -3.668437021282123234e-01 -3.372376822728409551e-01 2.084126125540586849e-01 -9.196902085569751417e-01 -3.327673386893976182e-01 -1.695505050038381034e+00 -4.471457951508196471e-01 2.130000970063534171e-01 -8.687298739779638623e-01 1.573766431444127534e+00
8.778963680640962108e-01 3.201103357369813329e-01 -3.561282672507320446e-01 -3.229487885752972409e-01 2.025605275366030578e-01 -9.221518207920521570e-01 -3.295531122669133617e-01 -1.699066874547737527e+00 -4.338976866396792587e-01 2.171759519447866160e-01 -8.743954518986167823e-01 1.568198621099197609e+00
8.834503341698084489e-01 3.131989099859895931e-01 -3.484565285981975347e-01 -3.101820148361975615e-01 1.985866317807895853e-01 -9.239348470069224106e-01 -3.269675055994331614e-01 -1.700167587224720833e+00 -4.243569950203329721e-01 2.196607448777873894e-01 -8.784476652018635701e-01 1.560466566168505764e+00
8.862617489025171880e-01 3.092933600916639714e-01 -3.447864953466146520e-01 -3.010408577518955964e-01 1.961431897576563776e-01 -9.249540340919018000e-01 -3.255578018727893208e-01 -1.697445956334254102e+00 -4.196045269960740343e-01 2.209019027529946499e-01 -8.804171668678865137e-01 1.552882990612741043e+00
8.889787870839105377e-01 3.068067959873058692e-01 -3.399798627512370941e-01 -2.916878512274918012e-01 1.937115010044743457e-01 -9.246385006381070415e-01 -3.279016593457330098e-01 -1.698068516745018908e+00 -4.149609277043280753e-01 2.256396103529571540e-01 -8.814160174475004217e-01 1.548586097207859336e+00
8.932248336805720390e-01 3.026414840175100651e-01 -3.325019254311897821e-01 -2.778256332590923749e-01 1.908190504215716843e-01 -9.248008960631639575e-01 -3.291373480686621833e-01 -1.701203569623671807e+00 -4.071086934250348621e-01 2.305459521298812986e-01 -8.838048866307104401e-01 1.545972955271896154e+00
8.972471333473577282e-01 2.967227138903678063e-01 -3.269605621030591269e-01 -2.660927939970725853e-01 1.872552244738214244e-01 -9.263518814048454786e-01 -3.268144276045133467e-01 -1.698020692779370844e+00 -3.998537970439000055e-01 2.320082331896828054e-01 -8.867294495523323494e-01 1.537739526452170491e+00
8.992696655642647974e-01 2.933903570322481946e-01 -3.244012479494957635e-01 -2.551919006583082683e-01 1.837382277757243498e-01 -9.264447177961151469e-01 -3.285429204124863944e-01 -1.696189192155152625e+00 -3.969311463372229842e-01 2.358437730166884627e-01 -8.870306549804077845e-01 1.532617699840521652e+00
9.012862778201059522e-01 2.910981822489097093e-01 -3.208502640388229410e-01 -2.430817751425218554e-01 1.821973537454490144e-01 -9.266236164225452043e-01 -3.288963307618575915e-01 -1.696494410881274950e+00 -3.930485567024207261e-01 2.379716798599215422e-01 -8.881904692060630380e-01 1.532895531628027719e+00
9.046827222370861232e-01 2.847216442932692937e-01 -3.169901491937704985e-01 -2.326728574333472022e-01 1.788283839878085646e-01 -9.289857719484163612e-01 -3.240460499521058968e-01 -1.694969405554837660e+00 -3.867422636389681312e-01 2.364720252397072564e-01 -8.913536894152549461e-01 1.525592604212532066e+00
9.074798218986870335e-01 2.797193826490035340e-01 -3.134285202254694092e-01 -2.221586597264574303e-01 1.759033153530667470e-01 -9.305433815800263631e-01 -3.211651236021827449e-01 -1.688130441299857676e+00 -3.814949461727145108e-01 2.363177521598763264e-01 -8.936529097045170511e-01 1.514948002613029754e+00
9.081841883090563394e-01 2.811415754885220886e-01 -3.100981975907889931e-01 -2.133512036103354104e-01 1.773018072143282553e-01 -9.294917787673281362e-01 -3.234333011485761022e-01 -1.683772025430227748e+00 -3.791642741218422263e-01 2.387560380610140032e-01 -8.939966468129185717e-01 1.509852024910496304e+00
9.101403482579717430e-01 2.815312601869749409e-01 -3.039485119626089138e-01 -2.009947712633448347e-01 1.790605739662007034e-01 -9.288869302297830810e-01 -3.242011464671287202e-01 -1.678738298392032702e+00 -3.736065567317384817e-01 2.406433502550335835e-01 -8.958286225994478436e-01 1.507326215118745205e+00
9.137300420079434993e-01 2.778958018470839564e-01 -2.964309890378792889e-01 -1.907356103600247321e-01 1.782410930173856933e-01 -9.297433831739216892e-01 -3.221914834595738797e-01 -1.672800491478122265e+00 -3.651404123347093966e-01 2.415598530760454110e-01 -8.990669128161569157e-01 1.501219508812551506e+00
9.178997776330068969e-01 2.742105045217709813e-01 -2.868250318513106967e-01 -1.776981380651344034e-01 1.764958806507106459e-01 -9.295138589707455656e-01 -3.238104253591798654e-01 -1.672408223895895496e+00 -3.554000615987178424e-01 2.466020815610939221e-01 -9.015975884331262069e-01 1.497691028167001726e+00
9.204724911365360640e-01 2.734156058338100825e-01 -2.792387901455527510e-01 -1.631559200501354057e-01 1.785729578057989875e-01 -9.298194744266501388e-01 -3.217878901041923978e-01 -1.666193412984736888e+00 -3.476234947950571641e-01 2.463324053098042143e-01 -9.046978805132113166e-01 1.492414087236016318e+00
9.217516531525576928e-01 2.735941128035428993e-01 -2.748093016713803460e-01 -1.533870327620250051e-01 1.810768593588532593e-01 -9.303409658926217185e-01 -3.188680905678267785e-01 -1.656595568095802662e+00 -3.429067830021528818e-01 2.441555848161619247e-01 -9.070848856370756774e-01 1.483800286006506486e+00
9.245968341526764611e-01 2.726629837889046337e-01 -2.660368270188895323e-01 -1.395099261024612403e-01 1.829391097974746028e-01 -9.303626221766581050e-01 -3.177399492961802130e-01 -1.647861655469084585e+00 -3.341466416221742786e-01 2.451128117951716368e-01 -9.100910578839923604e-01 1.473923177178602106e+00
9.280815677899556526e-01 2.686554056937202062e-01 -2.578543651735458742e-01 -1.263016340045504671e-01 1.806432632017307138e-01 -9.303365292342532511e-01 -3.191268560959023004e-01 -1.641895065811451060e+00 -3.256264918900058092e-01 2.495960975051681185e-01 -9.119589749912365706e-01 1.468709657350721010e+00
9.305401305028276893e-01 2.662514199387720493e-01 -2.514065354139362052e-01 -1.105554764397895934e-01 1.795949693896675692e-01 -9.301320212721578828e-01 -3.203124550282712146e-01 -1.634289345483047162e+00 -3.191249154761362505e-01 2.529122442325409947e-01 -9.133425884427973651e-01 1.461151250601008034e+00
9.305401305028276893e-01 2.662514199387720493e-01 -2.514065354139362052e-01 -1.105554764397895934e-01 1.795949693896675692e-01 -9.301320212721578828e-01 -3.203124550282712146e-01 -1.634289345483047162e+00 -3.191249154761362505e-01 2.529122442325409947e-01 -9.133425884427973651e-01 1.461151250601008034e+00
9.331497324234272472e-01 2.626878350312938926e-01 -2.454112443608934546e-01 -9.981561067359737138e-02 1.775331645979555950e-01 -9.303585090209075537e-01 -3.208037111408819642e-01 -1.628279424285341559e+00 -3.125916712997134916e-01 2.557892627100759597e-01 -9.147995961165399370e-01 1.454376829320601638e+00
9.375461475594190075e-01 2.557636303616770967e-01 -2.357799542791501057e-01 -8.549803204813241631e-02 1.735336226950318361e-01 -9.313148395167806237e-01 -3.202167264479304221e-01 -1.622020262541851388e+00 -3.014851625434758486e-01 2.593022087754997540e-01 -9.175342291661691130e-01 1.446888950100929883e+00
9.423917121026987864e-01 2.452592442971232023e-01 -2.274769537866616065e-01 -7.170677788367689487e-02 1.651791383020594084e-01 -9.325235372602245221e-01 -3.211163427073587262e-01 -1.618503342925883715e+00 -2.908843647500751195e-01 2.650429330200424483e-01 -9.193141632821525411e-01 1.440395138856365165e+00
9.462214390042479328e-01 2.382791772829276067e-01 -2.188333178935268908e-01 -6.296758522507363287e-02 1.607371734929997353e-01 -9.332743838467306707e-01 -3.211891707610993740e-01 -1.611209510720674754e+00 -2.807642222331062642e-01 2.687414298193713247e-01 -9.213845524001330611e-01 1.429443851224785345e+00
9.512115750237670753e-01 2.319325792265413133e-01 -2.034792831103017230e-01 -4.899294289972568744e-02 1.575225429857342041e-01 -9.321226559820388058e-01 -3.260889506481121081e-01 -1.613331226288770015e+00 -2.652983007175361840e-01 2.781270104495239814e-01 -9.231804691817108166e-01 1.428535267727127245e+00
9.512103930999096235e-01 2.319324694168387879e-01 -2.034849323240208452e-01 -4.899525081011766453e-02 1.575217216080492533e-01 -9.321239561217706804e-01 -3.260856292910438436e-01 -1.613321059196719975e+00 -2.653030253786158310e-01 2.781227427579590072e-01 -9.231803966027963826e-01 1.428549417887037931e+00
9.576356166995055874e-01 2.166499098427202841e-01 -1.897283360485241821e-01 -3.376617956713190427e-02 1.482314365489194041e-01 -9.356649830189147643e-01 -3.202475269473263331e-01 -1.610853494232343142e+00 -2.469037591021213118e-01 2.785567337822666412e-01 -9.281404407608623286e-01 1.428026152382027902e+00
9.613037340828012312e-01 2.098036145915443129e-01 -1.785429211044066156e-01 -2.610549878584021016e-02 1.465377811377873707e-01 -9.382133626530649861e-01 -3.135001862822915930e-01 -1.609730013217432143e+00 -2.332848258356471638e-01 2.752056164912372593e-01 -9.326521647434143913e-01 1.416619679167050894e+00
9.648080441799753437e-01 2.072640485374278863e-01 -1.618241375287054751e-01 -1.658020703453777500e-02 1.498967015665602920e-01 -9.391293155413489302e-01 -3.091392973637550612e-01 -1.607996772223118764e+00 -2.160472548583322050e-01 2.740031761620626005e-01 -9.371477157620300424e-01 1.410983826299383459e+00
9.681974573783340698e-01 2.036195772809765159e-01 -1.453710800028082673e-01 -1.027070653214907231e-03 1.518341901832748753e-01 -9.400273082549933656e-01 -3.054423624381044089e-01 -1.608101230439998419e+00 -1.988468304719711310e-01 2.736562183627654909e-01 -9.410484636001527070e-01 1.402347731350231275e+00
9.716332773014826341e-01 1.956977542914760115e-01 -1.327823896589729324e-01 7.443342228049035746e-03 1.482892537375977149e-01 -9.415294961821539799e-01 -3.025433903193051610e-01 -1.603185643263295601e+00 -1.842255993494462674e-01 2.742710243128885783e-01 -9.438412642732828539e-01 1.391869246307731345e+00
9.749745622177773408e-01 1.895919928806087951e-01 -1.161011589871064759e-01 1.242340652738234061e-02 1.463995862791367120e-01 -9.405469772232802894e-01 -3.064939542223799052e-01 -1.608327795742379829e+00 -1.673073940497463996e-01 2.818266471977906584e-01 -9.447655667772041355e-01 1.381140212514411214e+00
9.774268043380249793e-01 1.888044051158370984e-01 -9.481423567381175310e-02 3.062406699944841132e-02 1.508533164723516451e-01 -9.378732703059653453e-01 -3.124692117207625852e-01 -1.606326382278639109e+00 -1.479192998781215240e-01 2.911127410619023248e-01 -9.451842438573844207e-01 1.374735917468564494e+00
9.774323745508799455e-01 1.887929790221332116e-01 -9.477956016278293871e-02 3.066937088838259801e-02 1.508475096742526445e-01 -9.378633640127790327e-01 -3.125017488598014204e-01 -1.606385427193827820e+00 -1.478884116919204628e-01 2.911520656645491534e-01 -9.451769651893711099e-01 1.374704452181902514e+00
9.788119543773623477e-01 1.870659941844886875e-01 -8.326747248985955085e-02 4.660320864877554037e-02 1.513904703288195819e-01 -9.349556541599491899e-01 -3.208408501697006532e-01 -1.607821174855135871e+00 -1.378698064646307342e-01 3.014369577236025166e-01 -9.434657798550211139e-01 1.371240414628162263e+00
9.800078901523706643e-01 1.844065929963900341e-01 -7.469098652587786991e-02 5.825125614424512405e-02 1.504699143799332617e-01 -9.325657335225074895e-01 -3.281462424540175782e-01 -1.613360656827093065e+00 -1.301665856387955733e-01 3.103471604550450680e-01 -9.416694212959253463e-01 1.366873260113663502e+00
9.816033874968417283e-01 1.814457262647773406e-01 -5.943263181475300083e-02 7.087899614435753948e-02 1.519400401987326676e-01 -9.308396257353549474e-01 -3.323429161046164149e-01 -1.621575545141791697e+00 -1.156244511036680078e-01 3.171987359242091631e-01 -9.412842009034716462e-01 1.365759313317450374e+00
9.843549166895918523e-01 1.709496086459539044e-01 -4.268054265883201859e-02 8.450913259611490813e-02 1.477442964267931536e-01 -9.328031098040880931e-01 -3.287095666639878178e-01 -1.623228604793475860e+00 -9.600531544226040270e-02 3.172610715976751927e-01 -9.434661572265341523e-01 1.364793043612306800e+00
9.859305150256546524e-01 1.635477304910555596e-01 -3.454214877031943493e-02 9.158678438054357329e-02 1.436288560252740321e-01 -9.345879228792024485e-01 -3.254476427571598718e-01 -1.623869138386769162e+00 -8.550889770615537067e-02 3.159075124595646655e-01 -9.449289254646727754e-01 1.360379417512126654e+00
9.859305150256546524e-01 1.635477304910555596e-01 -3.454214877031943493e-02 9.158678438054357329e-02 1.436288560252740321e-01 -9.345879228792024485e-01 -3.254476427571598718e-01 -1.623869138386769162e+00 -8.550889770615537067e-02 3.159075124595646655e-01 -9.449289254646727754e-01 1.360379417512126654e+00
9.871187799840409616e-01 1.583531280550072862e-01 -2.282104157314740825e-02 1.000499076554076106e-01 1.427611187052547914e-01 -9.362060808662360234e-01 -3.211501739554761259e-01 -1.626352236034992682e+00 -7.222033354121761006e-02 3.137554109196234453e-01 -9.467532742126869572e-01 1.357159600020117152e+00
9.887920013780824302e-01 1.491720118801273254e-01 -6.171593819135929616e-03 1.148818902958484017e-01 1.396619745722501582e-01 -9.387836876901942684e-01 -3.149281186987731296e-01 -1.626352604393054291e+00 -5.277225288662303060e-02 3.105364679131040195e-01 -9.490954591661475703e-01 1.353434024246697565e+00
