9.704294204711914062e-01 9.744679927825927734e-02 -2.216347455978393555e-01 -1.235997319221496582e+00 -8.842664957046508789e-02 -7.096285820007324219e-01 -6.990337371826171875e-01 -1.225301384925842285e+00 -2.253655642271041870e-01 6.978973150253295898e-01 -6.798852682113647461e-01 3.380926847457885742e-01
9.732825756072998047e-01 9.605607390403747559e-02 -2.094162702560424805e-01 -1.221453666687011719e+00 -8.194030821323394775e-02 -7.049677968025207520e-01 -7.042460441589355469e-01 -1.232429146766662598e+00 -2.153040319681167603e-01 7.023545503616333008e-01 -6.786270141601562500e-01 3.357029557228088379e-01
9.696286320686340332e-01 9.967222809791564941e-02 -2.230659127235412598e-01 -1.232834219932556152e+00 -8.785523474216461182e-02 -7.094267010688781738e-01 -6.991921067237854004e-01 -1.229602456092834473e+00 -2.278196811676025391e-01 6.976950168609619141e-01 -6.792799234390258789e-01 3.354131877422332764e-01
9.700955152511596680e-01 1.001947820186614990e-01 -2.221615314483642578e-01 -1.230359315872192383e+00 -8.635717630386352539e-02 -7.105259299278259277e-01 -6.988048553466796875e-01 -1.232832908630371094e+00 -2.275594323873519897e-01 6.965628862380981445e-01 -6.800972223281860352e-01 3.343505561351776123e-01
9.696991443634033203e-01 1.021316647529602051e-01 -2.224861383438110352e-01 -1.223519921302795410e+00 -8.609214425086975098e-02 -7.087035179138183594e-01 -7.003674507141113281e-01 -1.221868157386779785e+00 -2.293841093778610229e-01 6.978702545166015625e-01 -6.782250404357910156e-01 3.377814590930938721e-01
9.714730381965637207e-01 1.000350415706634521e-01 -2.164643257856369019e-01 -1.221577763557434082e+00 -8.290451765060424805e-02 -7.091571688652038574e-01 -6.997490525245666504e-01 -1.224178791046142578e+00 -2.235904783010482788e-01 6.978194713592529297e-01 -6.807869672775268555e-01 3.407233059406280518e-01
9.692462086677551270e-01 1.028079986572265625e-01 -2.230635881423950195e-01 -1.232486724853515625e+00 -8.504545688629150391e-02 -7.117096185684204102e-01 -6.975104808807373047e-01 -1.221188783645629883e+00 -2.302699685096740723e-01 6.953045129776000977e-01 -6.810588836669921875e-01 3.409047722816467285e-01
9.682446718215942383e-01 1.031465828418731689e-01 -2.264918982982635498e-01 -1.228204488754272461e+00 -8.900831639766693115e-02 -7.071633934974670410e-01 -7.016418576240539551e-01 -1.222798109054565430e+00 -2.325692176818847656e-01 6.994965672492980957e-01 -6.754612922668457031e-01 3.415103256702423096e-01
9.695412516593933105e-01 1.019546389579772949e-01 -2.224229574203491211e-01 -1.233000278472900391e+00 -8.654308319091796875e-02 -7.068238854408264160e-01 -7.020847797393798828e-01 -1.221868634223937988e+00 -2.287505269050598145e-01 7.000707387924194336e-01 -6.764920949935913086e-01 3.379895389080047607e-01
9.718657732009887695e-01 9.623253345489501953e-02 -2.163981348276138306e-01 -1.220283627510070801e+00 -8.767646551132202148e-02 -7.033096551895141602e-01 -7.057114243507385254e-01 -1.224203228950500488e+00 -2.199842035770416260e-01 7.044823169708251953e-01 -6.744455099105834961e-01 3.293876349925994873e-01
9.684212207794189453e-01 1.047437191009521484e-01 -2.258957922458648682e-01 -1.217801332473754883e+00 -8.706489205360412598e-02 -7.070400714874267578e-01 -7.017123699188232422e-01 -1.219587564468383789e+00 -2.330358326435089111e-01 6.993640661239624023e-01 -6.758296489715576172e-01 3.363767266273498535e-01
9.688689708709716797e-01 1.023075580596923828e-01 -2.260266542434692383e-01 -1.226562738418579102e+00 -8.829957246780395508e-02 -7.089993953704833984e-01 -6.993203163146972656e-01 -1.216074943542480469e+00 -2.320958673954010010e-01 6.977657675743103027e-01 -6.779341697692871094e-01 3.411900401115417480e-01
9.681162834167480469e-01 1.040589213371276855e-01 -2.283845245838165283e-01 -1.233626961708068848e+00 -8.886784315109252930e-02 -7.084888219833374023e-01 -6.995140910148620605e-01 -1.215427160263061523e+00 -2.346222251653671265e-01 6.974419355392456055e-01 -6.770555973052978516e-01 3.382697403430938721e-01
9.706967473030090332e-01 1.007933020591735840e-01 -2.178316712379455566e-01 -1.212626099586486816e+00 -8.432617783546447754e-02 -7.057964801788330078e-01 -7.028248906135559082e-01 -1.216846346855163574e+00 -2.243387103080749512e-01 7.010657787322998047e-01 -6.768295764923095703e-01 3.362827897071838379e-01
9.683930277824401855e-01 1.005656868219375610e-01 -2.266450375318527222e-01 -1.214689493179321289e+00 -8.998386561870574951e-02 -7.094004750251770020e-01 -6.995272636413574219e-01 -1.216312766075134277e+00 -2.312070429325103760e-01 6.978285908699035645e-01 -6.777225136756896973e-01 3.338173925876617432e-01
9.681037664413452148e-01 1.001499295234680176e-01 -2.294521927833557129e-01 -1.222105860710144043e+00 -9.232124686241149902e-02 -7.089779973030090332e-01 -6.986685991287231445e-01 -1.214184761047363281e+00 -2.325324863195419312e-01 6.978842616081237793e-01 -6.775032877922058105e-01 3.336321413516998291e-01
9.694643616676330566e-01 9.768682718276977539e-02 -2.244259715080261230e-01 -1.208638548851013184e+00 -9.126342833042144775e-02 -7.071418166160583496e-01 -7.010474801063537598e-01 -1.220904827117919922e+00 -2.275387495756149292e-01 7.001048922538757324e-01 -6.769161820411682129e-01 3.334234356880187988e-01
9.682604670524597168e-01 9.139904379844665527e-02 -2.328367829322814941e-01 -1.215961456298828125e+00 -1.022556796669960022e-01 -7.048711776733398438e-01 -7.019798159599304199e-01 -1.218692064285278320e+00 -2.284943163394927979e-01 7.034425735473632812e-01 -6.733695864677429199e-01 3.228678107261657715e-01
9.674652218818664551e-01 9.557706117630004883e-02 -2.341070473194122314e-01 -1.219754576683044434e+00 -1.005422323942184448e-01 -7.042835950851440430e-01 -7.027213573455810547e-01 -1.223126292228698730e+00 -2.321772128343582153e-01 7.034043073654174805e-01 -6.714092493057250977e-01 3.158214390277862549e-01
9.659034609794616699e-01 9.762591123580932617e-02 -2.399979531764984131e-01 -1.197086453437805176e+00 -1.047423183917999268e-01 -7.002773880958557129e-01 -7.060825824737548828e-01 -1.230732083320617676e+00 -2.366390675306320190e-01 7.071133255958557129e-01 -6.659845113754272461e-01 3.235532045364379883e-01
9.656231403350830078e-01 1.009250581264495850e-01 -2.386300265789031982e-01 -1.203705072402954102e+00 -1.015383750200271606e-01 -7.001102566719055176e-01 -7.071036100387573242e-01 -1.224257826805114746e+00 -2.388963699340820312e-01 7.071197628974914551e-01 -6.655158996582031250e-01 3.295082747936248779e-01
9.632136821746826172e-01 9.844169020652770996e-02 -2.494103461503982544e-01 -1.209237098693847656e+00 -1.122371107339859009e-01 -6.975344419479370117e-01 -7.081431150436401367e-01 -1.235352039337158203e+00 -2.435879707336425781e-01 7.102392911911010742e-01 -6.608092188835144043e-01 3.221221566200256348e-01
9.636175632476806641e-01 9.914547204971313477e-02 -2.485247850418090820e-01 -1.205037474632263184e+00 -1.129125803709030151e-01 -6.919025182723999023e-01 -7.134441137313842773e-01 -1.246970653533935547e+00 -2.427286803722381592e-01 7.151041626930236816e-01 -6.553657054901123047e-01 3.236949443817138672e-01
9.596375226974487305e-01 1.003234088420867920e-01 -2.616825103759765625e-01 -1.210509777069091797e+00 -1.200691387057304382e-01 -6.968735456466674805e-01 -7.070921063423156738e-01 -1.240589976310729980e+00 -2.534438967704772949e-01 7.100180983543395996e-01 -6.564649343490600586e-01 3.208942115306854248e-01
9.574705362319946289e-01 1.064226329326629639e-01 -2.689463198184967041e-01 -1.245466470718383789e+00 -1.197512447834014893e-01 -7.003312706947326660e-01 -7.037984728813171387e-01 -1.232206940650939941e+00 -2.630213499069213867e-01 7.057962417602539062e-01 -6.579041481018066406e-01 3.094516396522521973e-01
9.541401267051696777e-01 1.126372218132019043e-01 -2.776877284049987793e-01 -1.249519824981689453e+00 -1.233073770999908447e-01 -6.973009705543518066e-01 -7.057729363441467285e-01 -1.247783422470092773e+00 -2.735544741153717041e-01 7.077753543853759766e-01 -6.512579917907714844e-01 3.183167874813079834e-01
9.548231959342956543e-01 1.071611046791076660e-01 -2.772708535194396973e-01 -1.255804300308227539e+00 -1.296133399009704590e-01 -6.901274323463439941e-01 -7.122488021850585938e-01 -1.230077862739562988e+00 -2.681774199008941650e-01 7.161250114440917969e-01 -6.447880268096923828e-01 3.162842988967895508e-01
9.536762833595275879e-01 1.196324974298477173e-01 -2.756982147693634033e-01 -1.221276640892028809e+00 -1.175490766763687134e-01 -6.955776810646057129e-01 -7.087723612785339355e-01 -1.225192070007324219e+00 -2.761763930320739746e-01 7.081902027130126953e-01 -6.492134332656860352e-01 3.106333613395690918e-01
9.523369073867797852e-01 1.188915371894836426e-01 -2.806626558303833008e-01 -1.229135155677795410e+00 -1.221778839826583862e-01 -6.948677301406860352e-01 -7.087946534156799316e-01 -1.232116580009460449e+00 -2.792663872241973877e-01 7.093172073364257812e-01 -6.472420692443847656e-01 3.020449280738830566e-01
9.522634744644165039e-01 1.181443333625793457e-01 -2.831338644027709961e-01 -1.210058093070983887e+00 -1.229045540094375610e-01 -6.979768276214599609e-01 -7.052642107009887695e-01 -1.223269224166870117e+00 -2.807220518589019775e-01 7.059602737426757812e-01 -6.503214836120605469e-01 3.027459084987640381e-01
9.418689608573913574e-01 1.272765994071960449e-01 -3.101601302623748779e-01 -1.203823208808898926e+00 -1.366444528102874756e-01 -6.994177103042602539e-01 -7.018353939056396484e-01 -1.233497977256774902e+00 -3.062545061111450195e-01 7.038714885711669922e-01 -6.410368680953979492e-01 3.015624284744262695e-01
9.382165670394897461e-01 1.323155164718627930e-01 -3.185336887836456299e-01 -1.207067728042602539e+00 -1.370810568332672119e-01 -7.042409777641296387e-01 -6.967544555664062500e-01 -1.236168622970581055e+00 -3.164012730121612549e-01 6.974829435348510742e-01 -6.430038213729858398e-01 3.048503696918487549e-01
9.382609724998474121e-01 1.372800171375274658e-01 -3.185395598411560059e-01 -1.225137591361999512e+00 -1.321499943733215332e-01 -7.080301642417907715e-01 -6.934626102447509766e-01 -1.221187114715576172e+00 -3.207537233829498291e-01 6.926780939102172852e-01 -6.460363864898681641e-01 2.992465794086456299e-01
9.374786615371704102e-01 1.407285183668136597e-01 -3.185399770736694336e-01 -1.203712463378906250e+00 -1.283503919839859009e-01 -7.110736370086669922e-01 -6.916667222976684570e-01 -1.223635792732238770e+00 -3.238599002361297607e-01 6.890805363655090332e-01 -6.485354304313659668e-01 2.936043739318847656e-01
9.365900158882141113e-01 1.457995772361755371e-01 -3.188102245330810547e-01 -1.170504808425903320e+00 -1.250267028808593750e-01 -7.107482552528381348e-01 -6.919788122177124023e-01 -1.227228164672851562e+00 -3.273493647575378418e-01 6.879201531410217285e-01 -6.477596759796142578e-01 2.977628111839294434e-01
9.353814125061035156e-01 1.466598808765411377e-01 -3.209831118583679199e-01 -1.161185383796691895e+00 -1.250242441892623901e-01 -7.123315930366516113e-01 -6.904888153076171875e-01 -1.238341689109802246e+00 -3.299213945865631104e-01 6.860991716384887695e-01 -6.480588912963867188e-01 2.933492362499237061e-01
9.263271689414978027e-01 1.575862765312194824e-01 -3.419819176197052002e-01 -1.161784410476684570e+00 -1.326570063829421997e-01 -7.133915424346923828e-01 -6.879827380180358887e-01 -1.242785930633544922e+00 -3.519990742206573486e-01 6.828338503837585449e-01 -6.398963928222656250e-01 3.077092766761779785e-01
9.278605580329895020e-01 1.579408049583435059e-01 -3.376259505748748779e-01 -1.165562629699707031e+00 -1.306685656309127808e-01 -7.110337615013122559e-01 -6.910465359687805176e-01 -1.243160009384155273e+00 -3.493486046791076660e-01 6.855177879333496094e-01 -6.390408277511596680e-01 3.090745806694030762e-01
9.249407052993774414e-01 1.584952473640441895e-01 -3.453063368797302246e-01 -1.176858663558959961e+00 -1.377955377101898193e-01 -7.070341706275939941e-01 -6.937340497970581055e-01 -1.215182781219482422e+00 -3.540439605712890625e-01 6.891964673995971680e-01 -6.321076154708862305e-01 3.011310100555419922e-01
9.198727011680603027e-01 1.623812615871429443e-01 -3.568052947521209717e-01 -1.176591634750366211e+00 -1.409255713224411011e-01 -7.118929028511047363e-01 -6.879462599754333496e-01 -1.210069179534912109e+00 -3.653330206871032715e-01 6.832288503646850586e-01 -6.320490837097167969e-01 3.017695844173431396e-01
9.141736030578613281e-01 1.723554730415344238e-01 -3.664778769016265869e-01 -1.160229325294494629e+00 -1.429599821567535400e-01 -7.096841335296630859e-01 -6.897146701812744141e-01 -1.228517055511474609e+00 -3.794058263301849365e-01 6.832092404365539551e-01 -6.242043972015380859e-01 3.202335238456726074e-01
9.086294174194335938e-01 1.791822314262390137e-01 -3.781828284263610840e-01 -1.157042026519775391e+00 -1.447141468524932861e-01 -7.131690382957458496e-01 -6.856933832168579102e-01 -1.232864022254943848e+00 -3.926110267639160156e-01 6.775944828987121582e-01 -6.219177842140197754e-01 3.220755159854888916e-01
9.077648520469665527e-01 1.826783567667007446e-01 -3.786061704158782959e-01 -1.136336088180541992e+00 -1.395330131053924561e-01 -7.191098928451538086e-01 -6.812794208526611328e-01 -1.247127413749694824e+00 -3.965803682804107666e-01 6.708401441574096680e-01 -6.270359754562377930e-01 2.978159189224243164e-01
9.062729477882385254e-01 1.787624359130859375e-01 -3.834790587425231934e-01 -1.112487077713012695e+00 -1.466724723577499390e-01 -7.174643874168395996e-01 -6.812056303024291992e-01 -1.262143850326538086e+00 -3.967448770999908447e-01 6.734392642974853516e-01 -6.235587000846862793e-01 2.958549261093139648e-01
8.935502171516418457e-01 1.954711973667144775e-01 -4.039528965950012207e-01 -1.162055730819702148e+00 -1.418489962816238403e-01 -7.308481931686401367e-01 -6.675103306770324707e-01 -1.243143320083618164e+00 -4.259767532348632812e-01 6.536616086959838867e-01 -6.256512403488159180e-01 2.885855734348297119e-01
8.849721550941467285e-01 1.852893531322479248e-01 -4.269062876701354980e-01 -1.080397367477416992e+00 -1.723941266536712646e-01 -7.216221094131469727e-01 -6.702781915664672852e-01 -1.265914201736450195e+00 -4.320670962333679199e-01 6.667965650558471680e-01 -6.067735552787780762e-01 2.908874750137329102e-01
8.770255446434020996e-01 1.904160678386688232e-01 -4.412720501422882080e-01 -1.103242397308349609e+00 -1.757472157478332520e-01 -7.275766134262084961e-01 -6.633166074752807617e-01 -1.241087317466735840e+00 -4.472799897193908691e-01 6.594347357749938965e-01 -6.047779321670532227e-01 2.882022559642791748e-01
8.671261668205261230e-01 1.951517909765243530e-01 -4.585404694080352783e-01 -1.133308410644531250e+00 -1.809799373149871826e-01 -7.341853976249694824e-01 -6.546390652656555176e-01 -1.220303654670715332e+00 -4.642221033573150635e-01 6.505014300346374512e-01 -6.012758016586303711e-01 2.772190868854522705e-01
8.660637140274047852e-01 1.961477398872375488e-01 -4.600119590759277344e-01 -1.112009048461914062e+00 -1.832147240638732910e-01 -7.315309047698974609e-01 -6.571677923202514648e-01 -1.225298762321472168e+00 -4.654076695442199707e-01 6.536709666252136230e-01 -5.974907875061035156e-01 2.890451848506927490e-01
8.554641008377075195e-01 1.966681480407714844e-01 -4.787057638168334961e-01 -1.108527302742004395e+00 -1.964648365974426270e-01 -7.322945594787597656e-01 -6.520268917083740234e-01 -1.243480205535888672e+00 -4.787799715995788574e-01 6.521864533424377441e-01 -5.874927639961242676e-01 2.632309794425964355e-01
8.495060205459594727e-01 1.991415023803710938e-01 -4.884603023529052734e-01 -1.132425069808959961e+00 -1.990210860967636108e-01 -7.365103960037231445e-01 -6.464981436729431152e-01 -1.227933883666992188e+00 -4.885068237781524658e-01 6.465156078338623047e-01 -5.863816738128662109e-01 2.557853460311889648e-01
8.447000384330749512e-01 2.023370563983917236e-01 -4.954992830753326416e-01 -1.164099693298339844e+00 -1.981489062309265137e-01 -7.419686317443847656e-01 -6.405362486839294434e-01 -1.211911082267761230e+00 -4.972560703754425049e-01 6.392526626586914062e-01 -5.866083502769470215e-01 2.462900578975677490e-01
8.415918350219726562e-01 1.962903738021850586e-01 -5.031747817993164062e-01 -1.144850373268127441e+00 -2.085454463958740234e-01 -7.416874170303344727e-01 -6.380103826522827148e-01 -1.249753594398498535e+00 -4.982227981090545654e-01 6.417714357376098633e-01 -5.829272270202636719e-01 2.552262544631958008e-01
8.262290954589843750e-01 2.065235674381256104e-01 -5.241297483444213867e-01 -1.162651658058166504e+00 -2.094846367835998535e-01 -7.512600421905517578e-01 -6.260277032852172852e-01 -1.236745595932006836e+00 -5.231885910034179688e-01 6.268753409385681152e-01 -5.774750709533691406e-01 2.454978823661804199e-01
8.150436282157897949e-01 2.178344428539276123e-01 -5.375164747238159180e-01 -1.145170927047729492e+00 -2.109589874744415283e-01 -7.516612410545349121e-01 -6.247555017471313477e-01 -1.256201267242431641e+00 -5.398187041282653809e-01 6.220298409461975098e-01 -5.664440989494323730e-01 2.446323037147521973e-01
8.142374753952026367e-01 2.111441493034362793e-01 -5.410161018371582031e-01 -1.104289650917053223e+00 -2.234788388013839722e-01 -7.462580800056457520e-01 -6.270933151245117188e-01 -1.246846556663513184e+00 -5.363005995750427246e-01 6.313268542289733887e-01 -5.599753856658935547e-01 2.466999590396881104e-01
8.059851527214050293e-01 2.151912152767181396e-01 -5.516829490661621094e-01 -1.119997382164001465e+00 -2.252881079912185669e-01 -7.501775622367858887e-01 -6.219635009765625000e-01 -1.231485724449157715e+00 -5.476065278053283691e-01 6.250947117805480957e-01 -5.560488700866699219e-01 2.416819334030151367e-01
7.876139283180236816e-01 2.276037335395812988e-01 -5.722389221191406250e-01 -1.128535509109497070e+00 -2.294260263442993164e-01 -7.541274428367614746e-01 -6.157975792884826660e-01 -1.211675405502319336e+00 -5.717267394065856934e-01 6.164854764938354492e-01 -5.415556430816650391e-01 2.487397789955139160e-01
7.731689810752868652e-01 2.231168597936630249e-01 -5.935504436492919922e-01 -1.134868860244750977e+00 -2.408763766288757324e-01 -7.627058625221252441e-01 -6.002007126808166504e-01 -1.196922063827514648e+00 -5.866439342498779297e-01 6.071466207504272461e-01 -5.359945297241210938e-01 2.426590025424957275e-01
7.681618928909301758e-01 2.259031832218170166e-01 -5.987318754196166992e-01 -1.141933798789978027e+00 -2.385546863079071045e-01 -7.669578194618225098e-01 -5.953922271728515625e-01 -1.202084064483642578e+00 -5.939096808433532715e-01 6.004584431648254395e-01 -5.353702306747436523e-01 2.632116973400115967e-01
7.564920186996459961e-01 2.349624633789062500e-01 -6.105206012725830078e-01 -1.155305624008178711e+00 -2.368640899658203125e-01 -7.716926336288452148e-01 -5.901114940643310547e-01 -1.177523732185363770e+00 -6.097635626792907715e-01 5.911644101142883301e-01 -5.281305313110351562e-01 2.337114810943603516e-01
7.482650876045227051e-01 2.343788743019104004e-01 -6.205849051475524902e-01 -1.144796609878540039e+00 -2.353208065032958984e-01 -7.809713482856750488e-01 -5.786255598068237305e-01 -1.186413407325744629e+00 -6.202981472015380859e-01 5.791149735450744629e-01 -5.289698839187622070e-01 2.297131419181823730e-01
7.559521198272705078e-01 2.249531894922256470e-01 -6.147478222846984863e-01 -1.107203125953674316e+00 -2.412433475255966187e-01 -7.774289250373840332e-01 -5.807607769966125488e-01 -1.209321379661560059e+00 -6.086921095848083496e-01 5.873045325279235840e-01 -5.332964658737182617e-01 2.267171740531921387e-01
7.502231597900390625e-01 2.281340062618255615e-01 -6.205775141716003418e-01 -1.084625959396362305e+00 -2.454032748937606812e-01 -7.755681276321411133e-01 -5.819556713104248047e-01 -1.206580877304077148e+00 -6.139056086540222168e-01 5.888786911964416504e-01 -5.259523391723632812e-01 2.499954402446746826e-01
7.381545901298522949e-01 2.446390390396118164e-01 -6.286640763282775879e-01 -1.127938508987426758e+00 -2.255815565586090088e-01 -7.890830636024475098e-01 -5.718459486961364746e-01 -1.196662664413452148e+00 -6.357387900352478027e-01 5.636734962463378906e-01 -5.268377661705017090e-01 2.307147681713104248e-01
7.366772294044494629e-01 2.479919195175170898e-01 -6.291292309761047363e-01 -1.144350290298461914e+00 -2.160319089889526367e-01 -7.953427433967590332e-01 -5.662982463836669922e-01 -1.194342851638793945e+00 -6.408733129501342773e-01 5.530175566673278809e-01 -5.320160388946533203e-01 2.261673808097839355e-01
7.316901683807373047e-01 2.473706305027008057e-01 -6.354860663414001465e-01 -1.132475137710571289e+00 -2.114377915859222412e-01 -8.035340309143066406e-01 -5.564661622047424316e-01 -1.199932098388671875e+00 -6.481310725212097168e-01 5.413703322410583496e-01 -5.358896255493164062e-01 2.185499966144561768e-01
7.259145379066467285e-01 2.531173229217529297e-01 -6.389875411987304688e-01 -1.118771553039550781e+00 -2.097911238670349121e-01 -8.036522865295410156e-01 -5.567322969436645508e-01 -1.201694965362548828e+00 -6.546286940574645996e-01 5.385922789573669434e-01 -5.302425622940063477e-01 2.069405913352966309e-01
7.331553101539611816e-01 2.515370845794677734e-01 -6.315661072731018066e-01 -1.116037845611572266e+00 -2.057154178619384766e-01 -8.035501241683959961e-01 -5.590506196022033691e-01 -1.213917374610900879e+00 -6.476852893829345703e-01 5.397909879684448242e-01 -5.374085307121276855e-01 1.945267021656036377e-01
7.311168909072875977e-01 2.577788829803466797e-01 -6.315531730651855469e-01 -1.112389445304870605e+00 -2.006928622722625732e-01 -8.037512898445129395e-01 -5.602653622627258301e-01 -1.220142483711242676e+00 -6.520317792892456055e-01 5.363849997520446777e-01 -5.359160304069519043e-01 1.789139211177825928e-01
7.370665669441223145e-01 2.488548755645751953e-01 -6.289288997650146484e-01 -1.097788214683532715e+00 -2.035566866397857666e-01 -8.052936196327209473e-01 -5.571887493133544922e-01 -1.223355054855346680e+00 -6.449287533760070801e-01 5.383815765380859375e-01 -5.424975156784057617e-01 1.763411164283752441e-01
7.309339046478271484e-01 2.515111267566680908e-01 -6.347339749336242676e-01 -1.088773250579833984e+00 -1.957815885543823242e-01 -8.132969141006469727e-01 -5.479590296745300293e-01 -1.208803892135620117e+00 -6.536723375320434570e-01 5.246952176094055176e-01 -5.450253486633300781e-01 2.026897966861724854e-01
7.193131446838378906e-01 2.760268449783325195e-01 -6.378178000450134277e-01 -1.084994792938232422e+00 -1.797879934310913086e-01 -8.126898407936096191e-01 -5.542576313018798828e-01 -1.198512792587280273e+00 -6.712725758552551270e-01 5.134490132331848145e-01 -5.348639488220214844e-01 2.043416798114776611e-01
7.227512001991271973e-01 2.732654213905334473e-01 -6.343035697937011719e-01 -1.078915834426879883e+00 -1.784087419509887695e-01 -8.132211565971374512e-01 -5.535782575607299805e-01 -1.206853985786437988e+00 -6.675435304641723633e-01 5.134250521659851074e-01 -5.392549037933349609e-01 1.942330598831176758e-01
7.214074730873107910e-01 2.727737426757812500e-01 -6.365104913711547852e-01 -1.062540531158447266e+00 -1.797174811363220215e-01 -8.139780163764953613e-01 -5.524503588676452637e-01 -1.206948995590209961e+00 -6.686168909072875977e-01 5.131010413169860840e-01 -5.385146141052246094e-01 1.895802915096282959e-01
7.201820611953735352e-01 2.738003134727478027e-01 -6.373032331466674805e-01 -1.048983573913574219e+00 -1.704806685447692871e-01 -8.209517002105712891e-01 -5.453765392303466797e-01 -1.198706269264221191e+00 -6.723961830139160156e-01 5.013558864593505859e-01 -5.444940328598022461e-01 1.931534707546234131e-01
7.240587472915649414e-01 2.655193209648132324e-01 -6.366695165634155273e-01 -1.035944342613220215e+00 -1.741250753402709961e-01 -8.225948214530944824e-01 -5.413237810134887695e-01 -1.202454924583435059e+00 -6.673901081085205078e-01 5.028532147407531738e-01 -5.496153831481933594e-01 1.960569620132446289e-01
7.178506851196289062e-01 2.737834453582763672e-01 -6.398874521255493164e-01 -1.045714378356933594e+00 -1.674881875514984131e-01 -8.244481086730957031e-01 -5.407006144523620605e-01 -1.206674814224243164e+00 -6.754214763641357422e-01 4.953163266181945801e-01 -5.458477735519409180e-01 1.848413348197937012e-01
7.113382220268249512e-01 2.722408175468444824e-01 -6.477265954017639160e-01 -1.039502620697021484e+00 -1.703542470932006836e-01 -8.275448679924011230e-01 -5.350822806358337402e-01 -1.195982575416564941e+00 -6.813794374465942383e-01 4.908511042594909668e-01 -5.422482490539550781e-01 1.905751228332519531e-01
7.137700319290161133e-01 2.775389850139617920e-01 -6.434994339942932129e-01 -1.028611540794372559e+00 -1.649083197116851807e-01 -8.259311318397521973e-01 -5.392835736274719238e-01 -1.199692487716674805e+00 -6.807852983474731445e-01 4.910705387592315674e-01 -5.438020229339599609e-01 1.928515136241912842e-01
7.038061618804931641e-01 2.716092467308044434e-01 -6.567772030830383301e-01 -1.045055627822875977e+00 -1.626331508159637451e-01 -8.384422063827514648e-01 -5.207942724227905273e-01 -1.181037545204162598e+00 -6.921762228012084961e-01 4.731025099754333496e-01 -5.457237362861633301e-01 1.937130391597747803e-01
6.913545131683349609e-01 2.686256468296051025e-01 -6.704695820808410645e-01 -1.066362977027893066e+00 -1.728567928075790405e-01 -8.394864797592163086e-01 -5.147516727447509766e-01 -1.167170405387878418e+00 -7.012475132942199707e-01 4.720957279205322266e-01 -5.347603559494018555e-01 1.742582321166992188e-01
6.831355690956115723e-01 2.711401283740997314e-01 -6.777033805847167969e-01 -1.075900554656982422e+00 -1.748480498790740967e-01 -8.407325148582458496e-01 -5.127118229866027832e-01 -1.166673898696899414e+00 -7.087352275848388672e-01 4.688993394374847412e-01 -5.270242094993591309e-01 1.788823902606964111e-01
6.797447800636291504e-01 2.632684111595153809e-01 -6.842802166938781738e-01 -1.069255709648132324e+00 -1.676571965217590332e-01 -8.529113531112670898e-01 -4.944124221801757812e-01 -1.146095275878906250e+00 -7.138820886611938477e-01 4.511248469352722168e-01 -5.356168150901794434e-01 1.711780279874801636e-01
6.745811700820922852e-01 2.681886553764343262e-01 -6.876095533370971680e-01 -1.063416004180908203e+00 -1.619911044836044312e-01 -8.547635674476623535e-01 -4.923286437988281250e-01 -1.156137466430664062e+00 -7.205600738525390625e-01 4.435498416423797607e-01 -5.333399772644042969e-01 1.732668876647949219e-01
6.707095503807067871e-01 2.581955790519714355e-01 -6.951734423637390137e-01 -1.051739454269409180e+00 -1.557550430297851562e-01 -8.677967190742492676e-01 -4.724438190460205078e-01 -1.147696733474731445e+00 -7.249165177345275879e-01 4.251525998115539551e-01 -5.418637990951538086e-01 1.558174788951873779e-01
6.667263507843017578e-01 2.553465962409973145e-01 -6.997348666191101074e-01 -1.055863976478576660e+00 -1.590127497911453247e-01 -8.691619038581848145e-01 -4.684320688247680664e-01 -1.158805489540100098e+00 -7.280759215354919434e-01 4.237661361694335938e-01 -5.391900539398193359e-01 1.622055619955062866e-01
6.595756411552429199e-01 2.503514289855957031e-01 -7.084887027740478516e-01 -1.035735130310058594e+00 -1.597874760627746582e-01 -8.743818998336791992e-01 -4.577178657054901123e-01 -1.159873723983764648e+00 -7.342134118080139160e-01 4.154742062091827393e-01 -5.372373461723327637e-01 1.662797629833221436e-01
6.413604617118835449e-01 2.549782395362854004e-01 -7.238311171531677246e-01 -1.037946105003356934e+00 -1.555658578872680664e-01 -8.801141977310180664e-01 -4.480627477169036865e-01 -1.152542352676391602e+00 -7.514915466308593750e-01 3.999800682067871094e-01 -5.248316526412963867e-01 1.836180090904235840e-01
6.279941201210021973e-01 2.547872066497802734e-01 -7.357740998268127441e-01 -1.029571056365966797e+00 -1.659421920776367188e-01 -8.793357610702514648e-01 -4.463775157928466797e-01 -1.160943031311035156e+00 -7.604717612266540527e-01 4.023529887199401855e-01 -5.098937749862670898e-01 1.562177538871765137e-01
6.239645481109619141e-01 2.723917663097381592e-01 -7.330157160758972168e-01 -1.015960216522216797e+00 -1.587092876434326172e-01 -8.736485242843627930e-01 -4.597645998001098633e-01 -1.183250784873962402e+00 -7.655860781669616699e-01 4.031822085380554199e-01 -5.019471645355224609e-01 1.599092483520507812e-01
6.153979897499084473e-01 2.736023962497711182e-01 -7.388395071029663086e-01 -1.020098447799682617e+00 -1.583898067474365234e-01 -8.759325742721557617e-01 -4.558612108230590820e-01 -1.177280664443969727e+00 -7.722669839859008789e-01 3.978634774684906006e-01 -4.958100914955139160e-01 1.665645837783813477e-01
6.186246871948242188e-01 2.743038535118103027e-01 -7.359347343444824219e-01 -1.010559558868408203e+00 -1.596696972846984863e-01 -8.736098408699035645e-01 -4.595166444778442383e-01 -1.184343099594116211e+00 -7.695904970169067383e-01 4.019595980644226074e-01 -4.965961575508117676e-01 1.739889681339263916e-01
6.111340522766113281e-01 2.681359052658081055e-01 -7.448161840438842773e-01 -9.853906631469726562e-01 -1.602015495300292969e-01 -8.794490694999694824e-01 -4.481230974197387695e-01 -1.178811311721801758e+00 -7.752505540847778320e-01 3.930815458297729492e-01 -4.944014549255371094e-01 1.785293519496917725e-01
5.924609899520874023e-01 2.707439064979553223e-01 -7.583675384521484375e-01 -1.007404446601867676e+00 -1.596433818340301514e-01 -8.838034868240356445e-01 -4.402312040328979492e-01 -1.172955274581909180e+00 -7.898650169372558594e-01 3.817481994628906250e-01 -4.802553057670593262e-01 1.916875541210174561e-01
5.939210653305053711e-01 2.752991318702697754e-01 -7.556846141815185547e-01 -1.002734541893005371e+00 -1.571206301450729370e-01 -8.816136121749877930e-01 -4.445766806602478027e-01 -1.184314012527465820e+00 -7.890625596046447754e-01 3.827993869781494141e-01 -4.807723760604858398e-01 1.918639838695526123e-01
5.910184383392333984e-01 2.783405184745788574e-01 -7.568228840827941895e-01 -1.001077055931091309e+00 -1.625350713729858398e-01 -8.779877424240112305e-01 -4.496595859527587891e-01 -1.191970944404602051e+00 -7.899352312088012695e-01 3.888258934020996094e-01 -4.736452102661132812e-01 2.095290422439575195e-01
5.922778248786926270e-01 2.773338854312896729e-01 -7.562133669853210449e-01 -9.807823896408081055e-01 -1.613731384277343750e-01 -8.792685270309448242e-01 -4.488080739974975586e-01 -1.207226753234863281e+00 -7.893712520599365234e-01 3.873863220214843750e-01 -4.763648509979248047e-01 2.048873603343963623e-01
5.856809020042419434e-01 2.733010649681091309e-01 -7.630399465560913086e-01 -9.829617738723754883e-01 -1.640411019325256348e-01 -8.817396163940429688e-01 -4.419076442718505859e-01 -1.192916274070739746e+00 -7.941815257072448730e-01 3.837783336639404297e-01 -4.716389179229736328e-01 2.107965052127838135e-01
5.880509614944458008e-01 2.728161811828613281e-01 -7.613019943237304688e-01 -9.846806526184082031e-01 -1.634614467620849609e-01 -8.813514709472656250e-01 -4.425827264785766602e-01 -1.180990934371948242e+00 -7.919287681579589844e-01 3.849487304687500000e-01 -4.738970994949340820e-01 2.208544313907623291e-01
5.904884338378906250e-01 2.732404470443725586e-01 -7.594902515411376953e-01 -9.738208055496215820e-01 -1.713455170392990112e-01 -8.766906857490539551e-01 -4.491629600524902344e-01 -1.176558136940002441e+00 -7.888208627700805664e-01 3.953654766082763672e-01 -4.709862470626831055e-01 2.117399573326110840e-01
5.820683836936950684e-01 2.846322059631347656e-01 -7.618740797042846680e-01 -9.631856083869934082e-01 -1.620938181877136230e-01 -8.772754669189453125e-01 -4.516147375106811523e-01 -1.171178340911865234e+00 -7.967972755432128906e-01 3.867409229278564453e-01 -4.646726846694946289e-01 2.072692215442657471e-01
5.844628214836120605e-01 2.870609760284423828e-01 -7.592169046401977539e-01 -9.551020264625549316e-01 -1.592197418212890625e-01 -8.764550685882568359e-01 -4.537806510925292969e-01 -1.174484014511108398e+00 -7.957664132118225098e-01 3.860065937042236328e-01 -4.666206836700439453e-01 2.079582810401916504e-01
5.881760120391845703e-01 2.901787757873535156e-01 -7.549312710762023926e-01 -9.347856640815734863e-01 -1.670825481414794922e-01 -8.692882061004638672e-01 -4.643558263778686523e-01 -1.187009930610656738e+00 -7.912845611572265625e-01 3.994150161743164062e-01 -4.629169702529907227e-01 2.221654355525970459e-01
5.880869626998901367e-01 2.965818643569946289e-01 -7.526530623435974121e-01 -9.186749458312988281e-01 -1.580273061990737915e-01 -8.703877329826354980e-01 -4.665740430355072021e-01 -1.198714375495910645e+00 -7.929513454437255859e-01 3.934310674667358398e-01 -4.648759961128234863e-01 2.341593801975250244e-01
5.788087248802185059e-01 2.932588458061218262e-01 -7.610148191452026367e-01 -9.255328774452209473e-01 -1.710966825485229492e-01 -8.688108921051025391e-01 -4.650702476501464844e-01 -1.200254440307617188e+00 -7.969805002212524414e-01 3.993918895721435547e-01 -4.528702497482299805e-01 2.353783249855041504e-01
5.804513692855834961e-01 2.937262058258056641e-01 -7.596406936645507812e-01 -9.263313412666320801e-01 -1.673114597797393799e-01 -8.697867393493652344e-01 -4.641323089599609375e-01 -1.191592097282409668e+00 -7.970507144927978516e-01 3.965606689453125000e-01 -4.552974700927734375e-01 2.285635471343994141e-01
5.897735357284545898e-01 2.957243919372558594e-01 -7.516245841979980469e-01 -9.192146062850952148e-01 -1.645340919494628906e-01 -8.671321868896484375e-01 -4.704017639160156250e-01 -1.207180380821228027e+00 -7.909106016159057617e-01 4.009504318237304688e-01 -4.625682830810546875e-01 2.367552816867828369e-01
5.905182361602783203e-01 2.969984412193298340e-01 -7.504881024360656738e-01 -9.193295240402221680e-01 -1.617746353149414062e-01 -8.675985336303710938e-01 -4.703142642974853516e-01 -1.200462460517883301e+00 -7.909512519836425781e-01 3.988385200500488281e-01 -4.643847942352294922e-01 2.594928741455078125e-01
5.895915031433105469e-01 3.031631708145141602e-01 -7.487784624099731445e-01 -9.104236960411071777e-01 -1.582649797201156616e-01 -8.655588626861572266e-01 -4.751108884811401367e-01 -1.201653957366943359e+00 -7.919262051582336426e-01 3.990216255187988281e-01 -4.624660015106201172e-01 2.600487172603607178e-01
5.801890492439270020e-01 3.020672202110290527e-01 -7.567361593246459961e-01 -8.951200842857360840e-01 -1.551648676395416260e-01 -8.706229925155639648e-01 -4.663367271423339844e-01 -1.185814261436462402e+00 -7.995290756225585938e-01 3.875974416732788086e-01 -4.582973718643188477e-01 2.574492692947387695e-01
5.801211595535278320e-01 2.944420874118804932e-01 -7.596153020858764648e-01 -9.047105908393859863e-01 -1.572313308715820312e-01 -8.747787475585937500e-01 -4.587935209274291992e-01 -1.175522923469543457e+00 -7.993161678314208984e-01 3.855963945388793945e-01 -4.610074758529663086e-01 2.676917314529418945e-01
5.952656269073486328e-01 2.967400550842285156e-01 -7.466737627983093262e-01 -8.623461723327636719e-01 -1.489962041378021240e-01 -8.725347518920898438e-01 -4.653420448303222656e-01 -1.195530414581298828e+00 -7.894127368927001953e-01 3.884572982788085938e-01 -4.754126071929931641e-01 2.816230356693267822e-01
5.936294198036193848e-01 2.877046167850494385e-01 -7.513649463653564453e-01 -8.712394237518310547e-01 -1.575730443000793457e-01 -8.740839958190917969e-01 -4.591093063354492188e-01 -1.183778524398803711e+00 -7.893844842910766602e-01 3.910284042358398438e-01 -4.734535217285156250e-01 2.772144675254821777e-01
5.990585088729858398e-01 2.918005585670471191e-01 -7.457983493804931641e-01 -8.441487550735473633e-01 -1.486973762512207031e-01 -8.742828369140625000e-01 -4.617462158203125000e-01 -1.197256684303283691e+00 -7.865071296691894531e-01 3.876233100891113281e-01 -4.801394939422607422e-01 2.765401899814605713e-01
6.001406908035278320e-01 2.933410108089447021e-01 -7.444490790367126465e-01 -8.391244411468505859e-01 -1.478688716888427734e-01 -8.737157583236694336e-01 -4.632904529571533203e-01 -1.190211296081542969e+00 -7.861495018005371094e-01 3.876523971557617188e-01 -4.811271429061889648e-01 2.734376490116119385e-01
6.224363446235656738e-01 2.853041887283325195e-01 -7.287864685058593750e-01 -8.425414562225341797e-01 -1.546975970268249512e-01 -8.679563999176025391e-01 -4.717844724655151367e-01 -1.204379558563232422e+00 -7.674571275711059570e-01 4.063930511474609375e-01 -4.961600303649902344e-01 2.870658934116363525e-01
6.502194404602050781e-01 2.798233032226562500e-01 -7.065846920013427734e-01 -8.049842715263366699e-01 -1.497106552124023438e-01 -8.644874095916748047e-01 -4.799502491950988770e-01 -1.210356712341308594e+00 -7.451877593994140625e-01 4.177315235137939453e-01 -5.196449756622314453e-01 3.192203938961029053e-01
6.769239306449890137e-01 2.729022502899169922e-01 -6.841040253639221191e-01 -7.697398662567138672e-01 -1.527379602193832397e-01 -8.569129705429077148e-01 -4.930224418640136719e-01 -1.236124038696289062e+00 -7.207068800926208496e-01 4.377992153167724609e-01 -5.379149913787841797e-01 3.416160941123962402e-01
6.794062256813049316e-01 2.676599025726318359e-01 -6.830427646636962891e-01 -7.945038080215454102e-01 -1.570532172918319702e-01 -8.566371202468872070e-01 -4.916201829910278320e-01 -1.227121353149414062e+00 -7.167436480522155762e-01 4.413284063339233398e-01 -5.398567914962768555e-01 3.421304523944854736e-01
6.840094923973083496e-01 2.723580002784729004e-01 -6.768100857734680176e-01 -7.985128164291381836e-01 -1.524141132831573486e-01 -8.535700440406799316e-01 -4.975235760211944580e-01 -1.238462805747985840e+00 -7.129992842674255371e-01 4.435082674026489258e-01 -5.426437854766845703e-01 3.432404994964599609e-01
6.949720382690429688e-01 2.646533250808715820e-01 -6.687179803848266602e-01 -7.896899580955505371e-01 -1.578790098428726196e-01 -8.511992692947387695e-01 -5.008825063705444336e-01 -1.250421643257141113e+00 -7.016235589981079102e-01 4.534473419189453125e-01 -5.497426986694335938e-01 3.369330167770385742e-01
6.978108286857604980e-01 2.692777514457702637e-01 -6.632636189460754395e-01 -8.129456639289855957e-01 -1.572625488042831421e-01 -8.458163142204284668e-01 -5.089830756187438965e-01 -1.257145404815673828e+00 -6.984110474586486816e-01 4.597622752189636230e-01 -5.482163429260253906e-01 3.069388568401336670e-01
6.984888315200805664e-01 2.748865485191345215e-01 -6.606621742248535156e-01 -8.054387569427490234e-01 -1.717865169048309326e-01 -8.317122459411621094e-01 -5.273982882499694824e-01 -1.253346920013427734e+00 -6.946138739585876465e-01 4.823721647262573242e-01 -5.340192317962646484e-01 2.920113205909729004e-01
7.280389070510864258e-01 2.957712709903717041e-01 -6.178186535835266113e-01 -7.754592895507812500e-01 -1.483126133680343628e-01 -8.127436041831970215e-01 -5.641734004020690918e-01 -1.276849865913391113e+00 -6.689050197601318359e-01 5.022803544998168945e-01 -5.479282736778259277e-01 4.000159502029418945e-01
7.154505252838134766e-01 2.880221009254455566e-01 -6.371035575866699219e-01 -8.151236772537231445e-01 -1.656043827533721924e-01 -8.154144287109375000e-01 -5.547984838485717773e-01 -1.263137578964233398e+00 -6.789425015449523926e-01 5.021949410438537598e-01 -5.356239080429077148e-01 3.610610365867614746e-01
7.379121184349060059e-01 2.956809103488922119e-01 -6.068437099456787109e-01 -7.570875883102416992e-01 -1.506343185901641846e-01 -8.042983412742614746e-01 -5.747327804565429688e-01 -1.280371427536010742e+00 -6.580211520195007324e-01 5.156339406967163086e-01 -5.486466288566589355e-01 3.844586610794067383e-01
7.421879172325134277e-01 2.728485167026519775e-01 -6.121212244033813477e-01 -7.613139748573303223e-01 -1.710271537303924561e-01 -8.061504960060119629e-01 -5.667203664779663086e-01 -1.285769343376159668e+00 -6.479837298393249512e-01 5.250533819198608398e-01 -5.515820384025573730e-01 3.576065599918365479e-01
7.545913457870483398e-01 2.610164582729339600e-01 -6.023461222648620605e-01 -7.476109266281127930e-01 -1.755820512771606445e-01 -8.040556311607360840e-01 -5.681288242340087891e-01 -1.288218975067138672e+00 -6.325327754020690918e-01 5.342903137207031250e-01 -5.606909990310668945e-01 3.731856346130371094e-01
