9.459373354911804199e-01 1.295324563980102539e-01 -2.963374853134155273e-01 -1.498808026313781738e+00 -1.195856630802154541e-01 -7.115153074264526367e-01 -6.924970746040344238e-01 -1.165878653526306152e+00 -3.006784319877624512e-01 6.907770633697509766e-01 -6.579539775848388672e-01 3.030021488666534424e-01
9.395712018013000488e-01 1.843890547752380371e-01 -2.887580990791320801e-01 -1.460679769515991211e+00 -8.719161152839660645e-02 -6.862014532089233398e-01 -7.220016717910766602e-01 -1.169246673583984375e+00 -3.312009274959564209e-01 7.035762071609497070e-01 -6.290656328201293945e-01 3.973285257816314697e-01
9.499490261077880859e-01 1.445319652557373047e-01 -2.770581245422363281e-01 -1.469380497932434082e+00 -1.077164709568023682e-01 -6.805694699287414551e-01 -7.246374487876892090e-01 -1.253212094306945801e+00 -2.930009365081787109e-01 7.182990312576293945e-01 -6.309975385665893555e-01 3.350430727005004883e-01
9.466787576675415039e-01 1.669784784317016602e-01 -2.757167220115661621e-01 -1.455302596092224121e+00 -9.595999121665954590e-02 -6.707700490951538086e-01 -7.356688380241394043e-01 -1.251320004463195801e+00 -3.077862262725830078e-01 7.228458523750305176e-01 -6.187102794647216797e-01 3.853716552257537842e-01
9.471560716629028320e-01 1.650829315185546875e-01 -2.748968601226806641e-01 -1.466485619544982910e+00 -9.205979853868484497e-02 -6.817341446876525879e-01 -7.261525988578796387e-01 -1.230383396148681641e+00 -3.070098757743835449e-01 7.130700349807739258e-01 -6.299369335174560547e-01 3.479496240615844727e-01
9.505810737609863281e-01 1.446782052516937256e-01 -2.739367187023162842e-01 -1.438317894935607910e+00 -8.983451128005981445e-02 -7.175759077072143555e-01 -6.907553076744079590e-01 -1.119741678237915039e+00 -2.964895069599151611e-01 6.816214323043823242e-01 -6.693789958953857422e-01 3.101680874824523926e-01
9.426459074020385742e-01 1.719978153705596924e-01 -2.868169248104095459e-01 -1.473769187927246094e+00 -9.456658363342285156e-02 -6.852241158485412598e-01 -7.221627235412597656e-01 -1.204733848571777344e+00 -3.206692934036254883e-01 7.078735828399658203e-01 -6.291767358779907227e-01 3.724926114082336426e-01
9.471356868743896484e-01 1.460872292518615723e-01 -2.869013547897338867e-01 -1.472336053848266602e+00 -1.153002977371215820e-01 -6.783959865570068359e-01 -7.254467010498046875e-01 -1.224888563156127930e+00 -3.003143668174743652e-01 7.200915813446044922e-01 -6.253949403762817383e-01 3.556613922119140625e-01
9.473390579223632812e-01 1.485466957092285156e-01 -2.841726541519165039e-01 -1.475253343582153320e+00 -1.198361143469810486e-01 -6.584536433219909668e-01 -7.432013750076293945e-01 -1.272341728210449219e+00 -2.977240085601806641e-01 7.379899024963378906e-01 -6.058592796325683594e-01 3.625088334083557129e-01
9.456819891929626465e-01 1.428531408309936523e-01 -2.927806377410888672e-01 -1.478186488151550293e+00 -1.072954684495925903e-01 -7.120303511619567871e-01 -6.936982870101928711e-01 -1.133229017257690430e+00 -3.076143562793731689e-01 6.872937679290771484e-01 -6.576385498046875000e-01 3.109666705131530762e-01
9.459859132766723633e-01 1.429085135459899902e-01 -2.919384241104125977e-01 -1.475624918937683105e+00 -1.089804172515869141e-01 -7.063385248184204102e-01 -6.991504430770874023e-01 -1.153992295265197754e+00 -3.063194751739501953e-01 6.932015419006347656e-01 -6.527190208435058594e-01 3.175304532051086426e-01
9.445142745971679688e-01 1.323394179344177246e-01 -3.000757694244384766e-01 -1.488054513931274414e+00 -1.214492321014404297e-01 -7.088387012481689453e-01 -6.952583789825439453e-01 -1.156893372535705566e+00 -3.046646118164062500e-01 6.932993531227111816e-01 -6.534993648529052734e-01 3.081803619861602783e-01
9.436296820640563965e-01 1.370978355407714844e-01 -3.013912439346313477e-01 -1.497001886367797852e+00 -1.188065111637115479e-01 -7.089547514915466309e-01 -6.953945159912109375e-01 -1.167142391204833984e+00 -3.091406524181365967e-01 6.920922994613647461e-01 -6.526565551757812500e-01 3.072789609432220459e-01
9.436793923377990723e-01 1.361566781997680664e-01 -3.018292784690856934e-01 -1.492261171340942383e+00 -1.243280768394470215e-01 -6.990496516227722168e-01 -7.041250467300415039e-01 -1.166863560676574707e+00 -3.068456053733825684e-01 7.019933462142944336e-01 -6.426202058792114258e-01 3.176931142807006836e-01
9.442567825317382812e-01 1.480418443679809570e-01 -2.950374782085418701e-01 -1.475396990776062012e+00 -1.085515320301055908e-01 -7.045801877975463867e-01 -7.012628912925720215e-01 -1.153886437416076660e+00 -3.117576837539672852e-01 6.935853958129882812e-01 -6.493747234344482422e-01 3.264175057411193848e-01
9.432772994041442871e-01 1.415141224861145020e-01 -2.999353408813476562e-01 -1.491596341133117676e+00 -1.147914528846740723e-01 -7.090237140655517578e-01 -6.952639222145080566e-01 -1.154630184173583984e+00 -3.112699389457702637e-01 6.906316280364990234e-01 -6.528961062431335449e-01 3.017809689044952393e-01
9.426807165145874023e-01 1.336489915847778320e-01 -3.051184415817260742e-01 -1.494510769844055176e+00 -1.248770952224731445e-01 -7.065016627311706543e-01 -6.968622207641601562e-01 -1.160517930984497070e+00 -3.089813590049743652e-01 6.950510144233703613e-01 -6.490855813026428223e-01 3.178915679454803467e-01
9.438919425010681152e-01 1.376395225524902344e-01 -2.985130548477172852e-01 -1.472500443458557129e+00 -1.165711581707000732e-01 -7.090317010879516602e-01 -6.952071189880371094e-01 -1.142106056213378906e+00 -3.073476254940032959e-01 6.915169954299926758e-01 -6.533288955688476562e-01 3.047074675559997559e-01
9.408803582191467285e-01 1.559506654739379883e-01 -3.006994724273681641e-01 -1.475474834442138672e+00 -1.060974001884460449e-01 -7.072699666023254395e-01 -6.989222168922424316e-01 -1.140375852584838867e+00 -3.215023279190063477e-01 6.896767616271972656e-01 -6.491388082504272461e-01 3.154538273811340332e-01
9.439069032669067383e-01 1.435443758964538574e-01 -2.962495088577270508e-01 -1.470839500427246094e+00 -1.067275702953338623e-01 -7.176703810691833496e-01 -6.882778406143188477e-01 -1.146498203277587891e+00 -3.112030029296875000e-01 6.813818216323852539e-01 -6.621181964874267578e-01 2.885809540748596191e-01
9.421724677085876465e-01 1.605366468429565430e-01 -2.940936088562011719e-01 -1.464432954788208008e+00 -9.572003036737442017e-02 -7.115722298622131348e-01 -6.963489055633544922e-01 -1.148388981819152832e+00 -3.207087516784667969e-01 6.839552521705627441e-01 -6.550213098526000977e-01 2.982121407985687256e-01
9.397134184837341309e-01 1.636924147605895996e-01 -2.999008893966674805e-01 -1.463263273239135742e+00 -1.001394689083099365e-01 -7.073872089385986328e-01 -6.997205018997192383e-01 -1.156434297561645508e+00 -3.271499872207641602e-01 6.876266002655029297e-01 -6.484532356262207031e-01 3.028563857078552246e-01
9.390423893928527832e-01 1.736243367195129395e-01 -2.959606051445007324e-01 -1.452100992202758789e+00 -1.152315810322761536e-01 -6.522769331932067871e-01 -7.492358684539794922e-01 -1.258939385414123535e+00 -3.231952786445617676e-01 7.379025220870971680e-01 -5.927807092666625977e-01 3.947808444499969482e-01
9.411723613739013672e-01 1.649392247200012207e-01 -2.942848205566406250e-01 -1.438812613487243652e+00 -1.076837182044982910e-01 -6.796341538429260254e-01 -7.257211804389953613e-01 -1.209044814109802246e+00 -3.194736838340759277e-01 7.149019837379455566e-01 -6.219232082366943359e-01 3.543796539306640625e-01
9.374756217002868652e-01 1.589065492153167725e-01 -3.096375763416290283e-01 -1.449137926101684570e+00 -1.052366495132446289e-01 -7.181651592254638672e-01 -6.875637769699096680e-01 -1.115900874137878418e+00 -3.314755260944366455e-01 6.773002147674560547e-01 -6.566731333732604980e-01 3.027202486991882324e-01
9.365511536598205566e-01 1.581968367099761963e-01 -3.124336302280426025e-01 -1.456237792968750000e+00 -1.125886142253875732e-01 -7.091354727745056152e-01 -6.962154507637023926e-01 -1.140702962875366211e+00 -3.318137526512145996e-01 6.871240139007568359e-01 -6.460518836975097656e-01 3.013364970684051514e-01
9.375087022781372070e-01 1.729173362255096436e-01 -3.019027113914489746e-01 -1.431813716888427734e+00 -1.074098050594329834e-01 -6.812192797660827637e-01 -7.242292761802673340e-01 -1.212942838668823242e+00 -3.309653997421264648e-01 7.112911939620971680e-01 -6.200935840606689453e-01 3.406517505645751953e-01
9.322063326835632324e-01 1.720578670501708984e-01 -3.182374835014343262e-01 -1.435929656028747559e+00 -1.040600165724754333e-01 -7.149494886398315430e-01 -6.910960078239440918e-01 -1.126541018486022949e+00 -3.462921082973480225e-01 6.775145530700683594e-01 -6.484945416450500488e-01 3.056599199771881104e-01
9.287501573562622070e-01 1.996153891086578369e-01 -3.125643730163574219e-01 -1.412430047988891602e+00 -9.055778384208679199e-02 -6.955449581146240234e-01 -7.129364609718322754e-01 -1.165468335151672363e+00 -3.597869575023651123e-01 6.902277469635009766e-01 -6.280130147933959961e-01 3.427000641822814941e-01
9.266670346260070801e-01 2.115913778543472290e-01 -3.110731840133666992e-01 -1.408892393112182617e+00 -8.902812004089355469e-02 -6.796615123748779297e-01 -7.280249595642089844e-01 -1.210579514503479004e+00 -3.654456138610839844e-01 7.021581530570983887e-01 -6.107228994369506836e-01 3.575111031532287598e-01
9.221512079238891602e-01 1.739968359470367432e-01 -3.452643752098083496e-01 -1.444170475006103516e+00 -1.183836758136749268e-01 -7.234249711036682129e-01 -6.804046034812927246e-01 -1.124444365501403809e+00 -3.679792881011962891e-01 6.684194803237915039e-01 -6.459978818893432617e-01 2.890165448188781738e-01
9.179045557975769043e-01 1.827069222927093506e-01 -3.514862358570098877e-01 -1.444219946861267090e+00 -1.161933988332748413e-01 -7.241575121879577637e-01 -6.798815727233886719e-01 -1.130751132965087891e+00 -3.789227902889251709e-01 6.653228998184204102e-01 -6.430500745773315430e-01 2.856091856956481934e-01
9.183846116065979004e-01 1.748829483985900879e-01 -3.538236916065216064e-01 -1.436088681221008301e+00 -1.240533143281936646e-01 -7.229018807411193848e-01 -6.796019077301025391e-01 -1.135582327842712402e+00 -3.745528161525726318e-01 6.680658459663391113e-01 -6.425437331199645996e-01 2.817670106887817383e-01
9.129967689514160156e-01 1.848951578140258789e-01 -3.642569482326507568e-01 -1.440887093544006348e+00 -1.254670321941375732e-01 -7.211226224899291992e-01 -6.810044050216674805e-01 -1.148960709571838379e+00 -3.883676826953887939e-01 6.672689914703369141e-01 -6.351747512817382812e-01 2.844135761260986328e-01
9.048156142234802246e-01 1.896611452102661133e-01 -3.808563351631164551e-01 -1.445326447486877441e+00 -1.306209862232208252e-01 -7.279197573661804199e-01 -6.727296710014343262e-01 -1.142638206481933594e+00 -4.049113988876342773e-01 6.583943367004394531e-01 -6.339787840843200684e-01 2.801213860511779785e-01
8.976677656173706055e-01 2.073450386524200439e-01 -3.894263505935668945e-01 -1.447730302810668945e+00 -1.360054910182952881e-01 -7.095943689346313477e-01 -6.910670995712280273e-01 -1.199099898338317871e+00 -4.198242723941802979e-01 6.733787059783935547e-01 -6.086772680282592773e-01 3.107496201992034912e-01
8.937681913375854492e-01 2.058761119842529297e-01 -3.987460732460021973e-01 -1.451170802116394043e+00 -1.404749751091003418e-01 -7.154753804206848145e-01 -6.841430068016052246e-01 -1.192773938179016113e+00 -4.260361194610595703e-01 6.675543189048767090e-01 -6.106141805648803711e-01 3.087428510189056396e-01
8.911390304565429688e-01 2.099604606628417969e-01 -4.027531147003173828e-01 -1.447912931442260742e+00 -1.377644240856170654e-01 -7.200034856796264648e-01 -6.804474592208862305e-01 -1.183583259582519531e+00 -4.324207305908203125e-01 6.615962982177734375e-01 -6.124711036682128906e-01 2.949790954589843750e-01
8.894809484481811523e-01 2.094659805297851562e-01 -4.060514867305755615e-01 -1.425828337669372559e+00 -1.285886764526367188e-01 -7.378938198089599609e-01 -6.631150245666503906e-01 -1.141321778297424316e+00 -4.381053149700164795e-01 6.419496536254882812e-01 -6.292542815208435059e-01 2.777515649795532227e-01
8.869540095329284668e-01 2.112207412719726562e-01 -4.105365276336669922e-01 -1.428050994873046875e+00 -1.364089846611022949e-01 -7.294991016387939453e-01 -6.699848175048828125e-01 -1.168726563453674316e+00 -4.412552714347839355e-01 6.503759026527404785e-01 -6.186320781707763672e-01 2.827025651931762695e-01
8.797714710235595703e-01 2.247508764266967773e-01 -4.183656573295593262e-01 -1.430480241775512695e+00 -1.468243598937988281e-01 -7.093973159790039062e-01 -6.896981000900268555e-01 -1.219473600387573242e+00 -4.519016146659851074e-01 6.684959530830383301e-01 -5.911685228347778320e-01 3.203034400939941406e-01
8.766587972640991211e-01 2.186621427536010742e-01 -4.286445379257202148e-01 -1.420265316963195801e+00 -1.331265568733215332e-01 -7.461922764778137207e-01 -6.524379849433898926e-01 -1.138342022895812988e+00 -4.624357223510742188e-01 6.288793087005615234e-01 -6.247797012329101562e-01 2.790526151657104492e-01
8.674122095108032227e-01 2.230851054191589355e-01 -4.450769126415252686e-01 -1.418916225433349609e+00 -1.367093026638031006e-01 -7.527132034301757812e-01 -6.437494754791259766e-01 -1.138493657112121582e+00 -4.788860678672790527e-01 6.191180348396301270e-01 -6.226716041564941406e-01 2.838712632656097412e-01
8.616410493850708008e-01 2.279375493526458740e-01 -4.535064101219177246e-01 -1.419861793518066406e+00 -1.405903995037078857e-01 -7.512608170509338379e-01 -6.446162462234497070e-01 -1.152728915214538574e+00 -4.878360927104949951e-01 6.193463802337646484e-01 -6.153754591941833496e-01 2.895495593547821045e-01
8.616067171096801758e-01 2.272755801677703857e-01 -4.538542926311492920e-01 -1.409195184707641602e+00 -1.345857083797454834e-01 -7.596929669380187988e-01 -6.360369920730590820e-01 -1.141409873962402344e+00 -4.892183542251586914e-01 6.091412305831909180e-01 -6.240108609199523926e-01 2.713988423347473145e-01
8.526648283004760742e-01 2.364438176155090332e-01 -4.667069315910339355e-01 -1.416437029838562012e+00 -1.332828700542449951e-01 -7.646469473838806152e-01 -6.305608153343200684e-01 -1.138247489929199219e+00 -5.058959126472473145e-01 5.997685790061950684e-01 -6.199750900268554688e-01 2.720391750335693359e-01
8.508592247962951660e-01 2.337433099746704102e-01 -4.702522754669189453e-01 -1.390101313591003418e+00 -1.378247737884521484e-01 -7.646493911743164062e-01 -6.294507980346679688e-01 -1.139355182647705078e+00 -5.067574977874755859e-01 6.004400253295898438e-01 -6.183432340621948242e-01 2.718782424926757812e-01
8.427397012710571289e-01 2.379297018051147461e-01 -4.836348593235015869e-01 -1.411009669303894043e+00 -1.402679383754730225e-01 -7.695324420928955078e-01 -6.231498122215270996e-01 -1.140186429023742676e+00 -5.202923417091369629e-01 5.926988720893859863e-01 -6.149066090583801270e-01 2.679314315319061279e-01
8.390796780586242676e-01 2.398179769515991211e-01 -4.887880086898803711e-01 -1.414305806159973145e+00 -1.370370984077453613e-01 -7.758980393409729004e-01 -6.156292557716369629e-01 -1.132041215896606445e+00 -5.268394947052001953e-01 5.833447575569152832e-01 -6.176733970642089844e-01 2.508635520935058594e-01
8.281861543655395508e-01 2.462905049324035645e-01 -5.031066536903381348e-01 -1.406582593917846680e+00 -1.416937112808227539e-01 -7.765218615531921387e-01 -6.135999560356140137e-01 -1.127650022506713867e+00 -5.418910384178161621e-01 5.796842575073242188e-01 -6.088414788246154785e-01 2.594188749790191650e-01
8.284425735473632812e-01 2.487130165100097656e-01 -5.016400814056396484e-01 -1.381823062896728516e+00 -1.359394937753677368e-01 -7.794723510742187500e-01 -6.110747456550598145e-01 -1.119643568992614746e+00 -5.430972576141357422e-01 5.744329094886779785e-01 -6.120725274085998535e-01 2.582097649574279785e-01
8.237801194190979004e-01 2.530561387538909912e-01 -5.071899890899658203e-01 -1.385020017623901367e+00 -1.383004784584045410e-01 -7.780244946479797363e-01 -6.130099296569824219e-01 -1.122153759002685547e+00 -5.496836900711059570e-01 5.752490162849426270e-01 -6.060283184051513672e-01 2.537500858306884766e-01
8.119232058525085449e-01 2.665091753005981445e-01 -5.193623304367065430e-01 -1.383892059326171875e+00 -1.329805552959442139e-01 -7.818728685379028320e-01 -6.093603372573852539e-01 -1.132646322250366211e+00 -5.680280327796936035e-01 5.636420249938964844e-01 -5.990692377090454102e-01 2.469682842493057251e-01
8.105108141899108887e-01 2.646514177322387695e-01 -5.223618745803833008e-01 -1.365362048149108887e+00 -1.359125375747680664e-01 -7.826443314552307129e-01 -6.070715188980102539e-01 -1.122870922088623047e+00 -5.699375867843627930e-01 5.630434751510620117e-01 -5.984955430030822754e-01 2.538306713104248047e-01
8.054602146148681641e-01 2.749509811401367188e-01 -5.249457359313964844e-01 -1.371189594268798828e+00 -1.283602118492126465e-01 -7.838478088378906250e-01 -6.073985099792480469e-01 -1.133786439895629883e+00 -5.784547924995422363e-01 5.565866827964782715e-01 -5.964877009391784668e-01 2.538733482360839844e-01
7.953494191169738770e-01 2.831509113311767578e-01 -5.359578132629394531e-01 -1.355682849884033203e+00 -1.289862543344497681e-01 -7.851078510284423828e-01 -6.057550311088562012e-01 -1.138022661209106445e+00 -5.923590064048767090e-01 5.511738061904907227e-01 -5.875856876373291016e-01 2.569489479064941406e-01
7.904295325279235840e-01 2.760730385780334473e-01 -5.471894741058349609e-01 -1.355320811271667480e+00 -1.389918923377990723e-01 -7.889896631240844727e-01 -5.989165306091308594e-01 -1.130429267883300781e+00 -5.967407226562500000e-01 5.491041541099548340e-01 -5.848734378814697266e-01 2.527270019054412842e-01
7.785475254058837891e-01 2.874681353569030762e-01 -5.581446290016174316e-01 -1.355654597282409668e+00 -1.371830701828002930e-01 -7.895993590354919434e-01 -5.976405143737792969e-01 -1.119971632957458496e+00 -6.123375296592712402e-01 5.421203374862670898e-01 -5.753296017646789551e-01 2.522749900817871094e-01
7.676491737365722656e-01 2.967588901519775391e-01 -5.679644346237182617e-01 -1.341911196708679199e+00 -1.321779191493988037e-01 -7.935939431190490723e-01 -5.935006737709045410e-01 -1.125678181648254395e+00 -6.269673705101013184e-01 5.308086872100830078e-01 -5.703367590904235840e-01 2.554932832717895508e-01
7.595521211624145508e-01 3.033573627471923828e-01 -5.754484534263610840e-01 -1.343356013298034668e+00 -1.306279748678207397e-01 -7.951706647872924805e-01 -5.918492078781127930e-01 -1.135814428329467773e+00 -6.365959644317626953e-01 5.247156620025634766e-01 -5.646275877952575684e-01 2.465477883815765381e-01
7.458063364028930664e-01 3.090256452560424805e-01 -5.909404158592224121e-01 -1.340762972831726074e+00 -1.344297528266906738e-01 -7.977468967437744141e-01 -5.873405933380126953e-01 -1.132044076919555664e+00 -6.526531577110290527e-01 5.171667337417602539e-01 -5.534812808036804199e-01 2.488549798727035522e-01
7.334192395210266113e-01 3.124224543571472168e-01 -6.034796237945556641e-01 -1.338180899620056152e+00 -1.384975016117095947e-01 -8.006423115730285645e-01 -5.825406908988952637e-01 -1.124338626861572266e+00 -6.655464172363281250e-01 5.110040307044982910e-01 -5.437749028205871582e-01 2.511413693428039551e-01
7.319224476814270020e-01 3.178993165493011475e-01 -6.023593544960021973e-01 -1.320959091186523438e+00 -1.352121829986572266e-01 -7.988793253898620605e-01 -5.862920284271240234e-01 -1.126352548599243164e+00 -6.675782799720764160e-01 5.107069611549377441e-01 -5.423099398612976074e-01 2.553612291812896729e-01
7.184177041053771973e-01 3.387509584426879883e-01 -6.077077984809875488e-01 -1.317684888839721680e+00 -1.305419206619262695e-01 -7.921616435050964355e-01 -5.960432291030883789e-01 -1.185395836830139160e+00 -6.832304000854492188e-01 5.075191855430603027e-01 -5.251201391220092773e-01 2.510143816471099854e-01
7.111353874206542969e-01 3.399807214736938477e-01 -6.152235865592956543e-01 -1.311818957328796387e+00 -1.232324838638305664e-01 -8.015012741088867188e-01 -5.851472020149230957e-01 -1.166712284088134766e+00 -6.923599243164062500e-01 4.919868707656860352e-01 -5.277723670005798340e-01 2.369088381528854370e-01
7.081459164619445801e-01 3.410191833972930908e-01 -6.178652644157409668e-01 -1.300280809402465820e+00 -1.260663270950317383e-01 -8.005145192146301270e-01 -5.861761569976806641e-01 -1.167743682861328125e+00 -6.945741772651672363e-01 4.934051036834716797e-01 -5.238385796546936035e-01 2.517759501934051514e-01
6.963637471199035645e-01 3.511408567428588867e-01 -6.256474852561950684e-01 -1.318030834197998047e+00 -1.253795921802520752e-01 -7.993286252021789551e-01 -5.880032777786254883e-01 -1.205598831176757812e+00 -7.066317796707153320e-01 4.880665242671966553e-01 -5.123460888862609863e-01 2.267599850893020630e-01
6.924856305122375488e-01 3.494655191898345947e-01 -6.313901543617248535e-01 -1.301290392875671387e+00 -1.234102547168731689e-01 -8.045457601547241211e-01 -5.805930495262145996e-01 -1.172490000724792480e+00 -7.106183171272277832e-01 4.801155328750610352e-01 -5.136470794677734375e-01 2.306108474731445312e-01
6.876618266105651855e-01 3.538142442703247070e-01 -6.345801353454589844e-01 -1.303297996520996094e+00 -1.244965791702270508e-01 -8.034369349479675293e-01 -5.822271108627319336e-01 -1.210008859634399414e+00 -7.155084013938903809e-01 4.793284237384796143e-01 -5.079839229583740234e-01 2.152670919895172119e-01
6.839305758476257324e-01 3.572215139865875244e-01 -6.369410753250122070e-01 -1.281328678131103516e+00 -1.225614547729492188e-01 -8.037723898887634277e-01 -5.823187828063964844e-01 -1.201117038726806641e+00 -7.195708751678466797e-01 4.763658046722412109e-01 -5.053866505622863770e-01 2.376921474933624268e-01
6.784886121749877930e-01 3.599368631839752197e-01 -6.400620341300964355e-01 -1.278278231620788574e+00 -1.186540722846984863e-01 -8.064516782760620117e-01 -5.792468786239624023e-01 -1.202770948410034180e+00 -7.246795296669006348e-01 4.690703749656677246e-01 -5.044406652450561523e-01 2.244275212287902832e-01
6.772325038909912109e-01 3.705790042877197266e-01 -6.357598900794982910e-01 -1.251983880996704102e+00 -1.086841821670532227e-01 -8.040889501571655273e-01 -5.843250751495361328e-01 -1.211381316184997559e+00 -7.278147339820861816e-01 4.645943641662597656e-01 -5.041542649269104004e-01 2.348670661449432373e-01
6.620423793792724609e-01 3.672978281974792480e-01 -6.530852913856506348e-01 -1.283778309822082520e+00 -1.207162141799926758e-01 -8.081367611885070801e-01 -5.767316222190856934e-01 -1.204880833625793457e+00 -7.392643690109252930e-01 4.608493447303771973e-01 -4.907487928867340088e-01 2.349869459867477417e-01
6.518602371215820312e-01 3.706390261650085449e-01 -6.613305807113647461e-01 -1.279190897941589355e+00 -1.222151964902877808e-01 -8.095738887786865234e-01 -5.740743875503540039e-01 -1.197976946830749512e+00 -7.483630180358886719e-01 4.550516009330749512e-01 -4.826747775077819824e-01 2.476973235607147217e-01
6.577824950218200684e-01 3.755288422107696533e-01 -6.525918245315551758e-01 -1.274191021919250488e+00 -1.123840808868408203e-01 -8.081257343292236328e-01 -5.783437490463256836e-01 -1.218192458152770996e+00 -7.442181706428527832e-01 4.536611437797546387e-01 -4.895196855068206787e-01 2.168068736791610718e-01
6.604081988334655762e-01 3.632144629955291748e-01 -6.572396159172058105e-01 -1.268974184989929199e+00 -1.016181111335754395e-01 -8.240454196929931641e-01 -5.574188828468322754e-01 -1.162143468856811523e+00 -7.436321973800659180e-01 4.350124001502990723e-01 -5.074963569641113281e-01 1.650469005107879639e-01
6.606867313385009766e-01 3.630826473236083984e-01 -6.574273109436035156e-01 -1.268843889236450195e+00 -9.290546178817749023e-02 -8.291473388671875000e-01 -5.513085126876831055e-01 -1.158323645591735840e+00 -7.453262805938720703e-01 4.251409173011779785e-01 -5.137129426002502441e-01 1.495699137449264526e-01
6.570154428482055664e-01 3.677962720394134521e-01 -6.579248309135437012e-01 -1.253373026847839355e+00 -9.638619422912597656e-02 -8.243836164474487305e-01 -5.575407743453979492e-01 -1.165021061897277832e+00 -7.476908564567565918e-01 4.295146763324737549e-01 -5.062979459762573242e-01 1.796722561120986938e-01
6.603767871856689453e-01 3.615881204605102539e-01 -6.582686305046081543e-01 -1.256075501441955566e+00 -8.724379539489746094e-02 -8.335507512092590332e-01 -5.455299019813537598e-01 -1.152857303619384766e+00 -7.458639740943908691e-01 4.175193905830383301e-01 -5.188326239585876465e-01 1.376001536846160889e-01
6.544313430786132812e-01 3.697947859764099121e-01 -6.597263216972351074e-01 -1.249172568321228027e+00 -1.043765544891357422e-01 -8.200844526290893555e-01 -5.627281665802001953e-01 -1.198702931404113770e+00 -7.490814924240112305e-01 4.368734955787658691e-01 -4.981023967266082764e-01 1.764308065176010132e-01
6.489468216896057129e-01 3.656865358352661133e-01 -6.668709516525268555e-01 -1.245728850364685059e+00 -9.936037659645080566e-02 -8.287235498428344727e-01 -5.509847402572631836e-01 -1.179056048393249512e+00 -7.540332078933715820e-01 4.238160550594329834e-01 -5.014248490333557129e-01 1.756640970706939697e-01
6.433759927749633789e-01 3.580898642539978027e-01 -6.768223643302917480e-01 -1.237090587615966797e+00 -1.145582199096679688e-01 -8.292732834815979004e-01 -5.472192168235778809e-01 -1.181525349617004395e+00 -7.570599913597106934e-01 4.293866753578186035e-01 -4.922173619270324707e-01 1.976850628852844238e-01
6.446889638900756836e-01 3.554773330688476562e-01 -6.769171357154846191e-01 -1.233755230903625488e+00 -1.075417101383209229e-01 -8.343883156776428223e-01 -5.407659411430358887e-01 -1.174722194671630859e+00 -7.570625543594360352e-01 4.212108254432678223e-01 -4.998736977577209473e-01 1.834027618169784546e-01
6.427122950553894043e-01 3.501327037811279297e-01 -6.815775632858276367e-01 -1.228907108306884766e+00 -1.000880673527717590e-01 -8.433000445365905762e-01 -5.277901887893676758e-01 -1.169112920761108398e+00 -7.595548629760742188e-01 4.075081050395965576e-01 -5.066543221473693848e-01 1.661512851715087891e-01
6.371544599533081055e-01 3.582445681095123291e-01 -6.822078824043273926e-01 -1.208878755569458008e+00 -1.059711277484893799e-01 -8.360841870307922363e-01 -5.381401777267456055e-01 -1.204496502876281738e+00 -7.630419135093688965e-01 4.156413972377777100e-01 -4.953258633613586426e-01 1.859364062547683716e-01
6.297898888587951660e-01 3.583265841007232666e-01 -6.887342929840087891e-01 -1.206032514572143555e+00 -9.253549575805664062e-02 -8.459829092025756836e-01 -5.245792865753173828e-01 -1.190840721130371094e+00 -7.711724638938903809e-01 3.942621052265167236e-01 -4.997274875640869141e-01 1.689735203981399536e-01
6.238880753517150879e-01 3.625646233558654785e-01 -6.922741532325744629e-01 -1.189364790916442871e+00 -9.163916110992431641e-02 -8.457433581352233887e-01 -5.257592797279357910e-01 -1.195639371871948242e+00 -7.761167287826538086e-01 3.913945853710174561e-01 -4.941802918910980225e-01 1.954751014709472656e-01
6.230515837669372559e-01 3.600859045982360840e-01 -6.944088935852050781e-01 -1.161848783493041992e+00 -8.801579475402832031e-02 -8.497078418731689453e-01 -5.195516347885131836e-01 -1.190849661827087402e+00 -7.769947648048400879e-01 3.846955895423889160e-01 -4.979241490364074707e-01 1.970522552728652954e-01
6.195199489593505859e-01 3.480100631713867188e-01 -7.033247947692871094e-01 -1.150704026222229004e+00 -9.576845169067382812e-02 -8.557416200637817383e-01 -5.081219673156738281e-01 -1.183075189590454102e+00 -7.788628935813903809e-01 3.824930787086486816e-01 -4.969588518142700195e-01 1.931562721729278564e-01
6.142187118530273438e-01 3.570522665977478027e-01 -7.035564780235290527e-01 -1.141820073127746582e+00 -1.048332452774047852e-01 -8.470799922943115234e-01 -5.215775966644287109e-01 -1.226396083831787109e+00 -7.817864418029785156e-01 3.939615488052368164e-01 -4.831294119358062744e-01 2.124132513999938965e-01
6.032886505126953125e-01 3.539075255393981934e-01 -7.145898342132568359e-01 -1.119007825851440430e+00 -1.007740497589111328e-01 -8.549675941467285156e-01 -5.087342262268066406e-01 -1.195272326469421387e+00 -7.907733321189880371e-01 3.789175748825073242e-01 -4.802041351795196533e-01 2.230044156312942505e-01
5.988980531692504883e-01 3.484942615032196045e-01 -7.209587693214416504e-01 -1.120069146156311035e+00 -1.096496582031250000e-01 -8.560470938682556152e-01 -5.047188997268676758e-01 -1.196660280227661133e+00 -7.932628989219665527e-01 3.810493648052215576e-01 -4.748030304908752441e-01 2.141621112823486328e-01
5.930396318435668945e-01 3.535982668399810791e-01 -7.233777046203613281e-01 -1.095940351486206055e+00 -1.090890765190124512e-01 -8.547861576080322266e-01 -5.074087381362915039e-01 -1.190775036811828613e+00 -7.979097366333007812e-01 3.801026344299316406e-01 -4.686465263366699219e-01 2.378080785274505615e-01
5.891010165214538574e-01 3.596200942993164062e-01 -7.233873009681701660e-01 -1.093047857284545898e+00 -9.742185473442077637e-02 -8.570294976234436035e-01 -5.056100487709045410e-01 -1.207367897033691406e+00 -8.020372986793518066e-01 3.685988485813140869e-01 -4.699834287166595459e-01 2.269757390022277832e-01
5.867209434509277344e-01 3.523586988449096680e-01 -7.296092510223388672e-01 -1.076725959777832031e+00 -9.939661622047424316e-02 -8.622193336486816406e-01 -4.966600239276885986e-01 -1.198339700698852539e+00 -8.038566112518310547e-01 3.636842072010040283e-01 -4.706801772117614746e-01 2.269311845302581787e-01
5.862393975257873535e-01 3.507073521614074707e-01 -7.304353713989257812e-01 -1.067428827285766602e+00 -1.002897024154663086e-01 -8.629945516586303711e-01 -4.952244758605957031e-01 -1.215275287628173828e+00 -8.037570714950561523e-01 3.636562824249267578e-01 -4.707487225532531738e-01 2.141517698764801025e-01
5.814230442047119141e-01 3.516993522644042969e-01 -7.338664531707763672e-01 -1.065525770187377930e+00 -9.433746337890625000e-02 -8.667035102844238281e-01 -4.900003671646118164e-01 -1.205003619194030762e+00 -8.083546161651611328e-01 3.539324998855590820e-01 -4.702530503273010254e-01 2.226442396640777588e-01
5.850726366043090820e-01 3.538304567337036133e-01 -7.299134731292724609e-01 -1.066342234611511230e+00 -9.700715541839599609e-02 -8.628295660018920898e-01 -4.959600567817687988e-01 -1.220651626586914062e+00 -8.050841093063354492e-01 3.606297373771667480e-01 -4.703632593154907227e-01 2.187996804714202881e-01
5.855780243873596191e-01 3.541021347045898438e-01 -7.292007803916931152e-01 -1.057914853096008301e+00 -9.626385569572448730e-02 -8.625473976135253906e-01 -4.961433112621307373e-01 -1.211745023727416992e+00 -8.048561811447143555e-01 3.609877824783325195e-01 -4.707815051078796387e-01 2.239363640546798706e-01
5.800592899322509766e-01 3.589949309825897217e-01 -7.309949994087219238e-01 -1.041841149330139160e+00 -8.444899320602416992e-02 -8.659725189208984375e-01 -4.926434159278869629e-01 -1.194089293479919434e+00 -8.103652596473693848e-01 3.478031456470489502e-01 -4.721977114677429199e-01 2.297256886959075928e-01
5.730524659156799316e-01 3.625075817108154297e-01 -7.346331477165222168e-01 -1.043050050735473633e+00 -9.322823584079742432e-02 -8.623784184455871582e-01 -4.978665113449096680e-01 -1.206074476242065430e+00 -8.141509294509887695e-01 3.540773093700408936e-01 -4.606277942657470703e-01 2.417173534631729126e-01
5.628742575645446777e-01 3.658490180969238281e-01 -7.411930561065673828e-01 -1.028266429901123047e+00 -9.739798307418823242e-02 -8.609936237335205078e-01 -4.992098212242126465e-01 -1.207774758338928223e+00 -8.208066821098327637e-01 3.532387018203735352e-01 -4.489793777465820312e-01 2.705203294754028320e-01
5.621185898780822754e-01 3.647370636463165283e-01 -7.425749897956848145e-01 -1.029230237007141113e+00 -9.432262182235717773e-02 -8.635794520378112793e-01 -4.958266019821166992e-01 -1.201240897178649902e+00 -8.218331336975097656e-01 3.484872579574584961e-01 -4.509975314140319824e-01 2.630262970924377441e-01
5.667853355407714844e-01 3.719263672828674316e-01 -7.349912524223327637e-01 -1.022243261337280273e+00 -1.035870909690856934e-01 -8.529852628707885742e-01 -5.116190910339355469e-01 -1.238794803619384766e+00 -8.173918128013610840e-01 3.662317395210266113e-01 -4.450523555278778076e-01 2.469983249902725220e-01
5.597350001335144043e-01 3.692999482154846191e-01 -7.416523694992065430e-01 -9.994468688964843750e-01 -1.102914065122604370e-01 -8.534821867942810059e-01 -5.084598064422607422e-01 -1.216116070747375488e+00 -8.213267922401428223e-01 3.664585947990417480e-01 -4.368382096290588379e-01 2.907105386257171631e-01
5.548473000526428223e-01 3.669235110282897949e-01 -7.468819618225097656e-01 -9.841590523719787598e-01 -1.218585371971130371e-01 -8.523273468017578125e-01 -5.092021226882934570e-01 -1.214382410049438477e+00 -8.226917982101440430e-01 3.735836148262023926e-01 -4.277650713920593262e-01 3.204924166202545166e-01
5.624828338623046875e-01 3.695108890533447266e-01 -7.392953634262084961e-01 -9.861822128295898438e-01 -1.148709058761596680e-01 -8.504537343978881836e-01 -5.130010843276977539e-01 -1.228109836578369141e+00 -8.186649680137634277e-01 3.736090958118438721e-01 -4.359678626060485840e-01 2.994760870933532715e-01
5.612890720367431641e-01 3.760766983032226562e-01 -7.375371456146240234e-01 -9.657467007637023926e-01 -1.160045266151428223e-01 -8.464792370796203613e-01 -5.196294188499450684e-01 -1.232905983924865723e+00 -8.195107579231262207e-01 3.772519826889038086e-01 -4.316579997539520264e-01 3.220377862453460693e-01
5.644335746765136719e-01 3.789776563644409180e-01 -7.331958413124084473e-01 -9.483672976493835449e-01 -1.087269783020019531e-01 -8.465102910995483398e-01 -5.212373137474060059e-01 -1.227768659591674805e+00 -8.183174133300781250e-01 3.737839460372924805e-01 -4.363877177238464355e-01 3.242728710174560547e-01
5.635418891906738281e-01 3.843235373497009277e-01 -7.309769392013549805e-01 -9.346871376037597656e-01 -1.100027561187744141e-01 -8.420193195343017578e-01 -5.276644229888916016e-01 -1.242043018341064453e+00 -8.186987638473510742e-01 3.780227899551391602e-01 -4.324129819869995117e-01 3.372747004032135010e-01
5.663604736328125000e-01 3.720297813415527344e-01 -7.350392341613769531e-01 -9.127883911132812500e-01 -1.068341732025146484e-01 -8.510975837707519531e-01 -5.134848356246948242e-01 -1.200015902519226074e+00 -8.171536922454833984e-01 3.698233366012573242e-01 -4.427539408206939697e-01 3.443405330181121826e-01
5.694934725761413574e-01 3.638717532157897949e-01 -7.369172573089599609e-01 -9.008134603500366211e-01 -1.091674566268920898e-01 -8.547874093055725098e-01 -5.067411661148071289e-01 -1.197443842887878418e+00 -8.147620558738708496e-01 3.689708113670349121e-01 -4.473888278007507324e-01 3.573178648948669434e-01
5.796993970870971680e-01 3.694111108779907227e-01 -7.264176011085510254e-01 -8.915247321128845215e-01 -1.049071252346038818e-01 -8.499947786331176758e-01 -5.163543224334716797e-01 -1.216336250305175781e+00 -8.079236745834350586e-01 3.754688501358032227e-01 -4.535440206527709961e-01 3.554773032665252686e-01
5.869064331054687500e-01 3.699505329132080078e-01 -7.197473049163818359e-01 -8.747255206108093262e-01 -1.035987138748168945e-01 -8.476593494415283203e-01 -5.205112695693969727e-01 -1.235555052757263184e+00 -8.029892444610595703e-01 3.803421258926391602e-01 -4.594486355781555176e-01 3.727810382843017578e-01
5.944801568984985352e-01 3.623185157775878906e-01 -7.179283499717712402e-01 -8.478044271469116211e-01 -1.003602147102355957e-01 -8.524814844131469727e-01 -5.137625932693481445e-01 -1.221636891365051270e+00 -7.977564334869384766e-01 3.771480321884155273e-01 -4.704815745353698730e-01 3.632223904132843018e-01
6.007728576660156250e-01 3.600897789001464844e-01 -7.140153646469116211e-01 -8.462960720062255859e-01 -9.390109777450561523e-02 -8.549460768699645996e-01 -5.102305412292480469e-01 -1.198220491409301758e+00 -7.939326763153076172e-01 3.732876777648925781e-01 -4.796150624752044678e-01 3.716768622398376465e-01
6.199486255645751953e-01 3.681447505950927734e-01 -6.927652359008789062e-01 -8.220753073692321777e-01 -9.071600437164306641e-02 -8.435161113739013672e-01 -5.295816659927368164e-01 -1.215330958366394043e+00 -7.791255116462707520e-01 3.910945057868957520e-01 -4.898028075695037842e-01 3.736804425716400146e-01
6.335735321044921875e-01 3.670560121536254883e-01 -6.810694932937622070e-01 -8.218897581100463867e-01 -8.034384250640869141e-02 -8.438493013381958008e-01 -5.300030708312988281e-01 -1.203949332237243652e+00 -7.693657875061035156e-01 3.904893994331359863e-01 -5.051869153976440430e-01 3.849043250083923340e-01
6.450306177139282227e-01 3.705269098281860352e-01 -6.682291030883789062e-01 -8.026879429817199707e-01 -7.712715864181518555e-02 -8.384564518928527832e-01 -5.393130779266357422e-01 -1.219699501991271973e+00 -7.604176998138427734e-01 3.994828462600708008e-01 -5.122425556182861328e-01 3.907943964004516602e-01
6.502022743225097656e-01 3.673904538154602051e-01 -6.652270555496215820e-01 -7.952764630317687988e-01 -7.367581129074096680e-02 -8.404422402381896973e-01 -5.366019010543823242e-01 -1.216560840606689453e+00 -7.564503550529479980e-01 3.981195986270904541e-01 -5.195690989494323730e-01 4.040936529636383057e-01
6.564502120018005371e-01 3.668531179428100586e-01 -6.593797206878662109e-01 -7.893887758255004883e-01 -7.301223278045654297e-02 -8.388584852218627930e-01 -5.393288135528564453e-01 -1.216977477073669434e+00 -7.506577968597412109e-01 4.020358324050903320e-01 -5.241124629974365234e-01 4.292694032192230225e-01
6.686069965362548828e-01 3.665485382080078125e-01 -6.465966105461120605e-01 -7.834106087684631348e-01 -6.622058153152465820e-02 -8.373107910156250000e-01 -5.430416464805603027e-01 -1.222205281257629395e+00 -7.405436635017395020e-01 4.057892858982086182e-01 -5.360590815544128418e-01 4.233298301696777344e-01
6.772953867912292480e-01 3.659163713455200195e-01 -6.377433538436889648e-01 -7.822919487953186035e-01 -6.288239359855651855e-02 -8.353296518325805664e-01 -5.461457371711730957e-01 -1.229496002197265625e+00 -7.327220439910888672e-01 4.099964201450347900e-01 -5.429972410202026367e-01 4.366574883460998535e-01
6.917248964309692383e-01 3.613668680191040039e-01 -6.253477931022644043e-01 -7.816249728202819824e-01 -6.212940812110900879e-02 -8.330553770065307617e-01 -5.497092008590698242e-01 -1.225714802742004395e+00 -7.199136018753051758e-01 4.190381765365600586e-01 -5.533690452575683594e-01 4.322799444198608398e-01
7.048643827438354492e-01 3.649828732013702393e-01 -6.086964607238769531e-01 -7.693567276000976562e-01 -6.363698840141296387e-02 -8.218978047370910645e-01 -5.664074420928955078e-01 -1.234405994415283203e+00 -7.068734169006347656e-01 4.377998113632202148e-01 -5.558940768241882324e-01 4.425815045833587646e-01
7.092123031616210938e-01 3.544337153434753418e-01 -6.095005869865417480e-01 -7.723023891448974609e-01 -7.387621700763702393e-02 -8.222818374633789062e-01 -5.643345117568969727e-01 -1.221813201904296875e+00 -7.013767957687377930e-01 4.451869428157806396e-01 -5.569308996200561523e-01 4.478288888931274414e-01
7.233580946922302246e-01 3.485348522663116455e-01 -5.960547327995300293e-01 -7.556928992271423340e-01 -7.813371717929840088e-02 -8.160706758499145508e-01 -5.721844434738159180e-01 -1.234739661216735840e+00 -6.859072446823120117e-01 4.603603184223175049e-01 -5.633153319358825684e-01 4.548007249832153320e-01
7.344810366630554199e-01 3.295230269432067871e-01 -5.933672785758972168e-01 -7.524933218955993652e-01 -9.071356058120727539e-02 -8.185815215110778809e-01 -5.669863224029541016e-01 -1.234972357749938965e+00 -6.724659800529479980e-01 4.701364934444427490e-01 -5.714694261550903320e-01 4.567610621452331543e-01
7.486348152160644531e-01 3.193325102329254150e-01 -5.807111859321594238e-01 -7.448899745941162109e-01 -9.086275100708007812e-02 -8.183925747871398926e-01 -5.675021409988403320e-01 -1.228581666946411133e+00 -6.563086509704589844e-01 4.776994884014129639e-01 -5.840662121772766113e-01 4.687588512897491455e-01
