8.150786845574837791e-01 -5.126951654204606745e-01 2.697969792406716416e-01 -1.577787288241097596e-01 -8.406973783023025115e-02 -5.654282773317699240e-01 -8.205017666006502175e-01 -1.697414376228625121e+00 5.732181289055503504e-01 6.460917404804525921e-01 -5.039706838904717268e-01 3.558175798055975836e-01
8.156456233032375325e-01 -5.113614225209855979e-01 2.706135938029368693e-01 -1.580213800100611909e-01 -8.329686973519828674e-02 -5.666641141249770808e-01 -8.197276495823396791e-01 -1.696615113375507189e+00 5.725241082047447527e-01 6.460660055286654435e-01 -5.047919096678530337e-01 3.564196312394531385e-01
8.130001524758478926e-01 -5.137896614442437615e-01 2.739542437384679952e-01 -1.550475383327189205e-01 -8.237487164171643228e-02 -5.672584840020463703e-01 -8.194096542521721593e-01 -1.701216037146243032e+00 5.764070799642707632e-01 6.436132261191381820e-01 -5.035045926903282121e-01 3.534859709095566349e-01
8.131183550568114038e-01 -5.139071385161317895e-01 2.733825149385267772e-01 -1.552163905439163660e-01 -8.273633570648131208e-02 -5.669150864697537484e-01 -8.196108781441404645e-01 -1.699114092585853886e+00 5.761885516586536804e-01 6.438219829605517086e-01 -5.034878551807493441e-01 3.559693847487711560e-01
8.130826022270177811e-01 -5.134400438294672853e-01 2.743647212167013016e-01 -1.533474554670926360e-01 -8.244421990536811296e-02 -5.681054745853552079e-01 -8.188156789347406095e-01 -1.697511909436238753e+00 5.762808590392468622e-01 6.431449967840998649e-01 -5.042468419831996895e-01 3.561240343713681922e-01
8.137281288268037871e-01 -5.118088589975734459e-01 2.754962828600608926e-01 -1.526356583568566905e-01 -8.115380412044122249e-02 -5.693737880603109147e-01 -8.180632730612095171e-01 -1.698694217158019937e+00 5.755523982458236043e-01 6.433235195303352860e-01 -5.048507064919302012e-01 3.543181970901700395e-01
8.107850307070089135e-01 -5.138149270703217253e-01 2.803958762364365254e-01 -1.534064232702993524e-01 -7.681679494647077056e-02 -5.682844773603497046e-01 -8.192386239020328365e-01 -1.699164556007379812e+00 5.802816595753349516e-01 6.426872985389499027e-01 -5.002261644049127431e-01 3.539115961310507208e-01
8.091447727950987767e-01 -5.144564143642407217e-01 2.839354724934909369e-01 -1.525779505012255510e-01 -7.440419648341156655e-02 -5.690156684276513888e-01 -8.189537282305981991e-01 -1.696438707560878889e+00 5.828797268576257906e-01 6.415261420071619591e-01 -4.986937672488805373e-01 3.515363522923107831e-01
8.073238880816899776e-01 -5.175744729095639318e-01 2.834516009616118715e-01 -1.528318952124893548e-01 -7.571042786148429737e-02 -5.672156798777949760e-01 -8.200818927243511691e-01 -1.698206147058599402e+00 5.852316446135836792e-01 6.406114614895315196e-01 -4.971125520585802371e-01 3.555861788599871121e-01
8.082814444840829005e-01 -5.159628621058018894e-01 2.836607401407006956e-01 -1.533447198568433922e-01 -7.515727275568898080e-02 -5.682340370136266250e-01 -8.194275088234538318e-01 -1.697619005254795033e+00 5.839798541131632215e-01 6.410088790373382750e-01 -4.980713921395513721e-01 3.552221238136460957e-01
8.077299570875572376e-01 -5.156281705633378731e-01 2.858319617335405294e-01 -1.514338462845324640e-01 -7.407362385371862867e-02 -5.697473014925793500e-01 -8.184748720988640480e-01 -1.697072527384087204e+00 5.848806888305244644e-01 6.399340650970134492e-01 -4.983964099336770093e-01 3.542352814997598576e-01
8.072102770107059122e-01 -5.156551274890310843e-01 2.872479017741040863e-01 -1.519600289915865599e-01 -7.239354461103816862e-02 -5.694566822410417339e-01 -8.188273690369655133e-01 -1.698125641468779978e+00 5.858077687579943404e-01 6.401709733318801110e-01 -4.970013888508339472e-01 3.549278665043927306e-01
8.069638064451595261e-01 -5.161994444422444150e-01 2.869626203721207802e-01 -1.533131392899945988e-01 -7.296678460073870165e-02 -5.692982170117141250e-01 -8.188866736536685176e-01 -1.698066449520674537e+00 5.860761548727763115e-01 6.398731667645621846e-01 -4.970684703272327809e-01 3.550176849934795764e-01
8.081257242865648172e-01 -5.149469098052001925e-01 2.859414025079122235e-01 -1.521092687293771895e-01 -7.498450974412336489e-02 -5.714541084046816932e-01 -8.172010245566906361e-01 -1.693627336332061972e+00 5.842175334470064429e-01 6.389599920376164421e-01 -5.004198080046757813e-01 3.563397363238903215e-01
8.078284887142495041e-01 -5.145047207662379884e-01 2.875726442178210274e-01 -1.520018755456338522e-01 -7.466439525777149311e-02 -5.732881091517326722e-01 -8.159448343676564130e-01 -1.694312691313720531e+00 5.846694464807343783e-01 6.376720449828080506e-01 -5.015336505656468047e-01 3.547927841318277986e-01
8.071190961712596534e-01 -5.143388947291597235e-01 2.898521612559696314e-01 -1.523533101479381813e-01 -7.355957443779063964e-02 -5.747350573248243277e-01 -8.150267572536102900e-01 -1.695977959379122435e+00 5.857881578539053669e-01 6.365022602304567512e-01 -5.017141888981171416e-01 3.570685557972690383e-01
8.068816724842423627e-01 -5.142316200894571088e-01 2.907022606869248404e-01 -1.525322599652276512e-01 -7.442226592845591071e-02 -5.766945358288564361e-01 -8.135629875255456778e-01 -1.694677476879981270e+00 5.860062191271959708e-01 6.348143423651003703e-01 -5.035945344012832114e-01 3.578016218724757724e-01
8.073463151927076087e-01 -5.129277889912364774e-01 2.917139616393226165e-01 -1.502694158106311351e-01 -7.410484534066072437e-02 -5.785852770996879890e-01 -8.122484721306225675e-01 -1.692711799910961545e+00 5.854062106699036150e-01 6.341483986970958275e-01 -5.051291225358195414e-01 3.593439545947402225e-01
8.073179604639605378e-01 -5.116105982839497246e-01 2.940957210037313252e-01 -1.521446423086496302e-01 -7.285146211873642919e-02 -5.809630346482593799e-01 -8.106630620153540967e-01 -1.694603830837599467e+00 5.856025596439862202e-01 6.330375435514061788e-01 -5.062934741566668118e-01 3.576227095866050254e-01
8.055650941055012559e-01 -5.120576500103040107e-01 2.980970395444797472e-01 -1.539022691410806831e-01 -7.002657252690620837e-02 -5.818651915045509604e-01 -8.102648835219130596e-01 -1.692472136776035363e+00 5.883546225558058396e-01 6.318463937974956313e-01 -5.045879295562649691e-01 3.618692484113956720e-01
8.047355968865844700e-01 -5.117306315634957414e-01 3.008859786199302722e-01 -1.535451326524729654e-01 -7.093945046442592939e-02 -5.861211635454079971e-01 -8.071118675482793492e-01 -1.692563377408536240e+00 5.893795072067088414e-01 6.281669628189306964e-01 -5.079744551778145878e-01 3.653274057946471753e-01
8.061641869085870438e-01 -5.091030251855940270e-01 3.015185366048152016e-01 -1.535230704850478189e-01 -6.990515818222269029e-02 -5.879677531364675414e-01 -8.058580566903238429e-01 -1.692372261728399607e+00 5.875479480729359771e-01 6.285762071652427618e-01 -5.095874713165208236e-01 3.655861560019638690e-01
8.060521917586239704e-01 -5.077482858539821287e-01 3.040913463245537574e-01 -1.527516412753498198e-01 -6.852733680502329228e-02 -5.904152985489009575e-01 -8.041851682026691650e-01 -1.692110188994786046e+00 5.878638227859449561e-01 6.273766482652683996e-01 -5.107001826812516132e-01 3.645758268581693606e-01
8.052753030894813646e-01 -5.096386236486466492e-01 3.029854252617352750e-01 -1.530964372551445463e-01 -6.944647372952869602e-02 -5.885803199608732328e-01 -8.054504356516041241e-01 -1.693009167284927896e+00 5.888199082828952102e-01 6.275680761283716214e-01 -5.093617997816174414e-01 3.655477100248356592e-01
8.071655249692952783e-01 -5.081312205835454288e-01 3.004770509139085832e-01 -1.515734279628720149e-01 -6.926291860857569649e-02 -5.870055358900723164e-01 -8.066146073134009553e-01 -1.690257871726397187e+00 5.862477613322029102e-01 6.302595811425140138e-01 -5.090052854150304285e-01 3.719923335300888700e-01
8.079247692501059230e-01 -5.067000338500435852e-01 3.008531991708779940e-01 -1.503321755985238817e-01 -6.706227179378189407e-02 -5.862805051929733668e-01 -8.073275831401930391e-01 -1.689261466758744668e+00 5.854572783825567894e-01 6.320840532718109417e-01 -5.076509967025363279e-01 3.738992970123046211e-01
8.082447410450460668e-01 -5.062361227318056267e-01 3.007747111611573931e-01 -1.499067277341724069e-01 -6.563162299467148464e-02 -5.850504841226225050e-01 -8.083368242342134913e-01 -1.687056608751943632e+00 5.851776900855703012e-01 6.335936547862851542e-01 -5.060890753595825853e-01 3.767527590399332160e-01
8.088778716724809303e-01 -5.067286681848111041e-01 2.982325290974072174e-01 -1.510329017482903435e-01 -6.585695266566934936e-02 -5.821066421817894243e-01 -8.104410611984596002e-01 -1.685513243732287059e+00 5.842768565482170384e-01 6.359071542533013544e-01 -5.042247882461550201e-01 3.818062332513734169e-01
8.121851759178726482e-01 -5.047453707600149109e-01 2.925531742572451410e-01 -1.506622255721336567e-01 -6.607333777486001924e-02 -5.778193254521277744e-01 -8.134858038639544153e-01 -1.678645328519392965e+00 5.796460695292366960e-01 6.413711479999791854e-01 -5.026465007123158690e-01 3.889536157957764750e-01
8.127389491327983162e-01 -5.051939301187572395e-01 2.902317976016884349e-01 -1.482890966925153597e-01 -6.576379619130624798e-02 -5.745041200109081148e-01 -8.158554669578628182e-01 -1.679123039172533138e+00 5.789045926221942917e-01 6.439907706942693544e-01 -5.001453450660673372e-01 3.950710663705608860e-01
8.151005684214147617e-01 -5.039213313949757467e-01 2.857872647769599816e-01 -1.506364956128919963e-01 -6.846999603768896825e-02 -5.736566224078893939e-01 -8.162291019377758694e-01 -1.671251954077100699e+00 5.752590115361322365e-01 6.457409533259731438e-01 -5.020913298258246060e-01 3.996176463162221526e-01
8.166561459961801939e-01 -5.033470412593020749e-01 2.823375238924841768e-01 -1.482335947082090710e-01 -6.992665156121552483e-02 -5.719098868800763791e-01 -8.173306061788553345e-01 -1.673678316314194170e+00 5.728725678913076935e-01 6.477351410915634933e-01 -5.022510996703275499e-01 4.062965859353115938e-01
8.188976873623516894e-01 -5.027065636543681659e-01 2.769344582602216720e-01 -1.474861999891055875e-01 -7.249307813792212063e-02 -5.692465027489712615e-01 -8.189647006219714642e-01 -1.668667149164718477e+00 5.693429008687060922e-01 6.505724693870283959e-01 -5.025973900391988991e-01 4.177433617873858029e-01
8.204348166097982231e-01 -5.010943763054861444e-01 2.753018804482513238e-01 -1.486637106173100131e-01 -7.276001227422024265e-02 -5.691087846991440546e-01 -8.190367231700720341e-01 -1.669508535384955472e+00 5.670914176231794945e-01 6.519352726544642707e-01 -5.033762961200231034e-01 4.273048868158740854e-01
8.209376175684787169e-01 -5.016093700620400941e-01 2.728543242241031619e-01 -1.468065115676274734e-01 -7.593720734663890470e-02 -5.694970084530814880e-01 -8.184782945682653743e-01 -1.670253053194307835e+00 5.659460995219660617e-01 6.511998292266008015e-01 -5.056123299894120793e-01 4.296026445936991234e-01
8.213062318496118230e-01 -5.031946621808741638e-01 2.687958495161499872e-01 -1.487254178442048713e-01 -8.150508264222450228e-02 -5.698335357599718654e-01 -8.177081800553163138e-01 -1.665036462968104036e+00 5.646352799026378433e-01 6.496805969912550216e-01 -5.090207560653793317e-01 4.355152726403792585e-01
8.207405738683071217e-01 -5.048177043914642281e-01 2.674771013532432629e-01 -1.431476501737158347e-01 -8.410855111275027107e-02 -5.698580150402302591e-01 -8.174274280439449702e-01 -1.670329700854941812e+00 5.650758067087948699e-01 6.483987459508264717e-01 -5.101650793485917879e-01 4.405958181209950197e-01
8.193235751034831926e-01 -5.102376681285748505e-01 2.614697065950220001e-01 -1.449378144898779142e-01 -9.233438746282682241e-02 -5.675304779438938851e-01 -8.181586193420877784e-01 -1.666716786866695221e+00 5.658473718959324827e-01 6.461940014444542690e-01 -5.121035816566894550e-01 4.523678521770739813e-01
8.185804664969853484e-01 -5.127444516837391664e-01 2.588805827456681641e-01 -1.439608761278537430e-01 -9.598720802262827867e-02 -5.664782174739237952e-01 -8.184674080230535109e-01 -1.671526375928568342e+00 5.663148307860963460e-01 6.451322107690288243e-01 -5.129249102634964030e-01 4.598377421593554670e-01
8.185670711084219731e-01 -5.130792464177916790e-01 2.582588569287819769e-01 -1.370869152225742404e-01 -9.757509025870737818e-02 -5.672751179936126320e-01 -8.177273644310534273e-01 -1.671478726001853765e+00 5.660627633991510699e-01 6.441650624445758311e-01 -5.144164855935781100e-01 4.631766378876969181e-01
8.202749641479708531e-01 -5.116284711753991132e-01 2.557054775516010570e-01 -1.420029222390538082e-01 -9.950842315400169891e-02 -5.678960448111373127e-01 -8.170631290446137562e-01 -1.663909441585923243e+00 5.632468887341679498e-01 6.447715801796285451e-01 -5.167422500993931189e-01 4.698021917929936508e-01
8.211657640109519818e-01 -5.069739422624550684e-01 2.620385674789150743e-01 -1.406322889905410045e-01 -9.322037034500262054e-02 -5.721531137688752322e-01 -8.148317484845006842e-01 -1.668613198755269256e+00 5.630246458507971452e-01 6.446846032341169153e-01 -5.170928472886759941e-01 4.890700229388887932e-01
8.215013708538223547e-01 -5.060878370647657887e-01 2.626987142095040251e-01 -1.402259961497959173e-01 -9.180266039074308493e-02 -5.720862017714515302e-01 -8.150396749228826510e-01 -1.675108565184268539e+00 5.627679714955673429e-01 6.454397734919871121e-01 -5.164298062227778985e-01 4.993577834689424400e-01
8.238292875650711222e-01 -5.028186660236114713e-01 2.616843494155006167e-01 -1.439594729410481888e-01 -9.343680962486981822e-02 -5.758027461097442457e-01 -8.122319661944059632e-01 -1.667039188414902728e+00 5.590839594521557210e-01 6.446895325358902307e-01 -5.213449372952403404e-01 5.032838398858517914e-01
8.300319818343475653e-01 -4.963827042056107586e-01 2.542658788380537938e-01 -1.379628598325619848e-01 -9.628964717939456075e-02 -5.766050582983648365e-01 -8.113291170404899333e-01 -1.673599926800478199e+00 5.493407280813934479e-01 6.489459477183401326e-01 -5.263971518110210912e-01 5.234700549646296164e-01
8.335791427011914889e-01 -4.907417756180981749e-01 2.536105601359759376e-01 -1.339066743471638843e-01 -9.570994874394772589e-02 -5.804698328264583651e-01 -8.086373534183308731e-01 -1.672412190318276703e+00 5.440454118955043716e-01 6.497901764477055364e-01 -5.308364168570490760e-01 5.257303694392170268e-01
8.362848529591982993e-01 -4.877737009668970947e-01 2.504085857449983021e-01 -1.340733525708555640e-01 -9.646147436807378517e-02 -5.804679267769062845e-01 -8.085494218423772139e-01 -1.670099638688916865e+00 5.397432969697266714e-01 6.520228525720916934e-01 -5.324879054050967175e-01 5.322542909125187460e-01
8.389691342255291007e-01 -4.851986223135490994e-01 2.464002582858705048e-01 -1.347802313190016865e-01 -9.938473005990329512e-02 -5.817932828013454571e-01 -8.072417539114634666e-01 -1.666479613503836443e+00 5.350266024522429831e-01 6.527624918466019555e-01 -5.363279411221005821e-01 5.400156009918923861e-01
8.433227985872688848e-01 -4.787165508988228124e-01 2.442071496316682855e-01 -1.347957772399858978e-01 -9.886904521627855325e-02 -5.848663086242001929e-01 -8.050815673164084529e-01 -1.666580556829633242e+00 5.282344020675491247e-01 6.547991155588922529e-01 -5.405613387031321659e-01 5.484749094842751305e-01
8.495529171592057782e-01 -4.690174138866551323e-01 2.414177200500538523e-01 -1.287389696655947269e-01 -9.667050055234824302e-02 -5.883378300414247031e-01 -8.028159361140873029e-01 -1.675877296805490246e+00 5.185698290265103871e-01 6.586966510131092578e-01 -5.451642664692216700e-01 5.654237171047941102e-01
8.520852601573428720e-01 -4.645715789253871963e-01 2.410890942521260460e-01 -1.290495191490250715e-01 -9.614219287073839937e-02 -5.917049908015182824e-01 -8.004010696993423268e-01 -1.674869221561213983e+00 5.144972108067400463e-01 6.588311179320830435e-01 -5.488480323385866999e-01 5.674098519407194674e-01
8.547473223443060597e-01 -4.602084555338550875e-01 2.400316428568162186e-01 -1.290289747073090354e-01 -9.559619566235966204e-02 -5.941183963924356881e-01 -7.986768393088713447e-01 -1.672383310632603592e+00 5.101650502479924132e-01 6.597207772007541715e-01 -5.518152864741633357e-01 5.776976684201031720e-01
8.569491480022757290e-01 -4.575178637203377030e-01 2.373090198681518659e-01 -1.291214028025362281e-01 -9.818116644213940869e-02 -5.969151310126359355e-01 -7.962743245491654687e-01 -1.676542492442352206e+00 5.059630699957751165e-01 6.590673298860005858e-01 -5.564455490850974684e-01 5.800401618773441959e-01
8.595127095124255323e-01 -4.530102102617312165e-01 2.366847010186572953e-01 -1.261229571542470118e-01 -9.633112201925987661e-02 -5.983557045671528130e-01 -7.954186061399589613e-01 -1.677731890837593332e+00 5.019543921852022139e-01 6.608722975605213490e-01 -5.579333153242779231e-01 5.815394774208898498e-01
8.628799959273305564e-01 -4.472608266036092184e-01 2.353632823430909238e-01 -1.284203583747767219e-01 -9.339252872759928881e-02 -5.987725824965915988e-01 -7.954553703571548562e-01 -1.676517258983768910e+00 4.967051042531910876e-01 6.644013568748553533e-01 -5.584397018003918189e-01 5.895138108627603346e-01
8.665071041391847473e-01 -4.432170327855224357e-01 2.296173019441863639e-01 -1.175683974068605087e-01 -9.393437443547375532e-02 -5.965701807681940139e-01 -7.970447679649783623e-01 -1.688049378301733849e+00 4.902466508769262599e-01 6.690759974067390647e-01 -5.585656137098840013e-01 5.972420360223665847e-01
8.719206293873963398e-01 -4.387121389736069466e-01 2.174536411192989349e-01 -1.240193971275660723e-01 -9.859339049833265589e-02 -5.923098595745784900e-01 -7.996551729578965650e-01 -1.681484300401840493e+00 4.796183634081634950e-01 6.757963528362715966e-01 -5.597013010196104643e-01 6.041039737918212360e-01
8.757220361342614723e-01 -4.336205326166109875e-01 2.123302892242268369e-01 -1.214633665445934430e-01 -9.910027402182851330e-02 -5.918431808219504209e-01 -7.999379916653157618e-01 -1.680825249178498071e+00 4.725357708787213395e-01 6.794813376953295903e-01 -5.612620285592523350e-01 6.100526176058240768e-01
8.793339879711576934e-01 -4.282732191615933326e-01 2.082157446588122074e-01 -1.187886115802707365e-01 -9.737061540934846549e-02 -5.897027815036621767e-01 -8.017291392616058276e-01 -1.683159019432241221e+00 4.661445200214771045e-01 6.847135885111604869e-01 -5.602469240356491298e-01 6.140800131901192893e-01
8.822217933585344563e-01 -4.240176207370197625e-01 2.046796373671861125e-01 -1.182976946342947089e-01 -9.625908468899310733e-02 -5.879657634071533412e-01 -8.031378616883048105e-01 -1.679263264159690738e+00 4.608892282609950430e-01 6.888434472409219467e-01 -5.595317600103403288e-01 6.185955244009854193e-01
8.845812468091670544e-01 -4.203634857917989964e-01 2.020162737081536986e-01 -1.207490903017706674e-01 -9.526154265310933511e-02 -5.868710259794011064e-01 -8.040570121251178204e-01 -1.675794852457421769e+00 4.565537000190589834e-01 6.920093770350342899e-01 -5.591795752542748632e-01 6.243856058249922514e-01
8.859064487409510358e-01 -4.168758590468764069e-01 2.034312693760113588e-01 -1.134830801120886301e-01 -9.151338602268839495e-02 -5.870104306584494891e-01 -8.043904850103175130e-01 -1.678479834140913507e+00 4.547472517943664805e-01 6.939980334687533281e-01 -5.581860475420101775e-01 6.317120637530480032e-01
8.897553448684507593e-01 -4.129651546390432082e-01 1.944099113265883583e-01 -1.134653960189953847e-01 -9.587381836285140124e-02 -5.855177682397195715e-01 -8.049702915295881001e-01 -1.673998755970203867e+00 4.462551359534064899e-01 6.975878005348823407e-01 -5.605601090140616138e-01 6.369222966813180564e-01
8.907274396815320072e-01 -4.113436938611537141e-01 1.933933638973305280e-01 -1.122740833545344818e-01 -9.490026156803828272e-02 -5.843931423188061247e-01 -8.059023478076521307e-01 -1.678195117098645772e+00 4.445206044668034706e-01 6.994862539356203612e-01 -5.595716316503543952e-01 6.419170864949075295e-01
8.904557602182872067e-01 -4.115982856730671102e-01 1.941014920780164132e-01 -1.128882407731193471e-01 -9.382891549671179554e-02 -5.834268828389952422e-01 -8.067274658233510864e-01 -1.676922681246344693e+00 4.452916708287457115e-01 7.001427860743242304e-01 -5.581356494300062643e-01 6.439613947436276797e-01
8.890398844537760192e-01 -4.140827875238335398e-01 1.953036749693076168e-01 -1.113295027146679883e-01 -9.301871916361034720e-02 -5.810578578634225666e-01 -8.085290808922679373e-01 -1.678183929410977715e+00 4.482807119226572823e-01 7.006477020232582120e-01 -5.551010618925309448e-01 6.505072428201305046e-01
8.882523874959235011e-01 -4.162037743978205806e-01 1.943762167255628504e-01 -1.163541041581289959e-01 -9.608908067988673751e-02 -5.821401089708438947e-01 -8.073907235120483250e-01 -1.672818970343746603e+00 4.491932587762960671e-01 6.984893056495389274e-01 -5.570799798163607042e-01 6.536363376880366394e-01
8.870392581247178443e-01 -4.163946914188987880e-01 1.994412635198407890e-01 -1.138399706602431505e-01 -9.373951968651650368e-02 -5.854083216587326888e-01 -8.053011887419618819e-01 -1.673605716529874110e+00 4.520777145737900904e-01 6.956382413382037333e-01 -5.583128013882859841e-01 6.557469800626622991e-01
8.850143595352815140e-01 -4.192970000884599924e-01 2.023353848520716702e-01 -1.125460580413791267e-01 -9.364958973891919503e-02 -5.860514268333268939e-01 -8.048437591325032781e-01 -1.672330002128865178e+00 4.560475151524078230e-01 6.933496579231551715e-01 -5.579309203944287088e-01 6.564216967305498418e-01
8.808778078185651728e-01 -4.232469737157620315e-01 2.119346059948458427e-01 -1.132945339289497533e-01 -9.030173663978202647e-02 -5.897792789608689024e-01 -8.024998295922771696e-01 -1.672777382993421824e+00 4.646502665782895058e-01 6.877662252291320000e-01 -5.577434165363761576e-01 6.664318868920383609e-01
8.780024163693788131e-01 -4.257149214256131242e-01 2.188117148765332254e-01 -1.095075075162068312e-01 -8.798579366575867700e-02 -5.928902571725889192e-01 -8.004621488669018126e-01 -1.672308913062084956e+00 4.705000134670497824e-01 6.835553795104506447e-01 -5.580159431061121333e-01 6.691719891399418030e-01
8.751727474463537604e-01 -4.296697444544259059e-01 2.223883222293476514e-01 -1.116376987683337652e-01 -8.875710568635761244e-02 -5.944460528728707782e-01 -7.992221543387305616e-01 -1.670624683230053975e+00 4.755994412820406803e-01 6.797189031092412126e-01 -5.583792292072410346e-01 6.755310798362442748e-01
8.716525416721014885e-01 -4.323383954828498577e-01 2.308795243448920620e-01 -1.073242378551871323e-01 -8.683784014841187948e-02 -5.998378360179812407e-01 -7.953953438143165355e-01 -1.673700877366855577e+00 4.823702220033100341e-01 6.732592929886030975e-01 -5.603935073212359397e-01 6.772503211435397796e-01
8.683468621970799051e-01 -4.365313954028564591e-01 2.354019301962802235e-01 -1.024888013708448453e-01 -8.676753792364487461e-02 -6.010353565059917136e-01 -7.944985188512621033e-01 -1.676063874931255748e+00 4.883084298430747650e-01 6.694750501927754227e-01 -5.597839201628788119e-01 6.816942150032339054e-01
8.655176633314897172e-01 -4.405459053743469577e-01 2.383243348885525359e-01 -1.006462455175977377e-01 -9.039628083200162978e-02 -6.053889846213589276e-01 -7.907798084540105243e-01 -1.669957382885778774e+00 4.926537313616166092e-01 6.628902606177519141e-01 -5.637985695353611160e-01 6.864540110570341858e-01
8.602900795052591532e-01 -4.428145282106027980e-01 2.526188387569217042e-01 -9.030843174538841223e-02 -8.635279267948683946e-02 -6.149317488565655410e-01 -7.838380875115351643e-01 -1.677696708082498489e+00 5.024382360380460488e-01 6.525137895082540052e-01 -5.672579536439663617e-01 6.954798457034730985e-01
8.565621148770444782e-01 -4.472368233629954726e-01 2.574501012233946784e-01 -8.065710230075701093e-02 -8.766367328577898133e-02 -6.177486833851169035e-01 -7.814740081379369929e-01 -1.682794186668139735e+00 5.085434169310472097e-01 6.468120048158598756e-01 -5.683465430393128681e-01 7.009479650574663712e-01
8.554560917115258123e-01 -4.476807595646300486e-01 2.603398232683044600e-01 -7.830072887581146501e-02 -8.726470644578056268e-02 -6.201295438998761789e-01 -7.796308331877325193e-01 -1.686514327586769779e+00 5.104701369718104287e-01 6.442214696427289722e-01 -5.695603247034562999e-01 7.025476252829280233e-01
8.536022170367468798e-01 -4.491464661920915313e-01 2.638763068528703903e-01 -7.297343504183775864e-02 -8.788333807358260363e-02 -6.234572037695186308e-01 -7.769025882104830805e-01 -1.683854781005684753e+00 5.134586368477177531e-01 6.399754406777209415e-01 -5.716569423001105488e-01 7.097036742680268295e-01
8.509802639367062271e-01 -4.533367242582856949e-01 2.651761716265253477e-01 -6.332452767247503944e-02 -9.278591390922666382e-02 -6.267361479346187370e-01 -7.736876444278848464e-01 -1.687272809353514313e+00 5.169365152842877453e-01 6.337883018052266060e-01 -5.754033552179464994e-01 7.090713870173951383e-01
8.494276597538867879e-01 -4.565427961028835635e-01 2.646532204751487760e-01 -5.736989337246257287e-02 -9.681625377777415553e-02 -6.278304939156149622e-01 -7.723053056808895089e-01 -1.688521235647535645e+00 5.187477856147606481e-01 6.303947552752242611e-01 -5.774973502519833435e-01 7.111156759589404297e-01
8.470294091066448150e-01 -4.584348156982041567e-01 2.690328815106454163e-01 -4.102303032118697484e-02 -9.721049191625437402e-02 -6.311970897382485068e-01 -7.695065581620017525e-01 -1.689549970404425006e+00 5.225813709037018251e-01 6.256418646022985364e-01 -5.792071730191923340e-01 7.166950761709071083e-01
8.451490776239215519e-01 -4.612327862685679514e-01 2.701617349438361626e-01 -3.365281314060380308e-02 -9.896363388525034055e-02 -6.316964265084461516e-01 -7.688730949476113574e-01 -1.687720515656691678e+00 5.252896802981140700e-01 6.230762021405022999e-01 -5.795229235150283209e-01 7.214174967203808020e-01
8.439010239212501041e-01 -4.628039428410984368e-01 2.713734777206690540e-01 -2.787138136298187435e-02 -1.005821269033172344e-01 -6.333349497852017729e-01 -7.673135390562819680e-01 -1.686901558683946423e+00 5.269860408966369203e-01 6.202413579077450390e-01 -5.810218185905134947e-01 7.236065673746839844e-01
8.439467059663194881e-01 -4.641135346049953814e-01 2.689843458761872474e-01 -2.433048412270897437e-02 -1.041808224826290680e-01 -6.336990042678182222e-01 -7.665324001708988533e-01 -1.684540866990151375e+00 5.262131751715304340e-01 6.188894823178836546e-01 -5.831599178545401330e-01 7.252742831502745346e-01
8.440117873883064004e-01 -4.637454942555969128e-01 2.694145724638009054e-01 -1.498929777865993379e-02 -1.041070316559556119e-01 -6.344420054134677356e-01 -7.659275804136915777e-01 -1.685187319281565399e+00 5.261233876612044780e-01 6.184039530010690955e-01 -5.837556988793538570e-01 7.326387504497130498e-01
8.434169855919477765e-01 -4.664140238319730014e-01 2.666566276386451717e-01 5.401156204676085815e-04 -1.091737490681056744e-01 -6.347587738548223779e-01 -7.649590866493938268e-01 -1.686805532413594433e+00 5.260502772763396839e-01 6.160675856772270809e-01 -5.862864976997561595e-01 7.388097969468701010e-01
8.446482708038868248e-01 -4.654130736431643656e-01 2.644994859524654740e-01 8.177974415583454115e-03 -1.109538049662467107e-01 -6.355693779474044236e-01 -7.640293382015841406e-01 -1.685279392450112379e+00 5.236970143765937724e-01 6.159888370533471713e-01 -5.884719261729244311e-01 7.390115705851695305e-01
8.450706263858906997e-01 -4.651369240149784146e-01 2.636347774654008158e-01 1.556028298827252798e-02 -1.119000406186664853e-01 -6.360440255880502880e-01 -7.634961691376619397e-01 -1.681766121568103012e+00 5.228135805788066692e-01 6.157074478678988827e-01 -5.895509611408925599e-01 7.409003479685731808e-01
8.439948483249348765e-01 -4.665331794984602931e-01 2.646119651038839060e-01 2.631243069248444949e-02 -1.115178600738940679e-01 -6.352137935347692554e-01 -7.642428985033066224e-01 -1.684233813825918968e+00 5.246298386507101119e-01 6.155081099962078639e-01 -5.881439506061676425e-01 7.440130606687130888e-01
8.446009929591432597e-01 -4.677933287031683096e-01 2.604199689354818603e-01 3.790291691099630794e-02 -1.136782798577528897e-01 -6.320022948842999311e-01 -7.665835523628842241e-01 -1.682012155715068014e+00 5.231886907021499056e-01 6.178531343791305863e-01 -5.869677073932113576e-01 7.517541897581716537e-01
8.454090021088905837e-01 -4.687302225399026523e-01 2.560772950904987022e-01 4.679205435065270785e-02 -1.171331354703880057e-01 -6.304693328223854865e-01 -7.673253726945321596e-01 -1.679856036807941599e+00 5.211174783562092516e-01 6.187086368650450696e-01 -5.879082929082500852e-01 7.532810122078333892e-01
8.465664650226916166e-01 -4.671019490104930116e-01 2.552273320776873300e-01 5.341909990025029559e-02 -1.164356668257520711e-01 -6.303903943580958513e-01 -7.674963766422646660e-01 -1.676164603060140035e+00 5.193919115180994917e-01 6.200191302762918522e-01 -5.880546943973460339e-01 7.585378242784890368e-01
8.469122297474374061e-01 -4.651656154484228867e-01 2.576055660079270004e-01 6.306763909269953727e-02 -1.132889705532912905e-01 -6.311918920455257265e-01 -7.673085478458769870e-01 -1.678873475310234564e+00 5.195240969227500338e-01 6.206591243626075061e-01 -5.872622660340148792e-01 7.604993204541995455e-01
8.451476903090132664e-01 -4.688198301044897431e-01 2.567748913131928101e-01 7.731631879411800246e-02 -1.151347817787689298e-01 -6.287569840667808219e-01 -7.690309696374283410e-01 -1.677648632967198683e+00 5.219859757140329348e-01 6.203810257536405137e-01 -5.853699822775391137e-01 7.645153917651074105e-01
8.450832969652122273e-01 -4.703659022522764244e-01 2.541458777557112914e-01 8.042129683564802622e-02 -1.179954855899806310e-01 -6.277333680104481006e-01 -7.694334723599876025e-01 -1.674499579828273355e+00 5.214511204216683016e-01 6.202473062293955008e-01 -5.859880393169751844e-01 7.684942203179797593e-01
8.447685441849503984e-01 -4.703786101199347591e-01 2.551667375378398051e-01 9.039302286431642741e-02 -1.172088370466592422e-01 -6.278903217281680549e-01 -7.694256459563169059e-01 -1.675402525187174696e+00 5.221380924167771109e-01 6.200787846900071010e-01 -5.855545238513132356e-01 7.689794766298659878e-01
8.444553396476490725e-01 -4.713102068275055734e-01 2.544835200951417464e-01 9.466415635705227594e-02 -1.178720509577546732e-01 -6.269871077456590225e-01 -7.700606067922016740e-01 -1.673011199156499984e+00 5.224953117453714491e-01 6.202852951698943906e-01 -5.850169128019100384e-01 7.701274877063906121e-01
8.432738176114380479e-01 -4.746440580922083874e-01 2.521949468597375343e-01 1.074014146029469152e-01 -1.195826523162979715e-01 -6.231345434820921847e-01 -7.729187124239859097e-01 -1.671378191774655519e+00 5.240126560778303189e-01 6.216239739021355293e-01 -5.822322399420774008e-01 7.769267035174198810e-01
8.448318873302562704e-01 -4.723200748629501899e-01 2.513420585615104286e-01 1.102396627424561681e-01 -1.184449245448942617e-01 -6.232206261376673773e-01 -7.730244839827394854e-01 -1.668414209920689339e+00 5.217565368846457385e-01 6.233055429579121842e-01 -5.824605731944434428e-01 7.787639682156934917e-01
8.438992923701318372e-01 -4.732023117074130036e-01 2.528113097110839536e-01 1.189116739170462400e-01 -1.161644034052442959e-01 -6.212076070245742265e-01 -7.749883500732117625e-01 -1.671419461549917163e+00 5.237745870539062265e-01 6.246444457251486559e-01 -5.792059239082243405e-01 7.847652705708990650e-01
8.436003964078335748e-01 -4.728801434746663368e-01 2.544066410413692858e-01 1.265880212128814020e-01 -1.125538523995024132e-01 -6.189761856578362975e-01 -7.773030998793177826e-01 -1.667040089738724973e+00 5.250428542261784681e-01 6.270987551221745004e-01 -5.753930378047623639e-01 7.913827495550185276e-01
8.442083872124342969e-01 -4.706059646007653141e-01 2.565974140068885134e-01 1.293572782884024885e-01 -1.091939327802461390e-01 -6.196657375456346983e-01 -7.772329569488337642e-01 -1.668404038656842836e+00 5.247750891957969621e-01 6.281277022828092305e-01 -5.745143277172162222e-01 7.978896231561000141e-01
8.445743241415877289e-01 -4.699161997429814885e-01 2.566572891929151945e-01 1.351865941666466342e-01 -1.099946496746861818e-01 -6.213859703855905137e-01 -7.757452136673417264e-01 -1.667648230654933172e+00 5.240184846103858041e-01 6.269435578562566613e-01 -5.764949056742665334e-01 7.979589335573191722e-01
8.464919380101041391e-01 -4.662965001787058861e-01 2.569416000119890131e-01 1.425758473459354247e-01 -1.076321145771407806e-01 -6.225252145216869648e-01 -7.751630169800033388e-01 -1.666247683544509695e+00 5.214084232419332610e-01 6.285140800240012204e-01 -5.771510516173612437e-01 8.062755368426361979e-01
8.472293224362594799e-01 -4.661824432971425902e-01 2.547084646371280403e-01 1.434708688952545663e-01 -1.099303397499230978e-01 -6.229489481510716020e-01 -7.744997899067185276e-01 -1.664725388300436482e+00 5.197285752505278467e-01 6.281787434659616975e-01 -5.790282100768694429e-01 8.052456381035230093e-01
8.472408633872113848e-01 -4.662940736749695003e-01 2.544656186831474876e-01 1.470553694641440201e-01 -1.096326573596060061e-01 -6.222067619987541320e-01 -7.751383222837935350e-01 -1.663194087316145042e+00 5.197726359441141586e-01 6.288311181269086170e-01 -5.782800534696949102e-01 8.108771255231128627e-01
8.477307239881396450e-01 -4.653918010070250966e-01 2.544859268120394091e-01 1.517106635712936191e-01 -1.090352577874641876e-01 -6.224245510095294254e-01 -7.750477308270197208e-01 -1.661052899607177391e+00 5.190991491424467030e-01 6.292838342852319355e-01 -5.783925309144686278e-01 8.124101189670289713e-01
8.517663898381507837e-01 -4.610036160726296295e-01 2.489371289371857532e-01 1.505284209919150740e-01 -1.119285953480138318e-01 -6.242876781278052789e-01 -7.731344644209126038e-01 -1.654906247914453843e+00 5.118261630780939209e-01 6.306667712742716203e-01 -5.833467472347247940e-01 8.167051834503434860e-01
8.543919832705326733e-01 -4.569746497297242360e-01 2.473631169251294670e-01 1.509565652990569884e-01 -1.112021582629190708e-01 -6.258056816361370345e-01 -7.720112262110827572e-01 -1.652200753856259752e+00 5.075908028334011890e-01 6.320928910020339186e-01 -5.854999242899647793e-01 8.212441394570357822e-01
8.563496239372233587e-01 -4.538243649593654561e-01 2.463915043501113122e-01 1.544294700523001773e-01 -1.098571706596889741e-01 -6.263177713919506617e-01 -7.717884814590459941e-01 -1.653296225339599301e+00 5.045757937623013278e-01 6.338529038395801507e-01 -5.862028477601858301e-01 8.240246461222204832e-01
8.625891731107175886e-01 -4.470219607473350232e-01 2.368782078766542287e-01 1.567181529330430867e-01 -1.121710241998978563e-01 -6.255679054775435954e-01 -7.720637651582591410e-01 -1.647262576210408724e+00 4.933128623858630268e-01 6.394029736723338964e-01 -5.897510134349093214e-01 8.299620159351220883e-01
8.661298657605979168e-01 -4.431567128665113708e-01 2.311518548227111669e-01 1.590852881524152940e-01 -1.127351606058556582e-01 -6.237642431104614138e-01 -7.734396853776102088e-01 -1.646781622246458632e+00 4.869392513641248033e-01 6.438402684782161822e-01 -5.902201839229741509e-01 8.353407448748007003e-01
8.693419598902937251e-01 -4.413679028401214510e-01 2.223486610728952761e-01 1.593365910874914582e-01 -1.171799995264111161e-01 -6.211624470466300396e-01 -7.748716378986361120e-01 -1.643768938823150449e+00 4.801181094749263356e-01 6.475736112510065423e-01 -5.917220704785954855e-01 8.371636149764644097e-01
8.790074993544744197e-01 -4.266674472446391198e-01 2.128396131728609586e-01 1.641252517241917341e-01 -1.115276327394166683e-01 -6.179844310993825029e-01 -7.782395654291976994e-01 -1.636524960577371068e+00 4.635810575005828160e-01 6.603409148546142138e-01 -5.907981605508298983e-01 8.416169634493561036e-01
8.817089011544132493e-01 -4.249071823102801293e-01 2.050446242917431106e-01 1.697276506835708743e-01 -1.138419672512471087e-01 -6.133740493183938991e-01 -7.815448022017132956e-01 -1.635326364459911197e+00 4.578530519835478652e-01 6.657523247619560047e-01 -5.891896289248811369e-01 8.425545567617076514e-01
8.862150894623430641e-01 -4.243279988036234851e-01 1.859262320768636512e-01 1.638483815294937140e-01 -1.265271385008762683e-01 -6.077642478032366791e-01 -7.839728951852752425e-01 -1.625345222709299708e+00 4.456609666795434133e-01 6.712438950542933824e-01 -5.922988548965542055e-01 8.485705062739703486e-01
8.924972322657122037e-01 -4.178933666122152113e-01 1.697463368913224857e-01 1.630785266205588002e-01 -1.370374227924469335e-01 -6.097658931287497364e-01 -7.806447890972708636e-01 -1.617978066028789463e+00 4.297318084617073319e-01 6.734617112090131030e-01 -6.014814032588839954e-01 8.479917498595697101e-01
9.025425886673187348e-01 -4.010589650441623855e-01 1.567436831753594162e-01 1.743393041907693175e-01 -1.369690223243538729e-01 -6.124977687080884747e-01 -7.785152344655122958e-01 -1.618938932407747000e+00 4.082356704015450144e-01 6.811741259969266160e-01 -6.077379760553924815e-01 8.555789940511741021e-01
9.044574209506233142e-01 -3.958216658917415587e-01 1.590030887314197727e-01 1.755153408566801354e-01 -1.327802055468385312e-01 -6.154822896853300307e-01 -7.768854274254221037e-01 -1.617070403751757146e+00 4.053716693465779231e-01 6.815473271676307787e-01 -6.092348065889191533e-01 8.579211318936341701e-01
9.049279355351436127e-01 -3.915656473481149424e-01 1.666786578729781421e-01 1.799625554739701649e-01 -1.261188699687517678e-01 -6.208256511098840802e-01 -7.737373848499334850e-01 -1.616375230799343088e+00 4.064473664206400549e-01 6.791552502404984981e-01 -6.111862918130318567e-01 8.580529842514110772e-01
9.047016595231430758e-01 -3.932344702103426903e-01 1.639559603049269565e-01 1.825833066601663668e-01 -1.298475060222952782e-01 -6.210178802176989921e-01 -7.729659842832273808e-01 -1.617713293040172751e+00 4.057764530782366208e-01 6.780143356182352088e-01 -6.128964224481415757e-01 8.557439693560936478e-01
9.072890276484837369e-01 -3.914826035572650520e-01 1.535187078272086669e-01 1.822804955385735337e-01 -1.347249278966698716e-01 -6.164541526438480634e-01 -7.757792713987301525e-01 -1.616440085592361964e+00 3.983413327314518360e-01 6.831732247397155344e-01 -6.120445537526599811e-01 8.578296635765818579e-01
9.080806763234291479e-01 -3.893781050277143607e-01 1.541887634036320232e-01 1.847330656150577566e-01 -1.310194036746108737e-01 -6.138273305429433613e-01 -7.784920800224373050e-01 -1.617431352272796330e+00 3.977730489011290782e-01 6.867318940782365377e-01 -6.084208250133003038e-01 8.582630804778953459e-01
9.070718369180712504e-01 -3.915845865568770567e-01 1.545386398826877061e-01 1.869653805513960265e-01 -1.302929156231752150e-01 -6.102114932644134848e-01 -7.814510097591719218e-01 -1.615081031583230464e+00 4.003054263600440699e-01 6.886969118917301014e-01 -6.045263582934043978e-01 8.579228814337849229e-01
9.062898888440616973e-01 -3.933145644805875474e-01 1.547329772666690140e-01 1.848106422857010156e-01 -1.307294608570767069e-01 -6.090025982916278391e-01 -7.823206846839998452e-01 -1.614562756806644073e+00 4.019309027408859425e-01 6.887811688614118300e-01 -6.033506972615759745e-01 8.623161110201945645e-01
9.047252482342816871e-01 -3.946323289755506725e-01 1.604292596283130867e-01 1.896812208454985438e-01 -1.290470353619688759e-01 -6.127940390279922322e-01 -7.796347353371251288e-01 -1.616285508647841596e+00 4.059791667240784108e-01 6.846523081971793712e-01 -6.053363718072024557e-01 8.593139466851749120e-01
9.025789111962200240e-01 -3.969099627703882582e-01 1.667746758423502007e-01 1.917906632905948261e-01 -1.263707781421375131e-01 -6.145583565292153105e-01 -7.786837985942519635e-01 -1.615740154074734036e+00 4.115601272784475961e-01 6.817481301766585844e-01 -6.048452327303105447e-01 8.562216820448173005e-01
9.000692343992822142e-01 -3.988009136159779144e-01 1.755938599783320175e-01 1.944321397869948898e-01 -1.204011164231300890e-01 -6.148952361934213462e-01 -7.793634693048753226e-01 -1.617804643441268286e+00 4.187826920012835963e-01 6.803393840763463096e-01 -6.014643598864336527e-01 8.550480668957746166e-01
8.962737389108326180e-01 -4.056022459567986127e-01 1.793884079580544133e-01 1.964438220800009127e-01 -1.218499777554507973e-01 -6.141209128405776818e-01 -7.797487301501352386e-01 -1.619666749786046633e+00 4.264340099701106612e-01 6.770098356214512281e-01 -5.998430717585782057e-01 8.505250143863825052e-01
