6.039009690284729004e-01 2.274620532989501953e-02 7.965704202651977539e-01 4.525441360473632812e+01 -1.585665941238403320e-01 9.832421541213989258e-01 9.216618537902832031e-02 2.966711997985839844e+00 -7.811723351478576660e-01 -1.823807060718536377e-01 5.973224639892578125e-01 1.041901779174804688e+01
6.020927429199218750e-01 2.175386250019073486e-02 7.979459762573242188e-01 4.521983718872070312e+01 -1.584372520446777344e-01 9.832261800765991211e-01 9.252804517745971680e-02 2.987619876861572266e+00 -7.823644876480102539e-01 -1.820945441722869873e-01 5.953736901283264160e-01 1.035529518127441406e+01
5.923271775245666504e-01 2.084523439407348633e-02 8.053305149078369141e-01 4.534363174438476562e+01 -1.596217155456542969e-01 9.831514358520507812e-01 9.174025058746337891e-02 3.006601333618164062e+00 -7.897911071777343750e-01 -1.826670765876770020e-01 5.857654213905334473e-01 1.043457317352294922e+01
5.633124113082885742e-01 1.820762455463409424e-02 8.261417150497436523e-01 4.510642242431640625e+01 -1.489671468734741211e-01 9.855195879936218262e-01 7.982015609741210938e-02 3.021531343460083008e+00 -8.126993179321289062e-01 -1.682233065366744995e-01 5.580008625984191895e-01 1.054592609405517578e+01
5.547217130661010742e-01 3.835369646549224854e-02 8.312702178955078125e-01 4.415023803710937500e+01 -1.729676723480224609e-01 9.822441935539245605e-01 7.019554078578948975e-02 2.854118824005126953e+00 -8.137875199317932129e-01 -1.827928274869918823e-01 5.512152910232543945e-01 1.007299041748046875e+01
6.120825409889221191e-01 5.979055166244506836e-02 7.886673212051391602e-01 4.266906738281250000e+01 -1.910652518272399902e-01 9.787110686302185059e-01 7.391357421875000000e-02 2.955466985702514648e+00 -7.675141096115112305e-01 -1.958312988281250000e-01 6.102976202964782715e-01 1.005198955535888672e+01
6.057851314544677734e-01 9.792858362197875977e-02 7.896121144294738770e-01 4.112115097045898438e+01 -1.814781427383422852e-01 9.829448461532592773e-01 1.746708154678344727e-02 2.772219896316528320e+00 -7.744527459144592285e-01 -1.539342999458312988e-01 6.134259700775146484e-01 9.107325553894042969e+00
6.281570196151733398e-01 1.147887706756591797e-01 7.695871591567993164e-01 3.948531723022460938e+01 -2.008168697357177734e-01 9.791471958160400391e-01 1.790046691894531250e-02 3.071770429611206055e+00 -7.517922520637512207e-01 -1.657736003398895264e-01 6.379678845405578613e-01 9.454320907592773438e+00
6.459405422210693359e-01 9.715038537979125977e-02 7.573578357696533203e-01 3.748849868774414062e+01 -2.217310070991516113e-01 9.729858040809631348e-01 6.419774144887924194e-02 3.423235893249511719e+00 -7.305316329002380371e-01 -2.095134109258651733e-01 6.501353979110717773e-01 9.977231979370117188e+00
6.042187213897705078e-01 7.443201541900634766e-02 7.933681011199951172e-01 3.632182693481445312e+01 -1.563424468040466309e-01 9.870885014533996582e-01 2.648329734802246094e-02 2.368610620498657227e+00 -7.813937067985534668e-01 -1.400961577892303467e-01 6.081116795539855957e-01 8.225709915161132812e+00
6.287063956260681152e-01 7.097876071929931641e-02 7.744957804679870605e-01 3.495798492431640625e+01 -1.850975751876831055e-01 9.808280467987060547e-01 6.023091077804565430e-02 2.660073518753051758e+00 -7.554224133491516113e-01 -1.808696240186691284e-01 6.299639940261840820e-01 8.647108078002929688e+00
6.655184030532836914e-01 1.200234889984130859e-02 7.465657591819763184e-01 3.265616226196289062e+01 -1.378695964813232422e-01 9.848845005035400391e-01 1.067793369293212891e-01 2.550352811813354492e+00 -7.335764169692993164e-01 -1.736776828765869141e-01 6.568531990051269531e-01 7.875466823577880859e+00
6.162288188934326172e-01 4.181945323944091797e-02 7.863744497299194336e-01 3.114542961120605469e+01 -1.532415151596069336e-01 9.861762523651123047e-01 6.707230210304260254e-02 2.387775421142578125e+00 -7.725947499275207520e-01 -1.615702807903289795e-01 6.142063140869140625e-01 7.432028770446777344e+00
6.490602493286132812e-01 5.170226097106933594e-02 7.588465809822082520e-01 2.964561843872070312e+01 -1.680632829666137695e-01 9.828112125396728516e-01 7.670199871063232422e-02 2.280861139297485352e+00 -7.417962551116943359e-01 -1.772276163101196289e-01 6.467069983482360840e-01 7.049297809600830078e+00
6.255469918251037598e-01 4.435688257217407227e-02 7.790029644966125488e-01 2.818481445312500000e+01 -1.520305871963500977e-01 9.862924814224243164e-01 6.606271862983703613e-02 2.211904764175415039e+00 -7.652805447578430176e-01 -1.596414446830749512e-01 6.235106587409973145e-01 6.773184776306152344e+00
6.359217762947082520e-01 7.973468303680419922e-02 7.676175832748413086e-01 2.604522132873535156e+01 -1.976416110992431641e-01 9.779524803161621094e-01 6.215286254882812500e-02 2.133718967437744141e+00 -7.459568977355957031e-01 -1.912414133548736572e-01 6.377573609352111816e-01 6.271068572998046875e+00
6.938912272453308105e-01 8.867305517196655273e-02 7.142829895019531250e-01 2.454662322998046875e+01 -1.947592496871948242e-01 9.784612655639648438e-01 6.799942255020141602e-02 2.391422033309936523e+00 -6.927044391632080078e-01 -1.861229389905929565e-01 6.962769627571105957e-01 6.082126140594482422e+00
6.784089803695678711e-01 9.068918228149414062e-02 7.291120886802673340e-01 2.270235824584960938e+01 -1.721692085266113281e-01 9.845576286315917969e-01 3.775358200073242188e-02 1.866426706314086914e+00 -7.143064737319946289e-01 -1.511261463165283203e-01 6.835508346557617188e-01 5.553693771362304688e+00
7.405333518981933594e-01 8.926129341125488281e-02 6.664845943450927734e-01 2.094345092773437500e+01 -1.777818202972412109e-01 9.819933176040649414e-01 6.629903614521026611e-02 1.684919238090515137e+00 -6.480581760406494141e-01 -1.674662828445434570e-01 7.428051829338073730e-01 5.400424480438232422e+00
7.747509479522705078e-01 8.725836873054504395e-02 6.257930397987365723e-01 1.913793373107910156e+01 -1.516697555780410767e-01 9.871251583099365234e-01 5.024019628763198853e-02 1.340454339981079102e+00 -6.135960817337036133e-01 -1.337194591760635376e-01 7.783821821212768555e-01 4.524524211883544922e+00
7.771881222724914551e-01 8.361467719078063965e-02 6.236154437065124512e-01 1.759883308410644531e+01 -1.280632019042968750e-01 9.911865592002868652e-01 2.670443058013916016e-02 1.899209976196289062e+00 -6.157622337341308594e-01 -1.005723327398300171e-01 7.814061641693115234e-01 4.560722827911376953e+00
7.781959176063537598e-01 3.811752796173095703e-02 6.268336176872253418e-01 1.577921485900878906e+01 -1.239576339721679688e-01 9.877953529357910156e-01 9.383380413055419922e-02 1.325303435325622559e+00 -6.156646013259887695e-01 -1.507886648178100586e-01 7.735530138015747070e-01 4.508136272430419922e+00
8.056207299232482910e-01 -1.109570264816284180e-02 5.926499366760253906e-01 1.429030513763427734e+01 -9.052243828773498535e-02 9.859815835952758789e-01 1.407867074012756348e-01 1.242757558822631836e+00 -5.858858227729797363e-01 -1.671270728111267090e-01 7.929368019104003906e-01 4.044965267181396484e+00
8.378729820251464844e-01 -1.115283370018005371e-02 5.458915829658508301e-01 1.286540222167968750e+01 -7.494288682937622070e-02 9.880698323249816895e-01 1.356703042984008789e-01 1.084443092346191406e+00 -5.409862995147705078e-01 -1.544554680585861206e-01 8.272739648818969727e-01 3.774438381195068359e+00
7.766767740249633789e-01 3.502464294433593750e-02 6.292262077331542969e-01 1.150650119781494141e+01 -9.079684317111968994e-02 9.944329261779785156e-01 5.649542808532714844e-02 7.615444064140319824e-01 -6.236973404884338379e-01 -1.008552908897399902e-01 7.751525044441223145e-01 3.456109046936035156e+00
7.216451764106750488e-01 8.876208961009979248e-02 6.862857937812805176e-01 1.061257362365722656e+01 -1.765827536582946777e-01 9.825668931007385254e-01 5.871543288230895996e-02 1.216964602470397949e+00 -6.691656112670898438e-01 -1.636024713516235352e-01 7.250671982765197754e-01 3.530943393707275391e+00
6.978515982627868652e-01 8.573627471923828125e-02 7.111932039260864258e-01 1.340658092498779297e+01 -2.396093606948852539e-01 9.634448289871215820e-01 1.193166971206665039e-01 1.719544529914855957e+00 -6.748019456863403320e-01 -2.534413933753967285e-01 6.927418708801269531e-01 4.760294437408447266e+00
8.193099498748779297e-01 7.330535352230072021e-02 5.689499974250793457e-01 9.139162063598632812e+00 -9.867948293685913086e-02 9.947995543479919434e-01 1.370251178741455078e-02 8.178346157073974609e-01 -5.650764107704162598e-01 -6.735824793577194214e-02 8.218594789505004883e-01 4.169699192047119141e+00
7.839834094047546387e-01 5.814075469970703125e-02 6.185747385025024414e-01 8.601674079895019531e+00 -1.332080960273742676e-01 9.877769947052001953e-01 7.649111747741699219e-02 5.112692117691040039e-01 -6.063175201416015625e-01 -1.423077136278152466e-01 7.823281884193420410e-01 4.021221637725830078e+00
8.281989693641662598e-01 5.672502517700195312e-02 5.570716261863708496e-01 7.711675167083740234e+00 -1.604220271110534668e-01 9.771434664726257324e-01 1.384385824203491211e-01 5.603891015052795410e-01 -5.366232991218566895e-01 -2.040274441242218018e-01 8.188232779502868652e-01 4.261026382446289062e+00
8.625935316085815430e-01 5.400770902633666992e-02 5.027519464492797852e-01 7.153034210205078125e+00 -1.471458971500396729e-01 9.780613780021667480e-01 1.473154723644256592e-01 3.845485448837280273e-01 -4.841052293777465820e-01 -2.011036276817321777e-01 8.515049815177917480e-01 3.545388221740722656e+00
8.852756619453430176e-01 4.607713222503662109e-02 4.631334543228149414e-01 6.993925094604492188e+00 -1.285429894924163818e-01 9.807655811309814453e-01 1.479923725128173828e-01 4.608045816421508789e-01 -4.472360014915466309e-01 -1.901035457849502563e-01 8.737532496452331543e-01 2.959236621856689453e+00
9.546144008636474609e-01 -6.282567977905273438e-03 2.974273562431335449e-01 -3.287267923355102539e+00 7.654279470443725586e-04 1.000128388404846191e+00 1.859818398952484131e-02 -6.288937926292419434e-01 -2.975958287715911865e-01 -1.756906509399414062e-02 9.545909166336059570e-01 -7.503973245620727539e-01
9.719508290290832520e-01 1.515204161405563354e-01 1.800701469182968140e-01 -5.808962345123291016e+00 -1.431727409362792969e-01 9.878787994384765625e-01 -5.842816829681396484e-02 -2.662964582443237305e+00 -1.868325322866439819e-01 3.120541572570800781e-02 9.820258021354675293e-01 -5.137587070465087891e+00
9.163182377815246582e-01 2.507185935974121094e-02 4.001897275447845459e-01 4.508991718292236328e+00 -1.218305826187133789e-01 9.678741693496704102e-01 2.185648083686828613e-01 9.971103668212890625e-01 -3.819434344768524170e-01 -2.488968372344970703e-01 8.902730345726013184e-01 4.253179073333740234e+00
9.316003322601318359e-01 2.120101451873779297e-02 3.624999523162841797e-01 3.369106054306030273e+00 -9.231567382812500000e-02 9.792699813842773438e-01 1.803894042968750000e-01 -5.632948875427246094e-01 -3.509261608123779297e-01 -2.016828060150146484e-01 9.144129753112792969e-01 2.920342683792114258e+00
9.316561818122863770e-01 -1.658448576927185059e-02 3.640504479408264160e-01 3.632361650466918945e+00 -6.311774253845214844e-02 9.762529134750366211e-01 2.066173553466796875e-01 1.174194574356079102e+00 -3.586726784706115723e-01 -2.154659628868103027e-01 9.083470702171325684e-01 2.915354728698730469e+00
9.157364964485168457e-01 1.613159477710723877e-02 4.023518860340118408e-01 3.158574104309082031e+00 -6.190323829650878906e-02 9.926158189773559570e-01 1.014166474342346191e-01 9.163531661033630371e-01 -3.977332115173339844e-01 -1.179175972938537598e-01 9.101565480232238770e-01 2.380917072296142578e+00
9.215860366821289062e-01 2.356201410293579102e-02 3.882980346679687500e-01 2.140544652938842773e+00 -6.651332974433898926e-02 9.928274154663085938e-01 9.785926342010498047e-02 7.254723310470581055e-01 -3.830243051052093506e-01 -1.157980337738990784e-01 9.162223339080810547e-01 2.105872154235839844e+00
9.377582669258117676e-01 5.264058709144592285e-02 3.429242670536041260e-01 1.144348025321960449e+00 -8.924266695976257324e-02 9.920150637626647949e-01 9.075322747230529785e-02 7.188714742660522461e-01 -3.353814482688903809e-01 -1.156964898109436035e-01 9.350233674049377441e-01 1.439769744873046875e+00
9.550725817680358887e-01 1.304799318313598633e-02 2.957069873809814453e-01 -4.387670457363128662e-01 -4.084432125091552734e-02 9.951711893081665039e-01 8.779019117355346680e-02 7.233546972274780273e-01 -2.930896282196044922e-01 -9.606945514678955078e-02 9.512877464294433594e-01 1.485328316688537598e+00
9.673731327056884766e-01 -1.150628924369812012e-02 2.526860237121582031e-01 -1.544119715690612793e+00 -9.438693523406982422e-03 9.966115951538085938e-01 8.026206493377685547e-02 5.366954803466796875e-01 -2.530114650726318359e-01 -8.008389174938201904e-02 9.641211032867431641e-01 9.004161357879638672e-01
9.593702554702758789e-01 -3.146243095397949219e-02 2.796261310577392578e-01 -2.979839563369750977e+00 -4.355132579803466797e-03 9.918085336685180664e-01 1.266730427742004395e-01 4.219334721565246582e-01 -2.815505266189575195e-01 -1.225765943527221680e-01 9.516739845275878906e-01 5.920868515968322754e-01
9.842221736907958984e-01 -2.067899703979492188e-02 1.765677928924560547e-01 -4.386756896972656250e+00 4.825592041015625000e-04 9.936213493347167969e-01 1.130876541137695312e-01 4.419071078300476074e-01 -1.773599386215209961e-01 -1.111561655998229980e-01 9.774148464202880859e-01 2.575568556785583496e-01
9.585188031196594238e-01 3.188252449035644531e-03 2.856338024139404297e-01 -5.666153430938720703e+00 -4.489648342132568359e-02 9.891943335533142090e-01 1.404480338096618652e-01 3.954949378967285156e-01 -2.817770242691040039e-01 -1.472444236278533936e-01 9.479284882545471191e-01 5.746175646781921387e-01
9.985329508781433105e-01 1.512694358825683594e-02 5.445474386215209961e-02 -7.318955421447753906e+00 -2.482891082763671875e-02 9.819866418838500977e-01 1.887079477310180664e-01 7.148953676223754883e-01 -5.088460445404052734e-02 -1.897083520889282227e-01 9.803014993667602539e-01 2.109748721122741699e-01
9.999780654907226562e-01 9.205579757690429688e-03 -9.075909852981567383e-03 -9.074088096618652344e+00 -7.826328277587890625e-03 9.888191819190979004e-01 1.511033475399017334e-01 1.157381236553192139e-01 1.043105125427246094e-02 -1.509905755519866943e-01 9.886569380760192871e-01 -2.238959372043609619e-01
9.955020546913146973e-01 -5.533766746520996094e-02 -7.817244529724121094e-02 -1.049881076812744141e+01 5.988442897796630859e-02 9.967417120933532715e-01 5.590152740478515625e-02 -6.008147001266479492e-01 7.466387748718261719e-02 -6.042027473449707031e-02 9.951614141464233398e-01 -4.702963531017303467e-01
9.843842983245849609e-01 -3.592285513877868652e-02 -1.744344234466552734e-01 -1.248450088500976562e+01 5.744877457618713379e-02 9.910083413124084473e-01 1.194627135992050171e-01 -2.022219598293304443e-01 1.686517000198364258e-01 -1.275417506694793701e-01 9.778646230697631836e-01 -1.066165566444396973e+00
9.903079271316528320e-01 -1.552981138229370117e-02 -1.369025707244873047e-01 -1.422328186035156250e+01 2.383384108543395996e-02 9.981701374053955078e-01 5.782318115234375000e-02 -1.152856826782226562e+00 1.356368958950042725e-01 -6.046611070632934570e-02 9.892060756683349609e-01 -1.260035514831542969e+00
9.550380110740661621e-01 -2.247750759124755859e-02 -2.954822480678558350e-01 -1.604715728759765625e+01 5.422642827033996582e-02 9.936637878417968750e-01 9.984207153320312500e-02 -2.851751148700714111e-01 2.912371456623077393e-01 -1.113184988498687744e-01 9.502786993980407715e-01 -1.556316018104553223e+00
8.781036138534545898e-01 -7.172799110412597656e-02 -4.728168845176696777e-01 -1.794711875915527344e+01 1.217075884342193604e-01 9.893542528152465820e-01 7.626783847808837891e-02 -6.089758276939392090e-01 4.625025987625122070e-01 -1.243748664855957031e-01 8.777721524238586426e-01 -2.388399600982666016e+00
8.657979369163513184e-01 -8.164358139038085938e-02 -4.932086467742919922e-01 -1.948430442810058594e+01 1.292554140090942383e-01 9.898582100868225098e-01 6.222188472747802734e-02 -8.218680024147033691e-01 4.831178188323974609e-01 -1.177175343036651611e-01 8.676116466522216797e-01 -2.468949794769287109e+00
8.292191624641418457e-01 -8.264315128326416016e-02 -5.532804727554321289e-01 -2.133618927001953125e+01 1.623093187808990479e-01 9.822962284088134766e-01 9.652221202850341797e-02 -1.117141485214233398e+00 5.353085994720458984e-01 -1.697005480527877808e-01 8.271927833557128906e-01 -2.895423412322998047e+00
8.270351886749267578e-01 -9.618814289569854736e-02 -5.538450479507446289e-01 -2.332744789123535156e+01 1.514208316802978516e-01 9.873028993606567383e-01 5.417037010192871094e-02 -1.221194505691528320e+00 5.414646863937377930e-01 -1.288666129112243652e-01 8.310069441795349121e-01 -3.163636207580566406e+00
7.836459279060363770e-01 -7.725722342729568481e-02 -6.168538331985473633e-01 -2.527920532226562500e+01 1.657156795263290405e-01 9.820055365562438965e-01 8.749549090862274170e-02 -1.614208579063415527e+00 5.991392135620117188e-01 -1.707319468259811401e-01 7.826210260391235352e-01 -3.571402072906494141e+00
7.372507452964782715e-01 -1.012078821659088135e-01 -6.679132580757141113e-01 -2.723591804504394531e+01 1.591546535491943359e-01 9.869241714477539062e-01 2.596111595630645752e-02 -2.272939920425415039e+00 6.568537950515747070e-01 -1.254075765609741211e-01 7.436875700950622559e-01 -4.900337219238281250e+00
7.859272956848144531e-01 -1.023626327514648438e-01 -6.092661619186401367e-01 -2.846676254272460938e+01 1.567381024360656738e-01 9.868156909942626953e-01 3.585964441299438477e-02 -2.508303642272949219e+00 5.977414846420288086e-01 -1.237989068031311035e-01 7.920887470245361328e-01 -4.905053615570068359e+00
7.591298222541809082e-01 -6.093652546405792236e-02 -6.478732228279113770e-01 -3.084237098693847656e+01 1.687869876623153687e-01 9.799544811248779297e-01 1.055715829133987427e-01 -1.856823444366455078e+00 6.284872293472290039e-01 -1.894508898258209229e-01 7.540606856346130371e-01 -5.039456844329833984e+00
7.147955894470214844e-01 -5.270791053771972656e-02 -6.967519521713256836e-01 -3.295629882812500000e+01 1.653800159692764282e-01 9.814016819000244141e-01 9.562581777572631836e-02 -1.653625369071960449e+00 6.790034770965576172e-01 -1.835379302501678467e-01 7.106376290321350098e-01 -5.066421508789062500e+00
6.590123176574707031e-01 -7.852385938167572021e-02 -7.476845383644104004e-01 -3.491724395751953125e+01 1.850291490554809570e-01 9.808212518692016602e-01 5.985021591186523438e-02 -1.695454359054565430e+00 7.287192344665527344e-01 -1.778427064418792725e-01 6.609753370285034180e-01 -5.313304901123046875e+00
3.875485360622406006e-01 -1.982846409082412720e-01 -9.004029035568237305e-01 -5.467198944091796875e+01 2.469328045845031738e-01 9.631177783012390137e-01 -1.057519912719726562e-01 -2.619957685470581055e+00 8.879728913307189941e-01 -1.814178824424743652e-01 4.221739470958709717e-01 -6.917960643768310547e+00
3.932648897171020508e-01 -1.844203472137451172e-01 -9.005199670791625977e-01 -5.453474426269531250e+01 2.391762733459472656e-01 9.666277766227722168e-01 -9.327983856201171875e-02 -2.659137725830078125e+00 8.875524997711181641e-01 -1.786849349737167358e-01 4.247173070907592773e-01 -6.905401706695556641e+00
3.965162336826324463e-01 -1.684119105339050293e-01 -9.027448892593383789e-01 -5.451694488525390625e+01 2.308248281478881836e-01 9.697906970977783203e-01 -7.975643873214721680e-02 -2.698486804962158203e+00 8.887566328048706055e-01 -1.765618324279785156e-01 4.232433438301086426e-01 -6.941884994506835938e+00
4.058933854103088379e-01 -1.457295715808868408e-01 -9.021649360656738281e-01 -5.446889114379882812e+01 2.062581777572631836e-01 9.766508340835571289e-01 -6.477683782577514648e-02 -2.807303905487060547e+00 8.905144929885864258e-01 -1.597963869571685791e-01 4.264582991600036621e-01 -6.980138301849365234e+00
3.942437171936035156e-01 -1.086674332618713379e-01 -9.126167893409729004e-01 -5.343176651000976562e+01 1.919066309928894043e-01 9.808803796768188477e-01 -3.418564796447753906e-02 -2.719914674758911133e+00 8.985315561294555664e-01 -1.615854501724243164e-01 4.076971113681793213e-01 -7.068548679351806641e+00
3.540220558643341064e-01 -9.775719046592712402e-02 -9.299234747886657715e-01 -5.277616882324218750e+01 1.502043902873992920e-01 9.875124096870422363e-01 -4.665672779083251953e-02 -2.705890178680419922e+00 9.232773780822753906e-01 -1.232671737670898438e-01 3.640384078025817871e-01 -6.889604091644287109e+00
3.816353380680084229e-01 -1.214404702186584473e-01 -9.162817001342773438e-01 -5.217615509033203125e+01 1.927794218063354492e-01 9.794808626174926758e-01 -4.955375194549560547e-02 -2.762989282608032227e+00 9.039022922515869141e-01 -1.577594876289367676e-01 3.976659178733825684e-01 -6.797664165496826172e+00
4.215644598007202148e-01 -1.082910299301147461e-01 -8.998938202857971191e-01 -5.138893127441406250e+01 1.799722313880920410e-01 9.832324981689453125e-01 -3.405404090881347656e-02 -2.526009082794189453e+00 8.888823986053466797e-01 -1.477640867233276367e-01 4.340615272521972656e-01 -6.419655799865722656e+00
4.990593194961547852e-01 -9.160540997982025146e-02 -8.615056276321411133e-01 -5.085924148559570312e+01 1.823384612798690796e-01 9.833568334579467773e-01 1.084387302398681641e-03 -2.520963430404663086e+00 8.469797968864440918e-01 -1.576908081769943237e-01 5.073724985122680664e-01 -6.210748672485351562e+00
5.006486177444458008e-01 -9.028583765029907227e-02 -8.608406186103820801e-01 -5.012230300903320312e+01 1.808307170867919922e-01 9.837645888328552246e-01 1.884609460830688477e-03 -2.370167255401611328e+00 8.466716408729553223e-01 -1.565239429473876953e-01 5.091126561164855957e-01 -6.265730857849121094e+00
5.425334572792053223e-01 -9.792863577604293823e-02 -8.343780040740966797e-01 -4.919367599487304688e+01 1.662572324275970459e-01 9.860780239105224609e-01 -7.592573761940002441e-03 -2.595563888549804688e+00 8.234524130821228027e-01 -1.345569491386413574e-01 5.513487458229064941e-01 -6.172317028045654297e+00
5.199675559997558594e-01 -7.421195507049560547e-02 -8.512662053108215332e-01 -4.841778945922851562e+01 1.611013412475585938e-01 9.871119856834411621e-01 1.267629861831665039e-02 -2.353490114212036133e+00 8.389251232147216797e-01 -1.436874866485595703e-01 5.248697400093078613e-01 -6.105001449584960938e+00
5.137045979499816895e-01 -8.803973346948623657e-02 -8.535184860229492188e-01 -4.769293594360351562e+01 1.731710433959960938e-01 9.852002263069152832e-01 2.649068832397460938e-03 -2.347040414810180664e+00 8.403093814849853516e-01 -1.490705013275146484e-01 5.208587646484375000e-01 -5.986587524414062500e+00
5.205833315849304199e-01 -7.223284244537353516e-02 -8.511551022529602051e-01 -4.690852355957031250e+01 1.572985053062438965e-01 9.872027635574340820e-01 1.264145970344543457e-02 -2.239038705825805664e+00 8.392636775970458984e-01 -1.406885385513305664e-01 5.255175232887268066e-01 -5.818222999572753906e+00
5.434373021125793457e-01 -7.120789587497711182e-02 -8.361816406250000000e-01 -4.620257949829101562e+01 1.465033888816833496e-01 9.893432259559631348e-01 1.109634339809417725e-02 -2.160848379135131836e+00 8.262559771537780762e-01 -1.286043971776962280e-01 5.478811264038085938e-01 -5.587878227233886719e+00
5.441606640815734863e-01 -8.040845394134521484e-02 -8.347100615501403809e-01 -4.546959304809570312e+01 1.436760872602462769e-01 9.898111820220947266e-01 -1.359760761260986328e-03 -2.148719549179077148e+00 8.261903524398803711e-01 -1.195368468761444092e-01 5.499255061149597168e-01 -5.442059993743896484e+00
5.879984498023986816e-01 -8.391270786523818970e-02 -8.040956854820251465e-01 -4.473529052734375000e+01 1.720473766326904297e-01 9.847184419631958008e-01 2.289378643035888672e-02 -1.918082475662231445e+00 7.902716398239135742e-01 -1.519294977188110352e-01 5.931489467620849609e-01 -5.094075202941894531e+00
6.078884005546569824e-01 -5.676198005676269531e-02 -7.918027639389038086e-01 -4.378504562377929688e+01 1.490489244461059570e-01 9.878617525100708008e-01 4.377174377441406250e-02 -1.976846814155578613e+00 7.798489332199096680e-01 -1.447644680738449097e-01 6.087445020675659180e-01 -5.362624168395996094e+00
6.081323623657226562e-01 -5.687855184078216553e-02 -7.919813394546508789e-01 -4.302107620239257812e+01 1.228123009204864502e-01 9.920184612274169922e-01 2.297422289848327637e-02 -1.900292754173278809e+00 7.840297222137451172e-01 -1.114954948425292969e-01 6.104363203048706055e-01 -5.464303970336914062e+00
6.279677152633666992e-01 -2.982813119888305664e-02 -7.778773903846740723e-01 -4.276349258422851562e+01 1.104371547698974609e-01 9.924077987670898438e-01 5.103909969329833984e-02 -1.279559612274169922e+00 7.703832983970642090e-01 -1.178658157587051392e-01 6.265965104103088379e-01 -4.137859344482421875e+00
6.072345972061157227e-01 -4.311977326869964600e-02 -7.936171293258666992e-01 -4.163018798828125000e+01 1.301950067281723022e-01 9.905009269714355469e-01 4.569143801927566528e-02 -1.729993820190429688e+00 7.840051651000976562e-01 -1.309037804603576660e-01 6.067056059837341309e-01 -4.807476043701171875e+00
6.108659505844116211e-01 -3.067299723625183105e-02 -7.912124991416931152e-01 -4.084695053100585938e+01 1.163749098777770996e-01 9.920688867568969727e-01 5.134010314941406250e-02 -1.702068448066711426e+00 7.832425236701965332e-01 -1.236708760261535645e-01 6.090663671493530273e-01 -4.696749210357666016e+00
6.192835569381713867e-01 -7.264471054077148438e-02 -7.820968627929687500e-01 -4.024721145629882812e+01 1.573997735977172852e-01 9.870268106460571289e-01 3.275996446609497070e-02 -1.480939149856567383e+00 7.692857384681701660e-01 -1.432160735130310059e-01 6.226342320442199707e-01 -4.061141014099121094e+00
6.114104390144348145e-01 -4.173272848129272461e-02 -7.900187969207763672e-01 -3.913910675048828125e+01 1.404656171798706055e-01 9.885939955711364746e-01 5.628041923046112061e-02 -1.745311856269836426e+00 7.781374454498291016e-01 -1.455885171890258789e-01 6.100860238075256348e-01 -4.766705036163330078e+00
6.136858463287353516e-01 -5.478882789611816406e-02 -7.878462076187133789e-01 -3.833683013916015625e+01 1.306283473968505859e-01 9.908876419067382812e-01 3.258991241455078125e-02 -1.872477293014526367e+00 7.789039611816406250e-01 -1.225826740264892578e-01 6.153517961502075195e-01 -4.477281093597412109e+00
6.448611617088317871e-01 -2.252151072025299072e-02 -7.641007900238037109e-01 -3.780510330200195312e+01 1.293354779481887817e-01 9.883579611778259277e-01 7.999317348003387451e-02 -1.427714228630065918e+00 7.530112862586975098e-01 -1.505678147077560425e-01 6.398964524269104004e-01 -4.101922512054443359e+00
6.534262299537658691e-01 -3.224551677703857422e-03 -7.574792504310607910e-01 -3.710084533691406250e+01 1.049339771270751953e-01 9.909448623657226562e-01 8.641815185546875000e-02 -1.230733275413513184e+00 7.499072551727294922e-01 -1.357879638671875000e-01 6.476420164108276367e-01 -3.848164319992065430e+00
6.647186279296875000e-01 1.242414116859436035e-02 -7.466445565223693848e-01 -3.639268875122070312e+01 9.531277418136596680e-02 9.901247024536132812e-01 1.011646986007690430e-01 -1.221396207809448242e+00 7.407031059265136719e-01 -1.386854350566864014e-01 6.570725440979003906e-01 -3.844858407974243164e+00
6.579386591911315918e-01 -7.051324844360351562e-02 -7.493516206741333008e-01 -3.553470611572265625e+01 1.339996457099914551e-01 9.905805587768554688e-01 2.459278702735900879e-02 -1.505594968795776367e+00 7.409073114395141602e-01 -1.167135387659072876e-01 6.612226963043212891e-01 -3.868585824966430664e+00
6.927625536918640137e-01 -7.783699035644531250e-02 -7.172609567642211914e-01 -3.477738571166992188e+01 1.470056772232055664e-01 9.885361194610595703e-01 3.442740440368652344e-02 -1.418854117393493652e+00 7.061804533004760742e-01 -1.292574405670166016e-01 6.961286067962646484e-01 -3.751089572906494141e+00
7.036890387535095215e-01 -6.141583621501922607e-02 -7.075917124748229980e-01 -3.401721572875976562e+01 1.229271888732910156e-01 9.916348457336425781e-01 3.626608848571777344e-02 -1.360730409622192383e+00 6.995728015899658203e-01 -1.125422716140747070e-01 7.054041028022766113e-01 -3.527768611907958984e+00
7.295443415641784668e-01 -3.306236863136291504e-02 -6.834116578102111816e-01 -3.308164215087890625e+01 1.214697957038879395e-01 9.890452027320861816e-01 8.174929022789001465e-02 -1.115526914596557617e+00 6.729769706726074219e-01 -1.427797675132751465e-01 7.255952358245849609e-01 -3.500365257263183594e+00
7.520445585250854492e-01 -1.049035191535949707e-01 -6.509833931922912598e-01 -3.247770309448242188e+01 1.551163196563720703e-01 9.875729084014892578e-01 2.003407478332519531e-02 -1.407867431640625000e+00 6.407431364059448242e-01 -1.157845258712768555e-01 7.592480182647705078e-01 -3.331796646118164062e+00
7.563995122909545898e-01 -8.999937772750854492e-02 -6.475914716720581055e-01 -3.159939575195312500e+01 1.563313752412796021e-01 9.864478707313537598e-01 4.541718959808349609e-02 -1.136412024497985840e+00 6.352741718292236328e-01 -1.354589909315109253e-01 7.602623105049133301e-01 -3.198881864547729492e+00
7.537634372711181641e-01 -7.717925310134887695e-02 -6.525371670722961426e-01 -3.081682395935058594e+01 1.337386369705200195e-01 9.902431368827819824e-01 3.717052936553955078e-02 -1.277177810668945312e+00 6.435031294822692871e-01 -1.152796149253845215e-01 7.567694187164306641e-01 -3.240689039230346680e+00
7.330291271209716797e-01 -7.095789909362792969e-02 -6.764765977859497070e-01 -2.993618392944335938e+01 1.467175483703613281e-01 9.873727560043334961e-01 5.535936355590820312e-02 -1.090335011482238770e+00 6.640405654907226562e-01 -1.395696997642517090e-01 7.342829108238220215e-01 -3.131206274032592773e+00
7.010917663574218750e-01 -5.967283248901367188e-02 -7.103723287582397461e-01 -2.932682991027832031e+01 1.510812938213348389e-01 9.860340356826782227e-01 6.661161780357360840e-02 -1.059906244277954102e+00 6.967323422431945801e-01 -1.539678871631622314e-01 7.004298567771911621e-01 -3.038234710693359375e+00
6.930710077285766602e-01 -4.173246026039123535e-02 -7.191830873489379883e-01 -2.861072158813476562e+01 1.271503120660781860e-01 9.895337820053100586e-01 6.526248157024383545e-02 -1.184973597526550293e+00 7.089171409606933594e-01 -1.367752850055694580e-01 6.912737488746643066e-01 -3.224872350692749023e+00
6.961537599563598633e-01 -2.999627590179443359e-02 -7.172915935516357422e-01 -2.768080711364746094e+01 1.113349795341491699e-01 9.917353987693786621e-01 6.644403934478759766e-02 -1.189515829086303711e+00 7.094289660453796387e-01 -1.261950135231018066e-01 6.935319900512695312e-01 -2.754439592361450195e+00
7.178485393524169922e-01 -5.231344699859619141e-02 -6.939205527305603027e-01 -2.688410186767578125e+01 1.269172132015228271e-01 9.902505278587341309e-01 5.656463280320167542e-02 -1.210435032844543457e+00 6.844118237495422363e-01 -1.287537217140197754e-01 7.175036072731018066e-01 -2.841061353683471680e+00
7.152305245399475098e-01 -3.181657195091247559e-02 -6.983839869499206543e-01 -2.616411590576171875e+01 1.151546239852905273e-01 9.909108281135559082e-01 7.279205322265625000e-02 -1.093648672103881836e+00 6.894814968109130859e-01 -1.326060295104980469e-01 7.121554613113403320e-01 -2.632462739944458008e+00
7.492624521255493164e-01 -3.337363153696060181e-02 -6.618065834045410156e-01 -2.518721580505371094e+01 1.042905598878860474e-01 9.922324419021606445e-01 6.806400418281555176e-02 -1.042072415351867676e+00 6.544799208641052246e-01 -1.199064552783966064e-01 7.465683221817016602e-01 -2.651782989501953125e+00
7.533965706825256348e-01 -3.152731060981750488e-02 -6.567716002464294434e-01 -2.447634506225585938e+01 1.014151349663734436e-01 9.922713637351989746e-01 6.875991076231002808e-02 -9.373375773429870605e-01 6.498652100563049316e-01 -1.182366013526916504e-01 7.504418492317199707e-01 -2.424603939056396484e+00
7.821331620216369629e-01 -3.575825691223144531e-02 -6.220722198486328125e-01 -2.354660415649414062e+01 1.232455968856811523e-01 9.876326918601989746e-01 9.823685884475708008e-02 -1.006457805633544922e+00 6.105386018753051758e-01 -1.532515287399291992e-01 7.769369482994079590e-01 -2.347190380096435547e+00
7.784649729728698730e-01 -1.972254365682601929e-02 -6.271377205848693848e-01 -2.278894615173339844e+01 7.165294885635375977e-02 9.956953525543212891e-01 5.745193362236022949e-02 -8.298856019973754883e-01 6.233787536621093750e-01 -8.955860882997512817e-02 7.762615680694580078e-01 -1.911636114120483398e+00
7.943105697631835938e-01 -3.793558478355407715e-02 -6.062657833099365234e-01 -2.191065597534179688e+01 1.043004393577575684e-01 9.918318986892700195e-01 7.476300001144409180e-02 -1.057459473609924316e+00 5.987088084220886230e-01 -1.227720379829406738e-01 7.918739318847656250e-01 -2.312917947769165039e+00
8.095015287399291992e-01 -3.590050339698791504e-02 -5.858646035194396973e-01 -2.119727706909179688e+01 9.341582655906677246e-02 9.931594133377075195e-01 6.828290224075317383e-02 -9.338717460632324219e-01 5.795142054557800293e-01 -1.100092455744743347e-01 8.075352311134338379e-01 -1.803684234619140625e+00
8.157416582107543945e-01 -4.663440585136413574e-02 -5.766454339027404785e-01 -2.038930702209472656e+01 1.073144078254699707e-01 9.916715025901794434e-01 7.161611318588256836e-02 -7.955161333084106445e-01 5.683140754699707031e-01 -1.201840341091156006e-01 8.135966062545776367e-01 -1.801820755004882812e+00
8.061608076095581055e-01 -5.314417183399200439e-02 -5.888439416885375977e-01 -1.961931800842285156e+01 9.535008668899536133e-02 9.945847392082214355e-01 4.095265269279479980e-02 -9.052865505218505859e-01 5.837317109107971191e-01 -8.937306702136993408e-02 8.071104884147644043e-01 -1.502979874610900879e+00
8.191465139389038086e-01 -7.872563600540161133e-02 -5.686694383621215820e-01 -1.885059547424316406e+01 1.234496235847473145e-01 9.913837313652038574e-01 4.049700498580932617e-02 -6.467221975326538086e-01 5.607395768165588379e-01 -1.034238934516906738e-01 8.216393589973449707e-01 -1.280697345733642578e+00
8.422666788101196289e-01 -4.312527179718017578e-02 -5.376912951469421387e-01 -1.809730720520019531e+01 9.689140319824218750e-02 9.926077723503112793e-01 7.283890247344970703e-02 -8.932378292083740234e-01 5.305969119071960449e-01 -1.135101318359375000e-01 8.397204279899597168e-01 -1.121717810630798340e+00
8.748903870582580566e-01 -3.358459472656250000e-02 -4.829673171043395996e-01 -1.718146514892578125e+01 1.016961336135864258e-01 9.879655838012695312e-01 1.154514551162719727e-01 -1.164111256599426270e+00 4.731839001178741455e-01 -1.500465422868728638e-01 8.680883646011352539e-01 -1.503419637680053711e+00
9.122246503829956055e-01 -9.409040212631225586e-03 -4.096710085868835449e-01 -1.662222290039062500e+01 6.659960746765136719e-02 9.897066950798034668e-01 1.258013546466827393e-01 -4.340312778949737549e-01 4.044188261032104492e-01 -1.423113644123077393e-01 9.033477902412414551e-01 -8.297338485717773438e-01
9.228234291076660156e-01 -1.336884498596191406e-02 -3.848292827606201172e-01 -1.599756431579589844e+01 5.939555168151855469e-02 9.924701452255249023e-01 1.078441143035888672e-01 4.551328718662261963e-03 3.804875612258911133e-01 -1.222123503684997559e-01 9.170144796371459961e-01 -7.952362298965454102e-01
9.162158370018005371e-01 -4.396533966064453125e-02 -3.989417552947998047e-01 -1.533629989624023438e+01 7.240760326385498047e-02 9.959590435028076172e-01 5.597245693206787109e-02 6.390095502138137817e-02 3.946655988693237305e-01 -8.058607578277587891e-02 9.149871468544006348e-01 -7.235487699508666992e-01
9.525843858718872070e-01 -4.297029972076416016e-02 -3.013499975204467773e-01 -1.455116462707519531e+01 6.002461910247802734e-02 9.969885349273681641e-01 4.692222177982330322e-02 8.597773313522338867e-02 2.983784675598144531e-01 -6.304562091827392578e-02 9.520992040634155273e-01 -4.309109747409820557e-01
9.551825523376464844e-01 -3.973472118377685547e-02 -2.924313545227050781e-01 -1.362262344360351562e+01 5.030184984207153320e-02 9.985579252243041992e-01 2.957820892333984375e-02 2.717249095439910889e-01 2.904657125473022461e-01 -4.307955503463745117e-02 9.557962417602539062e-01 -9.494733810424804688e-02
9.485152363777160645e-01 -4.025934636592864990e-02 -3.134341537952423096e-01 -1.266915512084960938e+01 5.307374149560928345e-02 9.982005953788757324e-01 3.211840242147445679e-02 3.522913902997970581e-02 3.116088509559631348e-01 -4.722580313682556152e-02 9.488000869750976562e-01 -8.746586740016937256e-02
9.521735906600952148e-01 -4.888081550598144531e-02 -3.008239567279815674e-01 -1.195088768005371094e+01 5.355158448219299316e-02 9.984557628631591797e-01 7.083415985107421875e-03 -5.080463737249374390e-02 3.000258803367614746e-01 -2.296984195709228516e-02 9.539062976837158203e-01 2.648167014122009277e-01
9.601025581359863281e-01 -3.690492361783981323e-02 -2.776612937450408936e-01 -1.129694080352783203e+01 4.335035383701324463e-02 9.988620281219482422e-01 1.674878597259521484e-02 -7.436317205429077148e-02 2.767573595046997070e-01 -2.809013426303863525e-02 9.605954289436340332e-01 2.708773016929626465e-01
9.531675577163696289e-01 -5.855503678321838379e-02 -2.970583736896514893e-01 -1.046352291107177734e+01 6.451892852783203125e-02 9.981769919395446777e-01 1.034450531005859375e-02 -1.457133144140243530e-02 2.957364916801452637e-01 -2.903295680880546570e-02 9.552617073059082031e-01 4.174162447452545166e-01
9.620531797409057617e-01 -1.523447036743164062e-02 -2.729080021381378174e-01 -9.201865196228027344e+00 1.946449279785156250e-02 9.995544552803039551e-01 1.258616894483566284e-02 2.083978950977325439e-01 2.726823091506958008e-01 -1.738271117210388184e-02 9.618163704872131348e-01 8.889649510383605957e-01
9.648458361625671387e-01 -3.480394184589385986e-02 -2.608774006366729736e-01 -8.774545669555664062e+00 3.361007571220397949e-02 9.991653561592102051e-01 -8.081436157226562500e-03 1.066437885165214539e-01 2.609556615352630615e-01 -8.828043937683105469e-04 9.654076695442199707e-01 9.154013991355895996e-01
9.787347316741943359e-01 -4.807978868484497070e-02 -1.999537944793701172e-01 -7.867414474487304688e+00 5.270573496818542480e-02 9.984402060508728027e-01 1.718968152999877930e-02 4.947918355464935303e-01 1.989515125751495361e-01 -2.707773447036743164e-02 9.793241620063781738e-01 1.208375453948974609e+00
9.891185760498046875e-01 -5.537939071655273438e-02 -1.374866962432861328e-01 -7.406018257141113281e+00 5.789291858673095703e-02 9.981065392494201660e-01 1.531183719635009766e-02 2.268210053443908691e-01 1.361854076385498047e-01 -2.285671234130859375e-02 9.905920028686523438e-01 1.359767913818359375e+00
9.948305487632751465e-01 -3.178150206804275513e-02 -9.712550044059753418e-02 -6.857057094573974609e+00 3.208785504102706909e-02 9.994766712188720703e-01 2.891033887863159180e-03 -1.061685562133789062e+00 9.695814549922943115e-02 -5.968786776065826416e-03 9.954067468643188477e-01 2.766789436340332031e+00
9.931550025939941406e-01 -5.806392431259155273e-02 -9.948459267616271973e-02 -5.754651546478271484e+00 6.206250190734863281e-02 9.973232746124267578e-01 4.156434535980224609e-02 5.051769614219665527e-01 9.680068492889404297e-02 -4.735815525054931641e-02 9.939342141151428223e-01 1.699603796005249023e+00
9.994214773178100586e-01 -1.017327606678009033e-02 3.856327384710311890e-02 -5.014029026031494141e+00 9.053185582160949707e-03 9.993770122528076172e-01 3.533025830984115601e-02 3.432888388633728027e-01 -3.889383375644683838e-02 -3.495784103870391846e-02 9.983806610107421875e-01 1.739668846130371094e+00
9.831685423851013184e-01 -2.757787704467773438e-03 1.819041818380355835e-01 -4.491510391235351562e+00 -2.550408244132995605e-04 1.000034570693969727e+00 1.675896719098091125e-02 7.136583328247070312e-01 -1.819252520799636841e-01 -1.657627522945404053e-02 9.829002022743225098e-01 2.008837699890136719e+00
9.910676479339599609e-01 5.165553092956542969e-02 1.227468848228454590e-01 -3.649702548980712891e+00 -4.941594600677490234e-02 9.985584020614624023e-01 -2.104112505912780762e-02 -9.519237279891967773e-02 -1.238310635089874268e-01 1.467457413673400879e-02 9.921617507934570312e-01 1.958365440368652344e+00
