5.881943702697753906e-01 -2.937576174736022949e-02 8.081867694854736328e-01 4.740689849853515625e+01 -1.354088783264160156e-01 9.816554784774780273e-01 1.342307776212692261e-01 3.314916133880615234e+00 -7.973034381866455078e-01 -1.883890628814697266e-01 5.734258294105529785e-01 1.058236503601074219e+01
5.821489095687866211e-01 -3.506235405802726746e-02 8.123256564140319824e-01 4.739829254150390625e+01 -1.283496618270874023e-01 9.825811982154846191e-01 1.343920379877090454e-01 3.239813327789306641e+00 -8.028882741928100586e-01 -1.824980378150939941e-01 5.675082802772521973e-01 1.042997837066650391e+01
5.812946557998657227e-01 -2.941254526376724243e-02 8.131614923477172852e-01 4.737522125244140625e+01 -1.308121383190155029e-01 9.829704165458679199e-01 1.290666311979293823e-01 3.208178520202636719e+00 -8.031097650527954102e-01 -1.813973486423492432e-01 5.675480961799621582e-01 1.051149177551269531e+01
5.234308838844299316e-01 -4.656909778714179993e-02 8.507947921752929688e-01 4.681047821044921875e+01 -1.123744100332260132e-01 9.860106110572814941e-01 1.231059506535530090e-01 3.149756669998168945e+00 -8.446257710456848145e-01 -1.600451171398162842e-01 5.108752846717834473e-01 1.059936809539794922e+01
5.197789669036865234e-01 -4.228386282920837402e-02 8.532538414001464844e-01 4.545519638061523438e+01 -1.209692656993865967e-01 9.850680828094482422e-01 1.225073188543319702e-01 2.936264276504516602e+00 -8.456927537918090820e-01 -1.668942868709564209e-01 5.069023966789245605e-01 1.034354686737060547e+01
5.892921686172485352e-01 7.865494117140769958e-04 8.079192638397216797e-01 4.410934066772460938e+01 -1.473705917596817017e-01 9.833268523216247559e-01 1.065344586968421936e-01 3.117751359939575195e+00 -7.943649291992187500e-01 -1.818431019783020020e-01 5.795825123786926270e-01 1.047143268585205078e+01
6.024886965751647949e-01 5.032598972320556641e-02 7.965389490127563477e-01 4.180327987670898438e+01 -1.536646336317062378e-01 9.866527318954467773e-01 5.389157310128211975e-02 2.941492319107055664e+00 -7.831947803497314453e-01 -1.548682898283004761e-01 6.021798253059387207e-01 9.375671386718750000e+00
6.085687875747680664e-01 5.870547145605087280e-02 7.913262248039245605e-01 4.094979858398437500e+01 -1.632092744112014771e-01 9.851970076560974121e-01 5.242817476391792297e-02 2.960543870925903320e+00 -7.765346765518188477e-01 -1.610585749149322510e-01 6.091421246528625488e-01 9.278669357299804688e+00
6.116752028465270996e-01 6.504938751459121704e-02 7.884303331375122070e-01 3.884067916870117188e+01 -1.855860352516174316e-01 9.806009531021118164e-01 6.307608634233474731e-02 2.650572061538696289e+00 -7.690325379371643066e-01 -1.849040538072586060e-01 6.118823289871215820e-01 9.553699493408203125e+00
6.027588248252868652e-01 1.408155634999275208e-02 7.978006005287170410e-01 3.692699813842773438e+01 -1.105289012193679810e-01 9.916785359382629395e-01 6.600453704595565796e-02 2.468339920043945312e+00 -7.902314662933349609e-01 -1.279645711183547974e-01 5.992991924285888672e-01 8.868888854980468750e+00
6.049288511276245117e-01 2.018812485039234161e-02 7.960241436958312988e-01 3.558626556396484375e+01 -1.431573480367660522e-01 9.861477017402648926e-01 8.378050476312637329e-02 2.438746213912963867e+00 -7.833058238029479980e-01 -1.646378785371780396e-01 5.994388461112976074e-01 8.503234863281250000e+00
6.318768858909606934e-01 -1.016286201775074005e-03 7.750670313835144043e-01 3.377546691894531250e+01 -1.229282021522521973e-01 9.872100949287414551e-01 1.015120819211006165e-01 2.357545137405395508e+00 -7.652577161788940430e-01 -1.594209372997283936e-01 6.236710548400878906e-01 7.989666461944580078e+00
5.810335278511047363e-01 -8.769207634031772614e-03 8.138329386711120605e-01 3.200542449951171875e+01 -1.248685345053672791e-01 9.871425032615661621e-01 9.978583455085754395e-02 2.200053453445434570e+00 -8.042439818382263184e-01 -1.596008539199829102e-01 5.724678635597229004e-01 6.867002010345458984e+00
6.292421221733093262e-01 2.643735334277153015e-02 7.767590284347534180e-01 3.012076377868652344e+01 -1.462998539209365845e-01 9.855841994285583496e-01 8.496975153684616089e-02 2.123444795608520508e+00 -7.633155584335327148e-01 -1.671061515808105469e-01 6.240392923355102539e-01 7.775606155395507812e+00
6.137164831161499023e-01 7.891951128840446472e-03 7.894873023033142090e-01 2.846074295043945312e+01 -1.251687258481979370e-01 9.882766604423522949e-01 8.742176741361618042e-02 2.032846450805664062e+00 -7.795416712760925293e-01 -1.524711400270462036e-01 6.075093150138854980e-01 6.982033252716064453e+00
6.196646690368652344e-01 5.110022425651550293e-02 7.832010984420776367e-01 2.647492408752441406e+01 -1.592854708433151245e-01 9.853000640869140625e-01 6.173920258879661560e-02 1.820901274681091309e+00 -7.685334682464599609e-01 -1.630101501941680908e-01 6.186956763267517090e-01 6.543062210083007812e+00
6.820164918899536133e-01 5.318653583526611328e-02 7.294011116027832031e-01 2.518185806274414062e+01 -1.534237712621688843e-01 9.855632781982421875e-01 7.159242779016494751e-02 1.937524199485778809e+00 -7.150630354881286621e-01 -1.607348173856735229e-01 6.803304553031921387e-01 6.153860092163085938e+00
6.806867718696594238e-01 5.646826326847076416e-02 7.303957343101501465e-01 2.256993103027343750e+01 -1.262529790401458740e-01 9.911491870880126953e-01 4.103314131498336792e-02 1.878679752349853516e+00 -7.216137051582336426e-01 -1.201450824737548828e-01 6.817908287048339844e-01 5.960084915161132812e+00
7.395811676979064941e-01 5.708603933453559875e-02 6.706425547599792480e-01 2.114201164245605469e+01 -1.452368497848510742e-01 9.864587783813476562e-01 7.619750499725341797e-02 2.093717575073242188e+00 -6.572111845016479492e-01 -1.537561565637588501e-01 7.378569245338439941e-01 5.585145473480224609e+00
7.824186682701110840e-01 6.152796372771263123e-02 6.197059750556945801e-01 1.988249206542968750e+01 -1.245455220341682434e-01 9.904634356498718262e-01 5.890804156661033630e-02 2.175606489181518555e+00 -6.101722121238708496e-01 -1.232727169990539551e-01 7.826202511787414551e-01 5.025476932525634766e+00
7.821019887924194336e-01 7.538393139839172363e-02 6.185733675956726074e-01 1.744785881042480469e+01 -1.155221238732337952e-01 9.929886460304260254e-01 2.504912577569484711e-02 1.907638192176818848e+00 -6.123483777046203613e-01 -9.104990214109420776e-02 7.853274345397949219e-01 4.952242851257324219e+00
7.711337804794311523e-01 4.421067610383033752e-02 6.351368427276611328e-01 1.510596942901611328e+01 -1.217615380883216858e-01 9.894132018089294434e-01 7.896241545677185059e-02 1.360510706901550293e+00 -6.249217391014099121e-01 -1.382260769605636597e-01 7.683531641960144043e-01 4.442243576049804688e+00
7.991669774055480957e-01 1.055844873189926147e-02 6.010153293609619141e-01 1.364076995849609375e+01 -1.174532324075698853e-01 9.833160638809204102e-01 1.389026343822479248e-01 1.259301424026489258e+00 -5.895217657089233398e-01 -1.815979778766632080e-01 7.870746850967407227e-01 3.963731765747070312e+00
8.145568966865539551e-01 6.558723747730255127e-03 5.800465941429138184e-01 1.285900592803955078e+01 -1.043606922030448914e-01 9.852773547172546387e-01 1.354126334190368652e-01 1.158471465110778809e+00 -5.706186294555664062e-01 -1.708353906869888306e-01 8.032491803169250488e-01 3.099066734313964844e+00
7.562562823295593262e-01 2.922791987657546997e-02 6.536216139793395996e-01 1.157061195373535156e+01 -1.182226389646530151e-01 9.886620044708251953e-01 9.257656335830688477e-02 1.185963749885559082e+00 -6.435050368309020996e-01 -1.472844630479812622e-01 7.511379122734069824e-01 3.001672506332397461e+00
6.975188851356506348e-01 1.070709973573684692e-01 7.085204124450683594e-01 1.354803848266601562e+01 -2.122167199850082397e-01 9.752829670906066895e-01 6.153670325875282288e-02 1.636264204978942871e+00 -6.844198107719421387e-01 -1.932831406593322754e-01 7.030016779899597168e-01 3.136597394943237305e+00
6.938090324401855469e-01 1.204735264182090759e-01 7.100104093551635742e-01 1.413729572296142578e+01 -2.412312626838684082e-01 9.678292870521545410e-01 7.150706648826599121e-02 1.681133866310119629e+00 -6.785542964935302734e-01 -2.208893895149230957e-01 7.005509734153747559e-01 3.493183135986328125e+00
8.146243095397949219e-01 7.032689452171325684e-02 5.757116079330444336e-01 8.806803703308105469e+00 -1.086120903491973877e-01 9.935590624809265137e-01 3.231513872742652893e-02 1.308442115783691406e+00 -5.697301626205444336e-01 -8.885395526885986328e-02 8.170144557952880859e-01 4.113834857940673828e+00
7.655022144317626953e-01 7.642757892608642578e-02 6.388778090476989746e-01 8.832114219665527344e+00 -1.642980128526687622e-01 9.832224249839782715e-01 7.924050837755203247e-02 1.199479222297668457e+00 -6.221032142639160156e-01 -1.656252294778823853e-01 7.652162313461303711e-01 3.973682880401611328e+00
8.383083939552307129e-01 6.893930584192276001e-02 5.408191084861755371e-01 7.241484642028808594e+00 -1.766664236783981323e-01 9.727972745895385742e-01 1.498417258262634277e-01 1.071205496788024902e+00 -5.157780051231384277e-01 -2.211588323116302490e-01 8.276847004890441895e-01 3.785121440887451172e+00
8.757377266883850098e-01 6.360100954771041870e-02 4.785798490047454834e-01 6.213743686676025391e+00 -1.658152788877487183e-01 9.706075787544250488e-01 1.744311004877090454e-01 1.239473462104797363e+00 -4.534201622009277344e-01 -2.321118861436843872e-01 8.605437278747558594e-01 4.033103942871093750e+00
8.808081150054931641e-01 4.908085614442825317e-02 4.709234535694122314e-01 8.151480674743652344e+00 -1.233327090740203857e-01 9.840605854988098145e-01 1.281157732009887695e-01 6.827253699302673340e-01 -4.571294486522674561e-01 -1.709260791540145874e-01 8.728211522102355957e-01 3.989327907562255859e+00
9.901233315467834473e-01 -1.895515993237495422e-02 1.389094889163970947e-01 -2.176352500915527344e+00 9.722216986119747162e-03 9.977158904075622559e-01 6.684562563896179199e-02 -8.814242482185363770e-01 -1.398592591285705566e-01 -6.483498215675354004e-02 9.880464673042297363e-01 -4.620304107666015625e-01
9.667682051658630371e-01 6.835649907588958740e-02 2.463479787111282349e-01 3.532351255416870117e+00 -9.612730890512466431e-02 9.900753498077392578e-01 1.025171130895614624e-01 -2.538591384887695312e+00 -2.368954420089721680e-01 -1.227910593152046204e-01 9.637441635131835938e-01 -3.989000797271728516e+00
9.133493900299072266e-01 4.613249748945236206e-02 4.045561254024505615e-01 4.363936901092529297e+00 -1.512624323368072510e-01 9.609009623527526855e-01 2.319251596927642822e-01 8.890587687492370605e-01 -3.780395090579986572e-01 -2.730228900909423828e-01 8.846158981323242188e-01 3.258472204208374023e+00
9.227930903434753418e-01 6.720701605081558228e-02 3.793881833553314209e-01 3.691617012023925781e+00 -1.664029508829116821e-01 9.576193690299987793e-01 2.351058721542358398e-01 6.938801407814025879e-01 -3.475082516670227051e-01 -2.800852954387664795e-01 8.948686718940734863e-01 2.526322126388549805e+00
9.330512881278991699e-01 2.671464718878269196e-02 3.587497472763061523e-01 2.843736410140991211e+00 -9.617693722248077393e-02 9.794632196426391602e-01 1.772044450044631958e-01 3.746197223663330078e-01 -3.466480672359466553e-01 -1.998441368341445923e-01 9.164591431617736816e-01 2.018292188644409180e+00
8.947864174842834473e-01 4.679981991648674011e-02 4.440346360206604004e-01 3.077003002166748047e+00 -9.275144338607788086e-02 9.922798275947570801e-01 8.232337236404418945e-02 5.588005185127258301e-01 -4.367540478706359863e-01 -1.148467436432838440e-01 8.922197818756103516e-01 2.075076818466186523e+00
9.066593050956726074e-01 2.799054235219955444e-02 4.209354221820831299e-01 2.613457918167114258e+00 -7.863391190767288208e-02 9.915220737457275391e-01 1.034396216273307800e-01 5.430203080177307129e-01 -4.144714772701263428e-01 -1.268844157457351685e-01 9.011736512184143066e-01 1.689033746719360352e+00
9.289813637733459473e-01 6.376525759696960449e-02 3.645920157432556152e-01 1.005021095275878906e+00 -9.841111302375793457e-02 9.921448826789855957e-01 7.723032683134078979e-02 8.799683451652526855e-01 -3.568033277988433838e-01 -1.076254248619079590e-01 9.279592037200927734e-01 1.517969131469726562e+00
9.396418333053588867e-01 5.014139041304588318e-02 3.384661972522735596e-01 -1.242298856377601624e-01 -7.498174160718917847e-02 9.953343868255615234e-01 6.071156635880470276e-02 6.826295852661132812e-01 -3.338434398174285889e-01 -8.242594450712203979e-02 9.390180706977844238e-01 1.027064800262451172e+00
9.683008790016174316e-01 1.525034196674823761e-02 2.493218928575515747e-01 -1.802539587020874023e+00 -3.327090665698051453e-02 9.971147775650024414e-01 6.822431832551956177e-02 8.718021512031555176e-01 -2.475618124008178711e-01 -7.435707747936248779e-02 9.660143256187438965e-01 1.299939393997192383e+00
9.708875417709350586e-01 2.303198445588350296e-03 2.395242601633071899e-01 -2.581044435501098633e+00 -3.649548068642616272e-02 9.897018671035766602e-01 1.384129524230957031e-01 4.220264554023742676e-01 -2.367388755083084106e-01 -1.431245803833007812e-01 9.609733223915100098e-01 9.981390237808227539e-01
9.938421249389648438e-01 -2.822975441813468933e-02 1.071490123867988586e-01 -5.204194545745849609e+00 1.730417273938655853e-02 9.946790933609008789e-01 1.015585660934448242e-01 5.158659815788269043e-02 -1.094458401203155518e-01 -9.907895326614379883e-02 9.890422821044921875e-01 6.286106109619140625e-01
9.929960966110229492e-01 3.790347278118133545e-02 1.118986606597900391e-01 -9.636212348937988281e+00 -5.800092220306396484e-02 9.815444946289062500e-01 1.822244971990585327e-01 5.008940100669860840e-01 -1.029265448451042175e-01 -1.874384880065917969e-01 9.768688082695007324e-01 6.976982355117797852e-01
9.979118704795837402e-01 6.448119878768920898e-02 -3.917719703167676926e-03 -8.405684471130371094e+00 -6.291047483682632446e-02 9.837977886199951172e-01 1.678859591484069824e-01 1.420677155256271362e-01 1.467928849160671234e-02 -1.672885417938232422e-01 9.857987761497497559e-01 1.389516890048980713e-02
9.976750612258911133e-01 2.176386117935180664e-02 -6.458100676536560059e-02 -9.561683654785156250e+00 -1.352234371006488800e-02 9.920130968093872070e-01 1.254047304391860962e-01 -1.487019211053848267e-01 6.679446995258331299e-02 -1.242398843169212341e-01 9.900014400482177734e-01 -4.000868201255798340e-01
9.903974533081054688e-01 -2.335061691701412201e-02 -1.362607628107070923e-01 -1.096829128265380859e+01 2.865761891007423401e-02 9.988996982574462891e-01 3.711547702550888062e-02 -4.177846312522888184e-01 1.352442651987075806e-01 -4.066381976008415222e-02 9.899775385856628418e-01 -8.360046744346618652e-01
9.770289063453674316e-01 7.156774867326021194e-03 -2.129863053560256958e-01 -1.273608493804931641e+01 1.771600358188152313e-02 9.932489991188049316e-01 1.146423816680908203e-01 -3.916306495666503906e-01 2.123688310384750366e-01 -1.157821416854858398e-01 9.703060984611511230e-01 -1.782964706420898438e+00
9.898558855056762695e-01 -8.348201401531696320e-03 -1.418290436267852783e-01 -1.451882266998291016e+01 2.148815989494323730e-02 9.955846071243286133e-01 9.136738628149032593e-02 -6.151193380355834961e-01 1.404401361942291260e-01 -9.348803758621215820e-02 9.856654405593872070e-01 -1.579021811485290527e+00
9.592227935791015625e-01 2.056339010596275330e-02 -2.818994224071502686e-01 -1.508636665344238281e+01 8.735440671443939209e-03 9.947171807289123535e-01 1.022827699780464172e-01 -4.867136478424072266e-01 2.825140655040740967e-01 -1.005743220448493958e-01 9.539762139320373535e-01 -1.896981120109558105e+00
8.665092587471008301e-01 -7.638558745384216309e-02 -4.932812452316284180e-01 -1.761301040649414062e+01 1.326110810041427612e-01 9.879366159439086914e-01 7.996483892202377319e-02 -7.532607913017272949e-01 4.812228977680206299e-01 -1.347052603960037231e-01 8.661865592002868652e-01 -2.756552696228027344e+00
8.561204075813293457e-01 -7.027415931224822998e-02 -5.119755864143371582e-01 -1.970961761474609375e+01 1.173195913434028625e-01 9.912731647491455078e-01 6.011722981929779053e-02 -1.180232167243957520e+00 5.032832026481628418e-01 -1.115326657891273499e-01 8.568931818008422852e-01 -3.473340988159179688e+00
8.118484020233154297e-01 -5.186154693365097046e-02 -5.815616250038146973e-01 -2.034758186340332031e+01 1.440785229206085205e-01 9.830400943756103516e-01 1.134658455848693848e-01 -8.659390807151794434e-01 5.658131837844848633e-01 -1.759072989225387573e-01 8.055509924888610840e-01 -3.551323890686035156e+00
8.156960010528564453e-01 -8.649747073650360107e-02 -5.719782710075378418e-01 -2.254086303710937500e+01 1.597194075584411621e-01 9.839990139007568359e-01 7.896970957517623901e-02 -1.015982627868652344e+00 5.559955239295959473e-01 -1.557712703943252563e-01 8.164586424827575684e-01 -3.842004537582397461e+00
7.881696224212646484e-01 -2.716967463493347168e-02 -6.148591041564941406e-01 -2.473047065734863281e+01 1.315389126539230347e-01 9.833782911300659180e-01 1.251620352268218994e-01 -1.347258210182189941e+00 6.012380719184875488e-01 -1.795268058776855469e-01 7.786419987678527832e-01 -4.373437881469726562e+00
7.666094899177551270e-01 -6.366105377674102783e-02 -6.389493346214294434e-01 -2.696679496765136719e+01 1.380444020032882690e-01 9.881458878517150879e-01 6.717245280742645264e-02 -1.342254161834716797e+00 6.270989179611206055e-01 -1.396985650062561035e-01 7.663104534149169922e-01 -4.652709960937500000e+00
7.951549291610717773e-01 -6.306030601263046265e-02 -6.031195521354675293e-01 -2.966315650939941406e+01 1.363650262355804443e-01 9.876994490623474121e-01 7.651495188474655151e-02 -1.528326511383056641e+00 5.908752083778381348e-01 -1.430860161781311035e-01 7.939727306365966797e-01 -5.041468143463134766e+00
7.462482452392578125e-01 -3.663155436515808105e-02 -6.646585464477539062e-01 -3.133966445922851562e+01 1.403962969779968262e-01 9.846851229667663574e-01 1.033613309264183044e-01 -1.665125250816345215e+00 6.506934165954589844e-01 -1.704488992691040039e-01 7.399628758430480957e-01 -5.628544807434082031e+00
7.141618728637695312e-01 -2.502141334116458893e-02 -6.995334625244140625e-01 -3.313947296142578125e+01 1.397860497236251831e-01 9.843298792839050293e-01 1.075010672211647034e-01 -1.505663037300109863e+00 6.858814358711242676e-01 -1.745581775903701782e-01 7.064675092697143555e-01 -5.105532169342041016e+00
6.648320555686950684e-01 -8.062760531902313232e-02 -7.426286935806274414e-01 -3.618458938598632812e+01 1.731946617364883423e-01 9.837051033973693848e-01 4.824933037161827087e-02 -1.598733663558959961e+00 7.266373634338378906e-01 -1.606969535350799561e-01 6.679632067680358887e-01 -4.942893505096435547e+00
4.342381954193115234e-01 -1.889954209327697754e-01 -8.807488679885864258e-01 -5.701177978515625000e+01 2.307769954204559326e-01 9.684519171714782715e-01 -9.403462707996368408e-02 -2.741902828216552734e+00 8.707347512245178223e-01 -1.624230891466140747e-01 4.641544818878173828e-01 -6.780708789825439453e+00
4.346158504486083984e-01 -2.152202129364013672e-01 -8.745223283767700195e-01 -5.694314193725585938e+01 2.362090498208999634e-01 9.642742872238159180e-01 -1.199183389544487000e-01 -2.784294605255126953e+00 8.690882921218872070e-01 -1.544519364833831787e-01 4.699256122112274170e-01 -6.721863269805908203e+00
4.285626709461212158e-01 -1.952773481607437134e-01 -8.821571469306945801e-01 -5.712055969238281250e+01 2.162805795669555664e-01 9.701514840126037598e-01 -1.096847355365753174e-01 -2.908236980438232422e+00 8.772442340850830078e-01 -1.437858045101165771e-01 4.580046236515045166e-01 -6.834075450897216797e+00
4.410888552665710449e-01 -1.622872352600097656e-01 -8.826689124107360840e-01 -5.619868087768554688e+01 1.983363181352615356e-01 9.768235683441162109e-01 -8.048588782548904419e-02 -2.698838949203491211e+00 8.752734065055847168e-01 -1.395636647939682007e-01 4.630530178546905518e-01 -6.734775543212890625e+00
4.376763999462127686e-01 -1.301145106554031372e-01 -8.896682262420654297e-01 -5.426802825927734375e+01 2.021306157112121582e-01 9.783852696418762207e-01 -4.365062341094017029e-02 -2.543851375579833984e+00 8.761181235313415527e-01 -1.607240140438079834e-01 4.545162320137023926e-01 -6.790617942810058594e+00
3.750332891941070557e-01 -1.186618208885192871e-01 -9.193851351737976074e-01 -5.314276123046875000e+01 1.490374654531478882e-01 9.865904450416564941e-01 -6.654045730829238892e-02 -2.714553833007812500e+00 9.149520993232727051e-01 -1.120681837201118469e-01 3.876892626285552979e-01 -7.053840637207031250e+00
4.139168262481689453e-01 -1.358755081892013550e-01 -9.001172780990600586e-01 -5.333054733276367188e+01 1.829665899276733398e-01 9.810369014739990234e-01 -6.395392119884490967e-02 -2.678131341934204102e+00 8.917378783226013184e-01 -1.382198631763458252e-01 4.309284985065460205e-01 -6.694646358489990234e+00
4.578119516372680664e-01 -1.299682110548019409e-01 -8.794981837272644043e-01 -5.271727371215820312e+01 1.675956547260284424e-01 9.841369986534118652e-01 -5.819148570299148560e-02 -2.471294641494750977e+00 8.731093406677246094e-01 -1.207594797015190125e-01 4.723313450813293457e-01 -6.451976776123046875e+00
5.532808303833007812e-01 -1.074629500508308411e-01 -8.260333538055419922e-01 -5.185375976562500000e+01 1.749966591596603394e-01 9.845085740089416504e-01 -1.086591836065053940e-02 -2.442700147628784180e+00 8.144047260284423828e-01 -1.385423094034194946e-01 5.635159611701965332e-01 -6.101157665252685547e+00
5.575845837593078613e-01 -9.846667945384979248e-02 -8.242595791816711426e-01 -5.104341888427734375e+01 1.788475364446640015e-01 9.838700294494628906e-01 3.451018361374735832e-03 -2.361726522445678711e+00 8.106244206428527832e-01 -1.493414938449859619e-01 5.662019252777099609e-01 -6.280851840972900391e+00
5.893445611000061035e-01 -9.375369548797607422e-02 -8.024233579635620117e-01 -5.013806152343750000e+01 1.704274415969848633e-01 9.853196740150451660e-01 1.004794146865606308e-02 -2.400959968566894531e+00 7.897010445594787598e-01 -1.426759213209152222e-01 5.966706275939941406e-01 -5.968462467193603516e+00
5.548218488693237305e-01 -9.019235521554946899e-02 -8.270658850669860840e-01 -4.971550750732421875e+01 1.703580170869827271e-01 9.853589534759521484e-01 6.827185396105051041e-03 -2.275685071945190430e+00 8.143412470817565918e-01 -1.446850895881652832e-01 5.620636940002441406e-01 -5.746102333068847656e+00
5.491079688072204590e-01 -1.064126342535018921e-01 -8.289493322372436523e-01 -4.916200637817382812e+01 1.782173067331314087e-01 9.839564561843872070e-01 -8.257101289927959442e-03 -2.285032272338867188e+00 8.165283203125000000e-01 -1.431993246078491211e-01 5.592631697654724121e-01 -5.752973556518554688e+00
5.550318956375122070e-01 -8.619620651006698608e-02 -8.273509740829467773e-01 -4.764745330810546875e+01 1.442216485738754272e-01 9.895247817039489746e-01 -6.340628489851951599e-03 -2.166365861892700195e+00 8.192310929298400879e-01 -1.158022657036781311e-01 5.616489648818969727e-01 -5.259715557098388672e+00
5.684491991996765137e-01 -7.772973179817199707e-02 -8.190380334854125977e-01 -4.710447692871093750e+01 1.432762891054153442e-01 9.896674156188964844e-01 5.517396144568920135e-03 -2.077925205230712891e+00 8.101463913917541504e-01 -1.204850599169731140e-01 5.737125277519226074e-01 -5.169583320617675781e+00
5.678567290306091309e-01 -8.666955679655075073e-02 -8.185515403747558594e-01 -4.613729858398437500e+01 1.360944807529449463e-01 9.906404614448547363e-01 -1.047751307487487793e-02 -2.213709354400634766e+00 8.117982149124145508e-01 -1.054501309990882874e-01 5.743373632431030273e-01 -5.234832763671875000e+00
6.173893809318542480e-01 -9.572736918926239014e-02 -7.808117270469665527e-01 -4.519940948486328125e+01 1.647811233997344971e-01 9.862854480743408203e-01 9.374250657856464386e-03 -1.924192309379577637e+00 7.692062854766845703e-01 -1.344509422779083252e-01 6.246963143348693848e-01 -4.680071830749511719e+00
6.287897825241088867e-01 -7.440307736396789551e-02 -7.740074396133422852e-01 -4.437349319458007812e+01 1.696303933858871460e-01 9.845625162124633789e-01 4.316151887178421021e-02 -1.941679120063781738e+00 7.588471174240112305e-01 -1.584346145391464233e-01 6.317040324211120605e-01 -4.732194900512695312e+00
6.331870555877685547e-01 -6.182758882641792297e-02 -7.715258002281188965e-01 -4.308784103393554688e+01 1.216552928090095520e-01 9.923644065856933594e-01 2.031665109097957611e-02 -1.614327788352966309e+00 7.643780112266540527e-01 -1.067246869206428528e-01 6.358739137649536133e-01 -4.203585147857666016e+00
6.449877023696899414e-01 -4.916361719369888306e-02 -7.626098394393920898e-01 -4.251570129394531250e+01 1.153400242328643799e-01 9.927591085433959961e-01 3.354955092072486877e-02 -1.666136860847473145e+00 7.554383873939514160e-01 -1.095983609557151794e-01 6.459882855415344238e-01 -4.307880878448486328e+00
6.302762031555175781e-01 -6.148162111639976501e-02 -7.739326953887939453e-01 -4.203362274169921875e+01 1.526002883911132812e-01 9.872239232063293457e-01 4.584915935993194580e-02 -1.553719878196716309e+00 7.612262368202209473e-01 -1.470000445842742920e-01 6.316060423851013184e-01 -3.756063222885131836e+00
6.048085093498229980e-01 -4.961825907230377197e-02 -7.948237657546997070e-01 -4.113462829589843750e+01 1.425542235374450684e-01 9.886822700500488281e-01 4.675417020916938782e-02 -1.608041882514953613e+00 7.835079431533813477e-01 -1.415825635194778442e-01 6.050365567207336426e-01 -4.302448749542236328e+00
6.354603767395019531e-01 -9.523428976535797119e-02 -7.662383317947387695e-01 -3.964890289306640625e+01 1.541637778282165527e-01 9.880323410034179688e-01 5.051317624747753143e-03 -1.612701535224914551e+00 7.565871477127075195e-01 -1.213360577821731567e-01 6.425368785858154297e-01 -3.783368349075317383e+00
6.445472836494445801e-01 -4.571207240223884583e-02 -7.631968259811401367e-01 -3.933389663696289062e+01 1.599978655576705933e-01 9.841740727424621582e-01 7.617659121751785278e-02 -1.430623292922973633e+00 7.476362586021423340e-01 -1.712096184492111206e-01 6.416602730751037598e-01 -3.796458244323730469e+00
6.119223237037658691e-01 -5.825954675674438477e-02 -7.887692451477050781e-01 -3.855697250366210938e+01 1.450529694557189941e-01 9.886351823806762695e-01 3.950970992445945740e-02 -1.663270950317382812e+00 7.775031924247741699e-01 -1.385901868343353271e-01 6.134188175201416016e-01 -4.181982517242431641e+00
6.483529806137084961e-01 -6.163435522466897964e-03 -7.613145112991333008e-01 -3.838834381103515625e+01 1.134124994277954102e-01 9.895920157432556152e-01 8.857295662164688110e-02 -1.265842676162719727e+00 7.528457641601562500e-01 -1.437693536281585693e-01 6.423043608665466309e-01 -3.596977710723876953e+00
6.573941707611083984e-01 -3.554066643118858337e-03 -7.535381913185119629e-01 -3.749576187133789062e+01 9.809415787458419800e-02 9.918832778930664062e-01 8.090039342641830444e-02 -1.311400055885314941e+00 7.471349239349365234e-01 -1.271016150712966919e-01 6.524071097373962402e-01 -3.631593465805053711e+00
6.730474829673767090e-01 -2.810934325680136681e-03 -7.395942211151123047e-01 -3.670967102050781250e+01 1.050820201635360718e-01 9.902111887931823730e-01 9.186393767595291138e-02 -1.128967046737670898e+00 7.320962548255920410e-01 -1.395468711853027344e-01 6.667547821998596191e-01 -3.305270433425903320e+00
6.351615190505981445e-01 -8.973495662212371826e-02 -7.671490311622619629e-01 -3.635141372680664062e+01 1.598312556743621826e-01 9.870004057884216309e-01 1.688139699399471283e-02 -1.442051291465759277e+00 7.556619048118591309e-01 -1.333368569612503052e-01 6.412468552589416504e-01 -3.782834529876708984e+00
6.637699007987976074e-01 -9.727440029382705688e-02 -7.415842413902282715e-01 -3.545174026489257812e+01 1.680935472249984741e-01 9.855437278747558594e-01 2.118073403835296631e-02 -1.550795435905456543e+00 7.288023829460144043e-01 -1.387142390012741089e-01 6.705250740051269531e-01 -4.072312355041503906e+00
6.955010294914245605e-01 -7.857783883810043335e-02 -7.142150998115539551e-01 -3.397767257690429688e+01 1.426862925291061401e-01 9.893100261688232422e-01 3.010379895567893982e-02 -1.525996804237365723e+00 7.042147517204284668e-01 -1.228458508849143982e-01 6.992784738540649414e-01 -3.696788787841796875e+00
7.405963540077209473e-01 -2.290883474051952362e-02 -6.715598702430725098e-01 -3.332955169677734375e+01 1.141158342361450195e-01 9.891890883445739746e-01 9.210277348756790161e-02 -1.259578704833984375e+00 6.621894836425781250e-01 -1.448464691638946533e-01 7.352038621902465820e-01 -3.441497325897216797e+00
7.426992654800415039e-01 -1.046423688530921936e-01 -6.613973379135131836e-01 -3.310021591186523438e+01 1.474683880805969238e-01 9.890251755714416504e-01 9.118896909058094025e-03 -1.412528157234191895e+00 6.531849503517150879e-01 -1.043078228831291199e-01 7.499794363975524902e-01 -3.384074687957763672e+00
7.688579559326171875e-01 -8.870656788349151611e-02 -6.332367062568664551e-01 -3.243329238891601562e+01 1.439226418733596802e-01 9.889258742332458496e-01 3.621383011341094971e-02 -1.355170607566833496e+00 6.230118274688720703e-01 -1.189803555607795715e-01 7.731102108955383301e-01 -3.506402254104614258e+00
7.433608174324035645e-01 -9.474574774503707886e-02 -6.621461510658264160e-01 -3.182506179809570312e+01 1.547766327857971191e-01 9.874160885810852051e-01 3.247188404202461243e-02 -1.327965736389160156e+00 6.507368683815002441e-01 -1.266228258609771729e-01 7.486706972122192383e-01 -3.204451799392700195e+00
7.345237731933593750e-01 -8.735217154026031494e-02 -6.729376912117004395e-01 -3.081513595581054688e+01 1.507575660943984985e-01 9.879034757614135742e-01 3.631785511970520020e-02 -1.170126795768737793e+00 6.616255044937133789e-01 -1.281275898218154907e-01 7.388070225715637207e-01 -3.185957670211791992e+00
7.309672236442565918e-01 -5.179975926876068115e-02 -6.804434657096862793e-01 -2.942570877075195312e+01 1.350549012422561646e-01 9.883732795715332031e-01 6.984142959117889404e-02 -1.044655203819274902e+00 6.689142584800720215e-01 -1.429490447044372559e-01 7.294645309448242188e-01 -2.607143402099609375e+00
7.331182360649108887e-01 -3.826543688774108887e-02 -6.790239214897155762e-01 -2.916072463989257812e+01 1.175822168588638306e-01 9.905128479003906250e-01 7.113026082515716553e-02 -9.536044001579284668e-01 6.698591113090515137e-01 -1.319877803325653076e-01 7.306619286537170410e-01 -2.229182958602905273e+00
7.384511232376098633e-01 -2.015608921647071838e-02 -6.740052103996276855e-01 -2.719145202636718750e+01 9.812139719724655151e-02 9.921258687973022461e-01 7.783403247594833374e-02 -9.880359768867492676e-01 6.671289801597595215e-01 -1.236109957098960876e-01 7.346146702766418457e-01 -2.314299821853637695e+00
7.620297074317932129e-01 -4.224940016865730286e-02 -6.461629867553710938e-01 -2.708635330200195312e+01 1.170129925012588501e-01 9.904264211654663086e-01 7.323616743087768555e-02 -9.965273141860961914e-01 6.368826627731323242e-01 -1.314176023006439209e-01 7.596776485443115234e-01 -2.026602029800415039e+00
7.577223777770996094e-01 -5.598033312708139420e-03 -6.525542140007019043e-01 -2.578108215332031250e+01 7.771180570125579834e-02 9.936218261718750000e-01 8.171215653419494629e-02 -8.708785176277160645e-01 6.479344367980957031e-01 -1.126262098550796509e-01 7.533236742019653320e-01 -1.962732672691345215e+00
7.690395712852478027e-01 -3.563921898603439331e-02 -6.382092237472534180e-01 -2.504487037658691406e+01 1.009092703461647034e-01 9.926931262016296387e-01 6.616111844778060913e-02 -9.099207520484924316e-01 6.311873793601989746e-01 -1.152816265821456909e-01 7.670154571533203125e-01 -2.205585956573486328e+00
7.855561971664428711e-01 -2.584333717823028564e-02 -6.182501912117004395e-01 -2.402752113342285156e+01 7.609192281961441040e-02 9.955793023109436035e-01 5.506717413663864136e-02 -1.035180449485778809e+00 6.140936017036437988e-01 -9.030220657587051392e-02 7.840499281883239746e-01 -2.057107925415039062e+00
7.877437472343444824e-01 -2.573559060692787170e-02 -6.154655218124389648e-01 -2.285644340515136719e+01 1.059409677982330322e-01 9.899000525474548340e-01 9.420303255319595337e-02 -1.132564663887023926e+00 6.068248152732849121e-01 -1.394109725952148438e-01 7.825141549110412598e-01 -2.285154581069946289e+00
8.173151016235351562e-01 -4.321644455194473267e-02 -5.745689272880554199e-01 -2.222593307495117188e+01 8.741427958011627197e-02 9.949417114257812500e-01 4.950991645455360413e-02 -7.016428112983703613e-01 5.695222616195678711e-01 -9.069032967090606689e-02 8.169575929641723633e-01 -6.785048246383666992e-01
8.291470408439636230e-01 -4.564920812845230103e-02 -5.571640133857727051e-01 -2.051063537597656250e+01 9.411936253309249878e-02 9.938327670097351074e-01 5.863812938332557678e-02 -8.490169048309326172e-01 5.510506629943847656e-01 -1.010592132806777954e-01 8.283298015594482422e-01 -1.024249196052551270e+00
8.597376346588134766e-01 -1.587891578674316406e-02 -5.104889869689941406e-01 -2.004424476623535156e+01 5.819085985422134399e-02 9.960538744926452637e-01 6.701820343732833862e-02 -6.677258610725402832e-01 5.074102282524108887e-01 -8.732368052005767822e-02 8.572685718536376953e-01 -9.701294898986816406e-01
8.603895306587219238e-01 -3.487511351704597473e-02 -5.084416270256042480e-01 -1.970075798034667969e+01 8.863428980112075806e-02 9.926912188529968262e-01 8.189716190099716187e-02 -2.950646579265594482e-01 5.018692612648010254e-01 -1.155287548899650574e-01 8.571929931640625000e-01 -6.359781026840209961e-01
8.402301073074340820e-01 -4.375257715582847595e-02 -5.404611825942993164e-01 -2.009888458251953125e+01 9.701196849346160889e-02 9.927862882614135742e-01 7.045000791549682617e-02 -3.522297143936157227e-01 5.334795117378234863e-01 -1.116253137588500977e-01 8.384141921997070312e-01 -2.240043580532073975e-01
8.228670954704284668e-01 -9.279299527406692505e-02 -5.606055259704589844e-01 -1.929449272155761719e+01 1.509521752595901489e-01 9.868246316909790039e-01 5.822830647230148315e-02 -3.439556956291198730e-01 5.478162765502929688e-01 -1.325387805700302124e-01 8.260329961776733398e-01 -4.842948913574218750e-01
8.703573942184448242e-01 -6.612451374530792236e-02 -4.879605770111083984e-01 -1.743701934814453125e+01 1.355109810829162598e-01 9.848441481590270996e-01 1.082483232021331787e-01 -1.126728951930999756e-02 4.734076857566833496e-01 -1.603387445211410522e-01 8.661274313926696777e-01 -1.153684332966804504e-01
8.726296424865722656e-01 -3.300315514206886292e-02 -4.872654676437377930e-01 -1.641784858703613281e+01 1.204118952155113220e-01 9.814528226852416992e-01 1.491671651601791382e-01 -4.114997386932373047e-01 4.733053445816040039e-01 -1.888402700424194336e-01 8.604192137718200684e-01 -1.400301456451416016e+00
9.283820986747741699e-01 -1.234602369368076324e-02 -3.714214563369750977e-01 -1.586206626892089844e+01 7.060015201568603516e-02 9.871063232421875000e-01 1.436559408903121948e-01 -4.359756708145141602e-01 3.648589253425598145e-01 -1.595900505781173706e-01 9.172836542129516602e-01 -8.471699953079223633e-01
9.413062930107116699e-01 -2.028983831405639648e-02 -3.369424045085906982e-01 -1.490318679809570312e+01 6.161484867334365845e-02 9.917495846748352051e-01 1.124109029769897461e-01 -2.726259827613830566e-01 3.318811357021331787e-01 -1.265732645988464355e-01 9.347904324531555176e-01 -1.287858963012695312e+00
9.262620210647583008e-01 -4.343029856681823730e-02 -3.743696212768554688e-01 -1.623060607910156250e+01 7.093165069818496704e-02 9.956765174865722656e-01 5.998893827199935913e-02 -4.224331378936767578e-01 3.701457679271697998e-01 -8.211959153413772583e-02 9.253378510475158691e-01 -1.213321208953857422e+00
9.571208953857421875e-01 -4.958304017782211304e-02 -2.854132056236267090e-01 -1.387626457214355469e+01 6.435639411211013794e-02 9.970163702964782715e-01 4.261066764593124390e-02 -2.028345167636871338e-01 2.824492454528808594e-01 -5.915170535445213318e-02 9.574569463729858398e-01 -6.587914228439331055e-01
9.501467347145080566e-01 -3.329072520136833191e-02 -3.100226521492004395e-01 -1.344589710235595703e+01 3.828882053494453430e-02 9.992164969444274902e-01 1.004778966307640076e-02 -1.042757332324981689e-01 3.094446659088134766e-01 -2.141710184514522552e-02 9.506760239601135254e-01 -6.635510325431823730e-01
9.470251202583312988e-01 -7.555191963911056519e-02 -3.121474683284759521e-01 -1.301316928863525391e+01 8.961421251296997070e-02 9.954962730407714844e-01 3.093210235238075256e-02 2.434991151094436646e-01 3.084045946598052979e-01 -5.726632103323936462e-02 9.495298862457275391e-01 -6.288263797760009766e-01
9.387105703353881836e-01 -9.907048195600509644e-02 -3.301655650138854980e-01 -1.206731224060058594e+01 1.036318689584732056e-01 9.946079850196838379e-01 -3.802497638389468193e-03 -1.216325163841247559e-02 3.287623226642608643e-01 -3.064559772610664368e-02 9.439151883125305176e-01 2.253480851650238037e-01
9.547080397605895996e-01 -7.894254475831985474e-02 -2.868833541870117188e-01 -1.129450035095214844e+01 8.529938012361526489e-02 9.963088035583496094e-01 9.707873687148094177e-03 -3.047262877225875854e-02 2.850583195686340332e-01 -3.373869881033897400e-02 9.579168558120727539e-01 2.511886358261108398e-01
9.461539983749389648e-01 -7.075661420822143555e-02 -3.158901035785675049e-01 -1.060224056243896484e+01 7.576044648885726929e-02 9.971201419830322266e-01 3.571738023310899734e-03 -1.153261363506317139e-01 3.147284388542175293e-01 -2.731149271130561829e-02 9.487893581390380859e-01 6.570618599653244019e-02
9.559318423271179199e-01 -4.461922124028205872e-02 -2.901818752288818359e-01 -9.192816734313964844e+00 4.796386137604713440e-02 9.988394975662231445e-01 4.419627599418163300e-03 3.209982514381408691e-01 2.896471023559570312e-01 -1.814318634569644928e-02 9.569614529609680176e-01 8.025370240211486816e-01
9.720339775085449219e-01 -3.928711265325546265e-02 -2.315297871828079224e-01 -8.136891365051269531e+00 3.851262480020523071e-02 9.992267489433288574e-01 -7.866605184972286224e-03 2.033391445875167847e-01 2.316600680351257324e-01 -1.270170556381344795e-03 9.727958440780639648e-01 1.152403712272644043e+00
9.791517853736877441e-01 -6.435940414667129517e-02 -1.926653087139129639e-01 -7.488983631134033203e+00 6.813406199216842651e-02 9.975910782814025879e-01 1.302459556609392166e-02 3.910020589828491211e-01 1.913628727197647095e-01 -2.587981335818767548e-02 9.811780452728271484e-01 1.199665784835815430e+00
9.891091585159301758e-01 -5.949149280786514282e-02 -1.346294134855270386e-01 -7.406092643737792969e+00 6.399936974048614502e-02 9.975167512893676758e-01 2.940575405955314636e-02 5.202612876892089844e-01 1.325452625751495361e-01 -3.770169243216514587e-02 9.904596209526062012e-01 1.706095099449157715e+00
9.919080138206481934e-01 -6.860146671533584595e-02 -1.068312749266624451e-01 -6.994020462036132812e+00 7.456493377685546875e-02 9.958142042160034180e-01 5.286138132214546204e-02 -5.309020876884460449e-01 1.027578040957450867e-01 -6.039944291114807129e-02 9.928709864616394043e-01 2.828336000442504883e+00
9.919493198394775391e-01 -6.007927283644676208e-02 -1.114778667688369751e-01 -6.337570667266845703e+00 6.627397239208221436e-02 9.964079856872558594e-01 5.271934345364570618e-02 3.996868133544921875e-01 1.079100146889686584e-01 -5.968309938907623291e-02 9.923676252365112305e-01 2.083942890167236328e+00
9.998656511306762695e-01 -1.348267402499914169e-02 9.284602478146553040e-03 -5.653405189514160156e+00 1.296259090304374695e-02 9.984583258628845215e-01 5.396850779652595520e-02 1.679103225469589233e-01 -9.997901506721973419e-03 -5.384094268083572388e-02 9.984995126724243164e-01 1.645198345184326172e+00
9.911542534828186035e-01 -3.894648049026727676e-03 1.326613575220108032e-01 -6.789445877075195312e+00 2.635917335283011198e-04 9.996256828308105469e-01 2.737396210432052612e-02 3.534891605377197266e-01 -1.327185779809951782e-01 -2.709662355482578278e-02 9.907833337783813477e-01 1.884398102760314941e+00
9.872416853904724121e-01 5.032015219330787659e-02 1.510667502880096436e-01 -3.556720495223999023e+00 -5.491368845105171204e-02 9.981421828269958496e-01 2.639100328087806702e-02 4.343953728675842285e-02 -1.494580954313278198e-01 -3.435015305876731873e-02 9.881709814071655273e-01 1.769656538963317871e+00
