5.100978016853332520e-01 -8.173338323831558228e-02 -8.562242388725280762e-01 -5.952141952514648438e+01 2.002410143613815308e-01 9.794068336486816406e-01 2.580196969211101532e-02 -2.060705900192260742e+00 8.364829421043395996e-01 -1.846127510070800781e-01 5.159596204757690430e-01 -4.260731220245361328e+00
5.087607502937316895e-01 -8.244567364454269409e-02 -8.569511175155639648e-01 -5.959154129028320312e+01 1.995688974857330322e-01 9.795840382575988770e-01 2.423749864101409912e-02 -2.074899435043334961e+00 8.374574184417724609e-01 -1.833518743515014648e-01 5.148275494575500488e-01 -4.239275932312011719e+00
5.072215199470520020e-01 -8.316335082054138184e-02 -8.577937483787536621e-01 -5.963940048217773438e+01 1.996738463640213013e-01 9.795901179313659668e-01 2.309749275445938110e-02 -2.075037956237792969e+00 8.383654356002807617e-01 -1.829945296049118042e-01 5.134747624397277832e-01 -4.236007690429687500e+00
4.990326762199401855e-01 -8.971339464187622070e-02 -8.619269132614135742e-01 -5.997212982177734375e+01 1.986539363861083984e-01 9.799832701683044434e-01 1.301406230777502060e-02 -2.171073675155639648e+00 8.435063958168029785e-01 -1.777196079492568970e-01 5.068655610084533691e-01 -4.181440830230712891e+00
4.931079745292663574e-01 -9.495557099580764771e-02 -8.647705316543579102e-01 -5.988830947875976562e+01 2.017465233802795410e-01 9.794091582298278809e-01 7.496171630918979645e-03 -2.108570814132690430e+00 8.462522625923156738e-01 -1.781608760356903076e-01 5.021113753318786621e-01 -4.122826099395751953e+00
4.901100397109985352e-01 -9.544533491134643555e-02 -8.664191961288452148e-01 -5.989462280273437500e+01 1.994495987892150879e-01 9.798959493637084961e-01 4.877239465713500977e-03 -2.127325773239135742e+00 8.485352993011474609e-01 -1.751973479986190796e-01 4.992933273315429688e-01 -4.110430240631103516e+00
4.259242713451385498e-01 -9.700796008110046387e-02 -8.995432257652282715e-01 -5.980007171630859375e+01 2.074346840381622314e-01 9.782217741012573242e-01 -7.274632342159748077e-03 -2.044041156768798828e+00 8.806585669517517090e-01 -1.834980100393295288e-01 4.367712140083312988e-01 -4.243546009063720703e+00
3.937312662601470947e-01 -9.831592440605163574e-02 -9.139527678489685059e-01 -5.971086883544921875e+01 2.157704234123229980e-01 9.763695001602172852e-01 -1.207622233778238297e-02 -2.254881381988525391e+00 8.935428261756896973e-01 -1.924491971731185913e-01 4.056408405303955078e-01 -4.278336524963378906e+00
4.527235925197601318e-01 -9.554944187402725220e-02 -8.865166306495666504e-01 -5.924407958984375000e+01 2.068168818950653076e-01 9.783795475959777832e-01 1.660917914705350995e-04 -2.335462331771850586e+00 8.673339486122131348e-01 -1.834217458963394165e-01 4.626967906951904297e-01 -4.587741851806640625e+00
4.901196062564849854e-01 -1.051337271928787231e-01 -8.652916550636291504e-01 -5.896759033203125000e+01 2.129716873168945312e-01 9.770565032958984375e-01 1.918430090881884098e-03 -2.461734294891357422e+00 8.452371954917907715e-01 -1.852228939533233643e-01 5.012650489807128906e-01 -4.970316886901855469e+00
5.294250249862670898e-01 -3.929650038480758667e-02 -8.474460244178771973e-01 -5.881272888183593750e+01 1.670939177274703979e-01 9.841889739036560059e-01 5.875126272439956665e-02 -2.508931636810302734e+00 8.317384123802185059e-01 -1.727074682712554932e-01 5.276204943656921387e-01 -5.518501758575439453e+00
4.017896056175231934e-01 -1.209400445222854614e-01 -9.077106118202209473e-01 -5.837916946411132812e+01 2.186106145381927490e-01 9.752480983734130859e-01 -3.317257389426231384e-02 -2.395383834838867188e+00 8.892551064491271973e-01 -1.851067543029785156e-01 4.182833433151245117e-01 -6.052358150482177734e+00
3.874312639236450195e-01 -1.802407354116439819e-01 -9.041075110435485840e-01 -5.806272506713867188e+01 1.982273012399673462e-01 9.740496873855590820e-01 -1.092391982674598694e-01 -2.619435071945190430e+00 9.003348946571350098e-01 -1.368961185216903687e-01 4.131059050559997559e-01 -6.546142578125000000e+00
3.674608170986175537e-01 -1.863683611154556274e-01 -9.111747145652770996e-01 -5.777823257446289062e+01 1.627414971590042114e-01 9.774857759475708008e-01 -1.343006044626235962e-01 -2.975748062133789062e+00 9.156898260116577148e-01 -9.893570095300674438e-02 3.895175755023956299e-01 -7.025078296661376953e+00
4.371936023235321045e-01 -1.736602336168289185e-01 -8.824419379234313965e-01 -5.743736648559570312e+01 1.856773793697357178e-01 9.774711132049560547e-01 -1.003701835870742798e-01 -3.115880966186523438e+00 8.799918293952941895e-01 -1.199683099985122681e-01 4.595889151096343994e-01 -7.467320919036865234e+00
4.198384284973144531e-01 -1.440301835536956787e-01 -8.960977196693420410e-01 -5.710754776000976562e+01 1.795446276664733887e-01 9.809960126876831055e-01 -7.355594635009765625e-02 -2.535643815994262695e+00 8.896625638008117676e-01 -1.300078928470611572e-01 4.377197027206420898e-01 -8.594959259033203125e+00
4.435119330883026123e-01 -1.392944604158401489e-01 -8.853779435157775879e-01 -5.715481948852539062e+01 1.117345988750457764e-01 9.887357354164123535e-01 -9.958434849977493286e-02 -3.632739305496215820e+00 8.892764449119567871e-01 -5.476049706339836121e-02 4.540800750255584717e-01 -8.774632453918457031e+00
4.593585729598999023e-01 -1.429492831230163574e-01 -8.766728043556213379e-01 -5.662924575805664062e+01 1.333105117082595825e-01 9.868814945220947266e-01 -9.106781333684921265e-02 -3.478935241699218750e+00 8.781901597976684570e-01 -7.503694295883178711e-02 4.723890423774719238e-01 -9.723431587219238281e+00
4.586233794689178467e-01 -1.755569279193878174e-01 -8.711167573928833008e-01 -5.644606781005859375e+01 1.722841858863830566e-01 9.792571067810058594e-01 -1.066468358039855957e-01 -3.612743854522705078e+00 8.717699050903320312e-01 -1.011688858270645142e-01 4.793559312820434570e-01 -1.047525310516357422e+01
4.127912819385528564e-01 -1.082550957798957825e-01 -9.043694734573364258e-01 -5.635652542114257812e+01 1.584442704916000366e-01 9.863076806068420410e-01 -4.574284330010414124e-02 -3.839651584625244141e+00 8.969386219978332520e-01 -1.244098842144012451e-01 4.242916405200958252e-01 -1.088391017913818359e+01
3.790635168552398682e-01 -1.018327623605728149e-01 -9.197504520416259766e-01 -5.615635681152343750e+01 2.031472027301788330e-01 9.788377881050109863e-01 -2.465023659169673920e-02 -3.924818515777587891e+00 9.027968049049377441e-01 -1.775007098913192749e-01 3.917287588119506836e-01 -1.148569297790527344e+01
3.531073927879333496e-01 -1.098742336034774780e-01 -9.291086792945861816e-01 -5.581077575683593750e+01 2.007449865341186523e-01 9.788483381271362305e-01 -3.946328163146972656e-02 -3.943794012069702148e+00 9.137924909591674805e-01 -1.725791096687316895e-01 3.676952719688415527e-01 -1.219041538238525391e+01
3.184230923652648926e-01 -1.252646446228027344e-01 -9.396358132362365723e-01 -5.535184860229492188e+01 2.120745778083801270e-01 9.755200147628784180e-01 -5.818077549338340759e-02 -4.047860622406005859e+00 9.239215850830078125e-01 -1.807467788457870483e-01 3.371935188770294189e-01 -1.258581066131591797e+01
2.830215692520141602e-01 -8.724758774042129517e-02 -9.551370143890380859e-01 -5.506153106689453125e+01 1.885007917881011963e-01 9.814911484718322754e-01 -3.379930555820465088e-02 -4.062405109405517578e+00 9.404075145721435547e-01 -1.704781353473663330e-01 2.942294180393218994e-01 -1.287203884124755859e+01
3.023886084556579590e-01 -1.316944807767868042e-01 -9.440432786941528320e-01 -5.447859191894531250e+01 2.213621139526367188e-01 9.730340838432312012e-01 -6.483373045921325684e-02 -4.145975112915039062e+00 9.271245002746582031e-01 -1.893704384565353394e-01 3.233865797519683838e-01 -1.305585098266601562e+01
3.417688310146331787e-01 -1.027859151363372803e-01 -9.341462254524230957e-01 -5.392556762695312500e+01 2.190143615007400513e-01 9.753426313400268555e-01 -2.718977443873882294e-02 -4.150650978088378906e+00 9.139074683189392090e-01 -1.952987909317016602e-01 3.558533489704132080e-01 -1.305967903137207031e+01
3.938915133476257324e-01 -9.799385815858840942e-02 -9.139183163642883301e-01 -5.343103408813476562e+01 2.089066058397293091e-01 9.778235554695129395e-01 -1.480893231928348541e-02 -4.099015235900878906e+00 8.951019644737243652e-01 -1.850904822349548340e-01 4.056279063224792480e-01 -1.285270404815673828e+01
4.853052198886871338e-01 -1.225260347127914429e-01 -8.657171130180358887e-01 -5.286178588867187500e+01 2.264349311590194702e-01 9.739652276039123535e-01 -1.091124769300222397e-02 -4.074275493621826172e+00 8.445153236389160156e-01 -1.907333284616470337e-01 5.004145503044128418e-01 -1.271717166900634766e+01
4.344689548015594482e-01 -7.681833207607269287e-02 -8.974050283432006836e-01 -5.227602386474609375e+01 1.875130534172058105e-01 9.822391271591186523e-01 6.702246610075235367e-03 -3.794693946838378906e+00 8.809514641761779785e-01 -1.711870431900024414e-01 4.411568939685821533e-01 -1.234340858459472656e+01
2.019473165273666382e-01 8.293922874145209789e-04 -9.793959856033325195e-01 -5.183095169067382812e+01 1.818509995937347412e-01 9.825788140296936035e-01 3.832899406552314758e-02 -3.537582159042358398e+00 9.623654484748840332e-01 -1.858446002006530762e-01 1.982783079147338867e-01 -1.187867069244384766e+01
2.420709580183029175e-01 2.344937436282634735e-02 -9.699751138687133789e-01 -5.122821044921875000e+01 1.671149730682373047e-01 9.837600588798522949e-01 6.548850983381271362e-02 -3.673046112060546875e+00 9.557585716247558594e-01 -1.779502183198928833e-01 2.342209815979003906e-01 -1.130642700195312500e+01
4.188107848167419434e-01 4.495386499911546707e-03 -9.080623984336853027e-01 -5.096323776245117188e+01 1.725532412528991699e-01 9.813740253448486328e-01 8.444222062826156616e-02 -3.787526369094848633e+00 8.915284276008605957e-01 -1.920544207096099854e-01 4.102343022823333740e-01 -1.071099948883056641e+01
4.615722894668579102e-01 -1.616173423826694489e-02 -8.869553804397583008e-01 -5.077450180053710938e+01 1.450258344411849976e-01 9.877572059631347656e-01 5.747305229306221008e-02 -3.467119693756103516e+00 8.751677274703979492e-01 -1.551593989133834839e-01 4.582652449607849121e-01 -9.893195152282714844e+00
5.120770335197448730e-01 -1.113620214164257050e-02 -8.588672876358032227e-01 -5.039453887939453125e+01 1.664522737264633179e-01 9.822475314140319824e-01 8.650681376457214355e-02 -3.137083530426025391e+00 8.426569700241088867e-01 -1.872585713863372803e-01 5.048400163650512695e-01 -9.305635452270507812e+00
4.716646671295166016e-01 3.438796475529670715e-02 -8.811072111129760742e-01 -5.001116180419921875e+01 1.483829319477081299e-01 9.818946123123168945e-01 1.177522316575050354e-01 -2.941802501678466797e+00 8.692036867141723633e-01 -1.862808465957641602e-01 4.580223858356475830e-01 -8.627533912658691406e+00
4.715344905853271484e-01 7.921787910163402557e-03 -8.818120360374450684e-01 -4.991205596923828125e+01 1.532437056303024292e-01 9.840094447135925293e-01 9.078442305326461792e-02 -2.817246675491333008e+00 8.684306144714355469e-01 -1.779401153326034546e-01 4.627804160118103027e-01 -7.810166358947753906e+00
4.641836583614349365e-01 -1.751874387264251709e-02 -8.855656981468200684e-01 -4.925487136840820312e+01 1.861520856618881226e-01 9.794040322303771973e-01 7.819953560829162598e-02 -2.590836763381958008e+00 8.659567236900329590e-01 -2.011488378047943115e-01 4.578845202922821045e-01 -7.380323410034179688e+00
4.854933917522430420e-01 -5.727531388401985168e-02 -8.723621368408203125e-01 -4.913868713378906250e+01 1.601497530937194824e-01 9.867926239967346191e-01 2.433941885828971863e-02 -2.813096046447753906e+00 8.594465255737304688e-01 -1.515251994132995605e-01 4.882538914680480957e-01 -6.506326675415039062e+00
6.181128621101379395e-01 -5.029327422380447388e-02 -7.844789028167724609e-01 -4.857492065429687500e+01 1.545185744762420654e-01 9.862551689147949219e-01 5.852024629712104797e-02 -2.595105648040771484e+00 7.707533240318298340e-01 -1.573886424303054810e-01 6.173882484436035156e-01 -6.200129985809326172e+00
6.275789737701416016e-01 -8.429645001888275146e-02 -7.739760279655456543e-01 -4.827753448486328125e+01 1.596934646368026733e-01 9.869214892387390137e-01 2.199847809970378876e-02 -2.308591127395629883e+00 7.619990706443786621e-01 -1.374046802520751953e-01 6.328327655792236328e-01 -5.640985965728759766e+00
5.720818042755126953e-01 -1.125820204615592957e-01 -8.124331235885620117e-01 -4.744434356689453125e+01 2.263726145029067993e-01 9.737334251403808594e-01 2.446821518242359161e-02 -2.140622377395629883e+00 7.883386611938476562e-01 -1.979104578495025635e-01 5.825406908988952637e-01 -5.582044601440429688e+00
5.261859893798828125e-01 -1.130508631467819214e-01 -8.428213596343994141e-01 -4.702389144897460938e+01 2.133455574512481689e-01 9.769744277000427246e-01 2.149497624486684799e-03 -2.047527074813842773e+00 8.231719136238098145e-01 -1.809432208538055420e-01 5.381891727447509766e-01 -5.018243312835693359e+00
5.606070160865783691e-01 -1.333024948835372925e-01 -8.172822594642639160e-01 -4.642185211181640625e+01 2.208732962608337402e-01 9.752731323242187500e-01 -7.565572857856750488e-03 -2.017183542251586914e+00 7.980818152427673340e-01 -1.762745082378387451e-01 5.761880278587341309e-01 -4.762835979461669922e+00
5.591799616813659668e-01 -1.315813958644866943e-01 -8.185377120971679688e-01 -4.573534393310546875e+01 2.121343761682510376e-01 9.771647453308105469e-01 -1.216244604438543320e-02 -1.914474010467529297e+00 8.014467358589172363e-01 -1.668389886617660522e-01 5.743238925933837891e-01 -4.631399631500244141e+00
6.346604824066162109e-01 -1.533042341470718384e-01 -7.574324607849121094e-01 -4.525909423828125000e+01 2.074881047010421753e-01 9.779410958290100098e-01 -2.407875657081604004e-02 -1.988629817962646484e+00 7.444157004356384277e-01 -1.418763995170593262e-01 6.524693965911865234e-01 -4.164247035980224609e+00
6.657931208610534668e-01 -1.920876055955886841e-01 -7.209867238998413086e-01 -4.469919967651367188e+01 2.450710237026214600e-01 9.689818024635314941e-01 -3.184917196631431580e-02 -1.537780761718750000e+00 7.047408819198608398e-01 -1.554879993200302124e-01 6.922164559364318848e-01 -4.117283344268798828e+00
6.265732645988464355e-01 -2.169976085424423218e-01 -7.485439777374267578e-01 -4.420528030395507812e+01 2.583315670490264893e-01 9.639858603477478027e-01 -6.321470439434051514e-02 -1.453176259994506836e+00 7.353032827377319336e-01 -1.537638902664184570e-01 6.600650548934936523e-01 -3.223557233810424805e+00
6.046125888824462891e-01 -1.903917044401168823e-01 -7.734303474426269531e-01 -4.348690414428710938e+01 2.840790748596191406e-01 9.586997032165527344e-01 -1.392582710832357407e-02 -1.428906679153442383e+00 7.441388368606567383e-01 -2.112956643104553223e-01 6.337282657623291016e-01 -3.004770040512084961e+00
5.962604880332946777e-01 -9.406004846096038818e-02 -7.972616553306579590e-01 -4.273023223876953125e+01 2.382171899080276489e-01 9.691125154495239258e-01 6.382439285516738892e-02 -1.439302086830139160e+00 7.666328549385070801e-01 -2.279774248600006104e-01 6.002501845359802246e-01 -2.628757476806640625e+00
6.208407282829284668e-01 -1.286608725786209106e-01 -7.733066082000732422e-01 -4.224799728393554688e+01 2.068582773208618164e-01 9.783653616905212402e-01 3.295842092484235764e-03 -1.365194797515869141e+00 7.561524510383605957e-01 -1.620110571384429932e-01 6.340236663818359375e-01 -2.576318740844726562e+00
5.841916203498840332e-01 -1.240145191550254822e-01 -8.020852208137512207e-01 -4.169752883911132812e+01 1.594477444887161255e-01 9.865351319313049316e-01 -3.640092536807060242e-02 -1.373182535171508789e+00 7.957993149757385254e-01 -1.066255643963813782e-01 5.960993170738220215e-01 -2.391053676605224609e+00
5.568556785583496094e-01 -1.007856577634811401e-01 -8.244718909263610840e-01 -4.095346832275390625e+01 1.689501404762268066e-01 9.856040477752685547e-01 -6.372464355081319809e-03 -1.262313127517700195e+00 8.132451176643371582e-01 -1.357461214065551758e-01 5.658668875694274902e-01 -2.290452718734741211e+00
6.156233549118041992e-01 -9.502003341913223267e-02 -7.822909355163574219e-01 -4.024981689453125000e+01 1.541431248188018799e-01 9.880476593971252441e-01 1.290786196477711201e-03 -1.265003800392150879e+00 7.728181481361389160e-01 -1.213793978095054626e-01 6.229118704795837402e-01 -2.372243165969848633e+00
6.450540423393249512e-01 -1.061190739274024963e-01 -7.567324638366699219e-01 -3.960606002807617188e+01 1.578689515590667725e-01 9.874523878097534180e-01 -3.903031814843416214e-03 -1.245661377906799316e+00 7.476515173912048340e-01 -1.169468984007835388e-01 6.537129878997802734e-01 -2.215875625610351562e+00
6.017763018608093262e-01 -5.869169905781745911e-02 -7.965052127838134766e-01 -3.898248672485351562e+01 1.538543552160263062e-01 9.871355295181274414e-01 4.350160434842109680e-02 -1.118213772773742676e+00 7.837054133415222168e-01 -1.487240344285964966e-01 6.030647158622741699e-01 -2.057374954223632812e+00
6.086575984954833984e-01 -1.150070503354072571e-01 -7.850536704063415527e-01 -3.822874069213867188e+01 1.743902415037155151e-01 9.846350550651550293e-01 -9.038923308253288269e-03 -1.040826201438903809e+00 7.740310430526733398e-01 -1.314040720462799072e-01 6.193617582321166992e-01 -1.989483594894409180e+00
6.088794469833374023e-01 -1.072765812277793884e-01 -7.859754562377929688e-01 -3.752061843872070312e+01 1.625714302062988281e-01 9.866582155227661133e-01 -8.726646192371845245e-03 -9.183203577995300293e-01 7.764254212379455566e-01 -1.224637106060981750e-01 6.181958913803100586e-01 -1.867645859718322754e+00
6.181293129920959473e-01 -1.392048746347427368e-01 -7.736524939537048340e-01 -3.699052047729492188e+01 1.841435134410858154e-01 9.824520349502563477e-01 -2.964848652482032776e-02 -1.189479112625122070e+00 7.642037272453308105e-01 -1.241364777088165283e-01 6.329160928726196289e-01 -1.643769741058349609e+00
6.057686209678649902e-01 -1.020705252885818481e-01 -7.890664935111999512e-01 -3.622618103027343750e+01 1.868920326232910156e-01 9.822432994842529297e-01 1.641844771802425385e-02 -6.787303090095520020e-01 7.733794450759887695e-01 -1.574160307645797729e-01 6.140883564949035645e-01 -1.343436002731323242e+00
6.053985953330993652e-01 -1.398835033178329468e-01 -7.835337519645690918e-01 -3.589083099365234375e+01 2.042152732610702515e-01 9.787791967391967773e-01 -1.695324294269084930e-02 -1.072757124900817871e+00 7.692779302597045898e-01 -1.497461050748825073e-01 6.211178898811340332e-01 -1.225486278533935547e+00
6.674972772598266602e-01 -9.689500182867050171e-02 -7.382810115814208984e-01 -3.509558868408203125e+01 1.880556941032409668e-01 9.812922477722167969e-01 4.123684763908386230e-02 -1.051562786102294922e+00 7.204736471176147461e-01 -1.663634181022644043e-01 6.732316613197326660e-01 -1.540287852287292480e+00
6.949946880340576172e-01 -9.336688369512557983e-02 -7.129271030426025391e-01 -3.450166320800781250e+01 1.643946915864944458e-01 9.859029054641723633e-01 3.114307299256324768e-02 -1.096542477607727051e+00 6.999691724777221680e-01 -1.388456970453262329e-01 7.005462646484375000e-01 -1.690998435020446777e+00
7.636390328407287598e-01 -9.582174569368362427e-02 -6.384932994842529297e-01 -3.398929977416992188e+01 1.815029978752136230e-01 9.809052348136901855e-01 6.986872851848602295e-02 -1.181618809700012207e+00 6.196064949035644531e-01 -1.692429035902023315e-01 7.664494514465332031e-01 -1.973491072654724121e+00
7.715137004852294922e-01 -5.852737929672002792e-03 -6.361857652664184570e-01 -3.349801254272460938e+01 1.249067485332489014e-01 9.818901419639587402e-01 1.424434930086135864e-01 -1.107423543930053711e+00 6.238307952880859375e-01 -1.893610358238220215e-01 7.582726478576660156e-01 -2.427431583404541016e+00
7.290476560592651367e-01 -7.193714380264282227e-02 -6.806721091270446777e-01 -3.305606079101562500e+01 1.577987968921661377e-01 9.853376746177673340e-01 6.487771868705749512e-02 -1.173234820365905762e+00 6.660248041152954102e-01 -1.547081917524337769e-01 7.297096848487854004e-01 -2.918020963668823242e+00
7.477343678474426270e-01 -4.678105935454368591e-02 -6.623479127883911133e-01 -3.269751739501953125e+01 1.276090592145919800e-01 9.890447854995727539e-01 7.420437783002853394e-02 -1.268764257431030273e+00 6.516204476356506348e-01 -1.400067508220672607e-01 7.455124855041503906e-01 -3.393753290176391602e+00
7.383190393447875977e-01 -7.089574635028839111e-02 -6.707150936126708984e-01 -3.227596282958984375e+01 1.105260029435157776e-01 9.937341809272766113e-01 1.662690751254558563e-02 -1.465134739875793457e+00 6.653338074684143066e-01 -8.640744537115097046e-02 7.415287494659423828e-01 -3.762704372406005859e+00
7.706221938133239746e-01 -5.070097371935844421e-02 -6.352722048759460449e-01 -3.176281356811523438e+01 1.080211326479911804e-01 9.927981495857238770e-01 5.180091783404350281e-02 -1.573350071907043457e+00 6.280705928802490234e-01 -1.085417717695236206e-01 7.705491185188293457e-01 -4.539915561676025391e+00
7.791557908058166504e-01 -3.604141995310783386e-02 -6.257932782173156738e-01 -3.145626831054687500e+01 9.706049412488937378e-02 9.932414889335632324e-01 6.364304572343826294e-02 -1.808851242065429688e+00 6.192700862884521484e-01 -1.103276535868644714e-01 7.773880362510681152e-01 -4.801736831665039062e+00
7.696234583854675293e-01 -3.722614049911499023e-02 -6.374118924140930176e-01 -3.097936820983886719e+01 1.092937588691711426e-01 9.912457466125488281e-01 7.407265156507492065e-02 -1.852993249893188477e+00 6.290743350982666016e-01 -1.266731917858123779e-01 7.669546008110046387e-01 -5.408957958221435547e+00
7.085394263267517090e-01 -7.052769511938095093e-02 -7.021378874778747559e-01 -3.054776763916015625e+01 1.435267329216003418e-01 9.885984659194946289e-01 4.553348571062088013e-02 -1.901910424232482910e+00 6.909210681915283203e-01 -1.330378651618957520e-01 7.105835080146789551e-01 -6.040621280670166016e+00
6.494351625442504883e-01 -8.424644172191619873e-02 -7.557356953620910645e-01 -3.006865501403808594e+01 1.602934300899505615e-01 9.866790771484375000e-01 2.775571867823600769e-02 -2.064875602722167969e+00 7.433302402496337891e-01 -1.391650289297103882e-01 6.542882323265075684e-01 -6.546094894409179688e+00
5.388380885124206543e-01 -9.260153770446777344e-02 -8.373043537139892578e-01 -2.961928749084472656e+01 1.715660691261291504e-01 9.851713776588439941e-01 1.454579061828553677e-03 -2.206984758377075195e+00 8.247536420822143555e-01 -1.444367468357086182e-01 5.467352271080017090e-01 -6.995196342468261719e+00
5.140991806983947754e-01 -9.881474077701568604e-02 -8.520197868347167969e-01 -2.899790000915527344e+01 1.743868440389633179e-01 9.846363663673400879e-01 -8.972161449491977692e-03 -2.261969804763793945e+00 8.398162722587585449e-01 -1.439684480428695679e-01 5.234327912330627441e-01 -7.478430747985839844e+00
5.096486210823059082e-01 -1.038214489817619324e-01 -8.540956377983093262e-01 -2.842902946472167969e+01 1.803579628467559814e-01 9.835287332534790039e-01 -1.193329691886901855e-02 -2.343562602996826172e+00 8.412664532661437988e-01 -1.479611694812774658e-01 5.199790000915527344e-01 -7.932092666625976562e+00
5.430198311805725098e-01 -1.091860979795455933e-01 -8.325909972190856934e-01 -2.781968116760253906e+01 1.778641194105148315e-01 9.839687347412109375e-01 -1.303397025913000107e-02 -2.440924882888793945e+00 8.206666707992553711e-01 -1.410103589296340942e-01 5.537348389625549316e-01 -8.044251441955566406e+00
6.118393540382385254e-01 -1.076762229204177856e-01 -7.836187481880187988e-01 -2.721315193176269531e+01 1.960142105817794800e-01 9.804298281669616699e-01 1.832549087703227997e-02 -2.422095775604248047e+00 7.663100957870483398e-01 -1.648126691579818726e-01 6.209715008735656738e-01 -8.337192535400390625e+00
6.636208295822143555e-01 -1.072085052728652954e-01 -7.403469681739807129e-01 -2.672147750854492188e+01 1.883774846792221069e-01 9.817339777946472168e-01 2.669153548777103424e-02 -2.456065893173217773e+00 7.239621877670288086e-01 -1.571778059005737305e-01 6.716946959495544434e-01 -8.282795906066894531e+00
6.627020239830017090e-01 -8.740562945604324341e-02 -7.437648177146911621e-01 -2.602446174621582031e+01 2.035299241542816162e-01 9.768040180206298828e-01 6.655538827180862427e-02 -2.276809453964233398e+00 7.206951379776000977e-01 -1.954848021268844604e-01 6.651197075843811035e-01 -8.361224174499511719e+00
6.193793416023254395e-01 -5.204821750521659851e-02 -7.833647131919860840e-01 -2.542708015441894531e+01 1.623501181602478027e-01 9.847238659858703613e-01 6.293771415948867798e-02 -2.512673854827880859e+00 7.681222558021545410e-01 -1.661616414785385132e-01 6.183676719665527344e-01 -8.197581291198730469e+00
6.858279109001159668e-01 -9.076191484928131104e-02 -7.220819592475891113e-01 -2.491271972656250000e+01 2.175533473491668701e-01 9.723919630050659180e-01 8.440592885017395020e-02 -2.167978763580322266e+00 6.944859027862548828e-01 -2.149792760610580444e-01 6.866391301155090332e-01 -8.194978713989257812e+00
6.748370528221130371e-01 -6.706506013870239258e-02 -7.349131107330322266e-01 -2.413872909545898438e+01 1.858369410037994385e-01 9.792124032974243164e-01 8.128675818443298340e-02 -2.265612602233886719e+00 7.141845822334289551e-01 -1.914293020963668823e-01 6.732720136642456055e-01 -8.095962524414062500e+00
6.834247708320617676e-01 -6.740628927946090698e-02 -7.269023656845092773e-01 -2.354648971557617188e+01 1.879258304834365845e-01 9.784147739410400391e-01 8.595632761716842651e-02 -2.206698417663574219e+00 7.054179906845092773e-01 -1.953484117984771729e-01 6.813402175903320312e-01 -7.878154277801513672e+00
6.825809478759765625e-01 -9.272427856922149658e-02 -7.249037623405456543e-01 -2.291727066040039062e+01 1.868483722209930420e-01 9.810926318168640137e-01 5.044536665081977844e-02 -2.110670328140258789e+00 7.065201997756958008e-01 -1.698801368474960327e-01 6.870005726814270020e-01 -7.771009445190429688e+00
7.275366187095642090e-01 -1.042670533061027527e-01 -6.780993938446044922e-01 -2.225017738342285156e+01 1.776173710823059082e-01 9.833117723464965820e-01 3.936905413866043091e-02 -2.214061737060546875e+00 6.626781821250915527e-01 -1.490846574306488037e-01 7.339150309562683105e-01 -7.602904796600341797e+00
7.740306258201599121e-01 -1.109108552336692810e-01 -6.233581304550170898e-01 -2.162376785278320312e+01 1.655223071575164795e-01 9.857453107833862305e-01 3.014237247407436371e-02 -2.054725885391235352e+00 6.111291646957397461e-01 -1.265108138322830200e-01 7.813552618026733398e-01 -7.380863666534423828e+00
7.684057354927062988e-01 -1.064618155360221863e-01 -6.310455799102783203e-01 -2.106530952453613281e+01 1.729943752288818359e-01 9.839098453521728516e-01 4.465768486261367798e-02 -1.971047639846801758e+00 6.161376237869262695e-01 -1.434825360774993896e-01 7.744593024253845215e-01 -7.299332618713378906e+00
7.670721411705017090e-01 -1.274976432323455811e-01 -6.287642717361450195e-01 -2.043841171264648438e+01 2.032827585935592651e-01 9.778571724891662598e-01 4.971351474523544312e-02 -1.930148124694824219e+00 6.085032820701599121e-01 -1.659507900476455688e-01 7.760052084922790527e-01 -7.198954582214355469e+00
7.785984277725219727e-01 -1.387561708688735962e-01 -6.119894981384277344e-01 -1.964515495300292969e+01 1.784760355949401855e-01 9.839361906051635742e-01 3.977123182266950607e-03 -2.060518741607666016e+00 6.016067266464233398e-01 -1.123220324516296387e-01 7.908559441566467285e-01 -7.141929626464843750e+00
8.126525878906250000e-01 -1.519155651330947876e-01 -5.625988245010375977e-01 -1.917879104614257812e+01 2.076595574617385864e-01 9.775386452674865723e-01 3.599674627184867859e-02 -1.933227777481079102e+00 5.444936156272888184e-01 -1.460818797349929810e-01 8.259459733963012695e-01 -7.020417690277099609e+00
8.401554822921752930e-01 -1.466136723756790161e-01 -5.221524834632873535e-01 -1.853221511840820312e+01 1.843993812799453735e-01 9.826314449310302734e-01 2.079266496002674103e-02 -1.855824470520019531e+00 5.100349783897399902e-01 -1.137536615133285522e-01 8.525987267494201660e-01 -7.007845401763916016e+00
8.820101618766784668e-01 -1.575933843851089478e-01 -4.440974295139312744e-01 -1.799068260192871094e+01 1.990495324134826660e-01 9.788140058517456055e-01 4.798286780714988708e-02 -1.817049264907836914e+00 4.271269738674163818e-01 -1.307187378406524658e-01 8.946927785873413086e-01 -7.014818191528320312e+00
9.001404047012329102e-01 -1.345338672399520874e-01 -4.143041670322418213e-01 -1.731907463073730469e+01 1.685077399015426636e-01 9.846084117889404297e-01 4.638482630252838135e-02 -1.850813031196594238e+00 4.016869962215423584e-01 -1.115663498640060425e-01 9.089556336402893066e-01 -7.066727638244628906e+00
9.396215081214904785e-01 -1.410278230905532837e-01 -3.118050694465637207e-01 -1.663299560546875000e+01 1.634965389966964722e-01 9.854239821434020996e-01 4.699307307600975037e-02 -1.717398643493652344e+00 3.006328344345092773e-01 -9.513476490974426270e-02 9.489831924438476562e-01 -7.045065879821777344e+00
9.258229732513427734e-01 -1.034348607063293457e-01 -3.635288178920745850e-01 -1.601355552673339844e+01 1.245235353708267212e-01 9.915995001792907715e-01 3.499253094196319580e-02 -1.676510334014892578e+00 3.568555414676666260e-01 -7.766481488943099976e-02 9.309254288673400879e-01 -7.106913089752197266e+00
9.328786730766296387e-01 -9.418103843927383423e-02 -3.476597964763641357e-01 -1.544171428680419922e+01 1.047641858458518982e-01 9.944280385971069336e-01 1.172414422035217285e-02 -1.719259262084960938e+00 3.446184396743774414e-01 -4.735954105854034424e-02 9.375473856925964355e-01 -7.105723857879638672e+00
9.378243088722229004e-01 -1.312099099159240723e-01 -3.213555514812469482e-01 -1.470418262481689453e+01 1.583398580551147461e-01 9.855796694755554199e-01 5.967578664422035217e-02 -1.638670086860656738e+00 3.088914155960083008e-01 -1.068487837910652161e-01 9.450764060020446777e-01 -7.192124366760253906e+00
9.314652085304260254e-01 -1.960254460573196411e-01 -3.065071403980255127e-01 -1.421838283538818359e+01 2.189512997865676880e-01 9.748342037200927734e-01 4.193438589572906494e-02 -1.455571413040161133e+00 2.905734479427337646e-01 -1.061705574393272400e-01 9.509441852569580078e-01 -7.175693511962890625e+00
9.332478642463684082e-01 -2.216060906648635864e-01 -2.827352285385131836e-01 -1.351573562622070312e+01 2.480520308017730713e-01 9.668259024620056152e-01 6.097394973039627075e-02 -1.434186100959777832e+00 2.598435580730438232e-01 -1.270368695259094238e-01 9.572579860687255859e-01 -6.936107158660888672e+00
9.621503353118896484e-01 -1.872834116220474243e-01 -1.979687362909317017e-01 -1.272283840179443359e+01 2.020655572414398193e-01 9.777043461799621582e-01 5.712842196226119995e-02 -1.298436045646667480e+00 1.828556954860687256e-01 -9.496878087520599365e-02 9.785421490669250488e-01 -6.760215759277343750e+00
9.530366659164428711e-01 -1.894508600234985352e-01 -2.362828105688095093e-01 -1.232950305938720703e+01 2.209692001342773438e-01 9.685099124908447266e-01 1.147214323282241821e-01 -1.386456489562988281e+00 2.071081399917602539e-01 -1.615449190139770508e-01 9.648883938789367676e-01 -6.757220745086669922e+00
9.447832107543945312e-01 -1.825823336839675903e-01 -2.721183001995086670e-01 -1.159914684295654297e+01 2.159421443939208984e-01 9.714850187301635742e-01 9.790796041488647461e-02 -1.463689923286437988e+00 2.464825659990310669e-01 -1.512636244297027588e-01 9.572699666023254395e-01 -6.703305244445800781e+00
9.538334012031555176e-01 -2.260675281286239624e-01 -1.977253854274749756e-01 -1.097076225280761719e+01 2.416526526212692261e-01 9.686106443405151367e-01 5.828773975372314453e-02 -1.582244157791137695e+00 1.783419549465179443e-01 -1.033776625990867615e-01 9.785230159759521484e-01 -6.529891490936279297e+00
9.710293412208557129e-01 -2.035953402519226074e-01 -1.251042932271957397e-01 -1.039770984649658203e+01 2.119596004486083984e-01 9.755849838256835938e-01 5.750743299722671509e-02 -1.669472098350524902e+00 1.103416159749031067e-01 -8.235846459865570068e-02 9.904755949974060059e-01 -6.573406696319580078e+00
9.759829044342041016e-01 -1.862147897481918335e-01 -1.130545288324356079e-01 -9.836146354675292969e+00 1.934732049703598022e-01 9.794513583183288574e-01 5.694805085659027100e-02 -1.618285775184631348e+00 1.001268476247787476e-01 -7.745332270860671997e-02 9.919554591178894043e-01 -6.380591869354248047e+00
9.856314659118652344e-01 -1.562666594982147217e-01 -6.412088125944137573e-02 -9.543552398681640625e+00 1.618061661720275879e-01 9.824365377426147461e-01 9.293600916862487793e-02 -1.590453267097473145e+00 4.847190529108047485e-02 -1.019757762551307678e-01 9.936053156852722168e-01 -6.236641883850097656e+00
9.891032576560974121e-01 -3.583134338259696960e-02 -1.427967548370361328e-01 -8.826285362243652344e+00 3.822866082191467285e-02 9.991697669029235840e-01 1.407937239855527878e-02 -1.443612456321716309e+00 1.421737372875213623e-01 -1.938485354185104370e-02 9.896519184112548828e-01 -5.970158576965332031e+00
9.927669763565063477e-01 2.675968408584594727e-02 -1.170369759202003479e-01 -8.378024101257324219e+00 -1.280315965414047241e-02 9.928818941116333008e-01 1.184125989675521851e-01 -1.569485068321228027e+00 1.193725839257240295e-01 -1.160576716065406799e-01 9.860429763793945312e-01 -5.771162033081054688e+00
9.948826432228088379e-01 7.742140442132949829e-02 -6.491833180189132690e-02 -7.598934173583984375e+00 -7.006012648344039917e-02 9.915832877159118652e-01 1.088777706027030945e-01 -1.516750097274780273e+00 7.280140370130538940e-02 -1.037724390625953674e-01 9.919331073760986328e-01 -5.688644409179687500e+00
9.975377321243286133e-01 5.723086744546890259e-02 4.053499922156333923e-02 -7.401201725006103516e+00 -6.211150437593460083e-02 9.893449544906616211e-01 1.316763758659362793e-01 -1.400610566139221191e+00 -3.256714716553688049e-02 -1.338698267936706543e-01 9.904636740684509277e-01 -5.270844459533691406e+00
9.836210012435913086e-01 1.165003329515457153e-01 -1.375408023595809937e-01 -6.712950706481933594e+00 -9.357796609401702881e-02 9.822208285331726074e-01 1.627430915832519531e-01 -1.434854149818420410e+00 1.540550887584686279e-01 -1.472067385911941528e-01 9.770348072052001953e-01 -5.264671325683593750e+00
9.967667460441589355e-01 6.270765513181686401e-02 -5.023917928338050842e-02 -6.350544929504394531e+00 -5.079002678394317627e-02 9.762104749679565430e-01 2.107927650213241577e-01 -1.245637416839599609e+00 6.226233020424842834e-02 -2.075595557689666748e-01 9.762389063835144043e-01 -5.218773841857910156e+00
9.992874264717102051e-01 7.524996995925903320e-03 -3.698610886931419373e-02 -6.385226249694824219e+00 -1.157971331849694252e-03 9.855752587318420410e-01 1.692338883876800537e-01 -1.446505069732666016e+00 3.772607818245887756e-02 -1.690704822540283203e-01 9.848816394805908203e-01 -5.748851299285888672e+00
9.982537627220153809e-01 -9.471587254665791988e-04 5.906317010521888733e-02 -5.927761554718017578e+00 -5.546463187783956528e-03 9.939510822296142578e-01 1.096826866269111633e-01 -1.493272781372070312e+00 -5.880979821085929871e-02 -1.098187193274497986e-01 9.922103285789489746e-01 -6.153354167938232422e+00
9.969086647033691406e-01 -7.085420656949281693e-03 7.824853062629699707e-02 -5.936545372009277344e+00 1.908861449919641018e-03 9.978156685829162598e-01 6.603292375802993774e-02 -1.600987434387207031e+00 -7.854548096656799316e-02 -6.567944586277008057e-02 9.947445392608642578e-01 -6.725700378417968750e+00
9.973465204238891602e-01 -1.958289369940757751e-02 7.011649757623672485e-02 -5.743197441101074219e+00 2.123276703059673309e-02 9.995131492614746094e-01 -2.286295406520366669e-02 -1.704709053039550781e+00 -6.963463127613067627e-02 2.429103851318359375e-02 9.972767829895019531e-01 -7.288578987121582031e+00
9.952737092971801758e-01 -1.242098212242126465e-02 9.631157666444778442e-02 -5.930680751800537109e+00 1.641531474888324738e-02 9.990329146385192871e-01 -4.079226776957511902e-02 -2.013858079910278320e+00 -9.571174532175064087e-02 4.218042269349098206e-02 9.945149421691894531e-01 -7.796341896057128906e+00
9.980991482734680176e-01 -4.869426600635051727e-03 6.143508851528167725e-02 -5.796951770782470703e+00 7.543429732322692871e-03 9.990305900573730469e-01 -4.336911812424659729e-02 -2.134782314300537109e+00 -6.116435304284095764e-02 4.375012591481208801e-02 9.971684813499450684e-01 -8.358658790588378906e+00
9.968330264091491699e-01 -9.251632727682590485e-03 7.898382842540740967e-02 -5.820392608642578125e+00 1.393415220081806183e-02 9.981641769409179688e-01 -5.894084274768829346e-02 -2.228425025939941406e+00 -7.829353958368301392e-02 5.985474213957786560e-02 9.951318502426147461e-01 -8.964254379272460938e+00
9.987054467201232910e-01 -5.866778548806905746e-03 5.052697286009788513e-02 -5.932610988616943359e+00 9.146899916231632233e-03 9.978477358818054199e-01 -6.493383646011352539e-02 -2.398597955703735352e+00 -5.003727227449417114e-02 6.531191617250442505e-02 9.966094493865966797e-01 -9.515825271606445312e+00
9.986096024513244629e-01 -2.227330021560192108e-02 4.777747765183448792e-02 -5.964295864105224609e+00 2.672660909593105316e-02 9.951475262641906738e-01 -9.469368308782577515e-02 -2.457985401153564453e+00 -4.543649777770042419e-02 9.583899378776550293e-02 9.943593144416809082e-01 -9.944111824035644531e+00
9.954929351806640625e-01 3.765262663364410400e-02 8.704037219285964966e-02 -5.938178539276123047e+00 -3.249810263514518738e-02 9.976753592491149902e-01 -5.989708751440048218e-02 -2.395992040634155273e+00 -8.909331262111663818e-02 5.679847672581672668e-02 9.944024682044982910e-01 -1.008281898498535156e+01
9.818718433380126953e-01 6.749618798494338989e-02 1.771213710308074951e-01 -5.923807144165039062e+00 -7.111544907093048096e-02 9.973676800727844238e-01 1.415826566517353058e-02 -2.401577472686767578e+00 -1.756994873285293579e-01 -2.649771794676780701e-02 9.840871095657348633e-01 -9.778740882873535156e+00
9.765835404396057129e-01 6.894786655902862549e-02 2.037910819053649902e-01 -6.186322212219238281e+00 -9.135068207979202271e-02 9.905147552490234375e-01 1.026428267359733582e-01 -2.276202201843261719e+00 -1.947810798883438110e-01 -1.188557595014572144e-01 9.736188054084777832e-01 -9.378241539001464844e+00
9.892877936363220215e-01 5.222592130303382874e-02 1.363158673048019409e-01 -6.255017280578613281e+00 -6.958470493555068970e-02 9.896049499511718750e-01 1.258566826581954956e-01 -2.167170524597167969e+00 -1.283258795738220215e-01 -1.339939832687377930e-01 9.826382994651794434e-01 -8.950564384460449219e+00
9.721240401268005371e-01 9.598867595195770264e-02 2.139184325933456421e-01 -6.414402961730957031e+00 -1.335290521383285522e-01 9.766002297401428223e-01 1.685887277126312256e-01 -2.048393726348876953e+00 -1.927301734685897827e-01 -1.924534738063812256e-01 9.621937870979309082e-01 -8.514773368835449219e+00
9.977077245712280273e-01 2.793312072753906250e-02 6.163649633526802063e-02 -6.875974655151367188e+00 -3.239514306187629700e-02 9.968332648277282715e-01 7.262291014194488525e-02 -1.999595165252685547e+00 -5.941272526979446411e-02 -7.445321232080459595e-02 9.954530596733093262e-01 -8.175745010375976562e+00
9.998946189880371094e-01 6.455402355641126633e-03 1.300244498997926712e-02 -7.026831150054931641e+00 -7.606756407767534256e-03 9.958637356758117676e-01 9.054096043109893799e-02 -1.782182097434997559e+00 -1.236418448388576508e-02 -9.063033759593963623e-02 9.958078265190124512e-01 -7.549085140228271484e+00
9.916463494300842285e-01 6.578193604946136475e-02 1.109518110752105713e-01 -7.380368709564208984e+00 -7.151167094707489014e-02 9.962612390518188477e-01 4.847412928938865662e-02 -1.632434725761413574e+00 -1.073482558131217957e-01 -5.600354447960853577e-02 9.926429390907287598e-01 -6.819228649139404297e+00
9.865923523902893066e-01 1.627476960420608521e-01 -1.219773385673761368e-02 -7.458358764648437500e+00 -1.595121473073959351e-01 9.773839712142944336e-01 1.388400495052337646e-01 -1.543708324432373047e+00 3.451777249574661255e-02 -1.350328624248504639e-01 9.902396798133850098e-01 -6.535985946655273438e+00
