5.582280755043029785e-01 -1.822059154510498047e-01 8.095747232437133789e-01 -6.015216112136840820e-01 -4.988102614879608154e-01 -8.532666563987731934e-01 1.523514240980148315e-01 -1.087822467088699341e-01 6.627569794654846191e-01 -4.890177845954895020e-01 -5.672523379325866699e-01 3.798700869083404541e-01
5.667024850845336914e-01 -1.684272289276123047e-01 8.066468238830566406e-01 -6.118654012680053711e-01 -4.982698857784271240e-01 -8.496287465095520020e-01 1.725782155990600586e-01 -1.713035106658935547e-01 6.564140319824218750e-01 -4.997577369213104248e-01 -5.652770400047302246e-01 5.601718425750732422e-01
5.914258956909179688e-01 -1.745077222585678101e-01 7.869414091110229492e-01 -6.355467438697814941e-01 -4.805307686328887939e-01 -8.604311943054199219e-01 1.705113500356674194e-01 -8.818846195936203003e-02 6.469743847846984863e-01 -4.791432619094848633e-01 -5.927220582962036133e-01 3.437549471855163574e-01
5.790393352508544922e-01 -1.729713380336761475e-01 7.966656088829040527e-01 -6.108514070510864258e-01 -4.811156094074249268e-01 -8.613985180854797363e-01 1.625432670116424561e-01 -1.082996726036071777e-01 6.580262184143066406e-01 -4.772843718528747559e-01 -5.824064612388610840e-01 3.690562546253204346e-01
5.783185362815856934e-01 -1.800552606582641602e-01 7.954085469245910645e-01 -6.152632236480712891e-01 -4.892439544200897217e-01 -8.567257523536682129e-01 1.615476906299591064e-01 -9.542896598577499390e-02 6.527141928672790527e-01 -4.827922284603118896e-01 -5.839383006095886230e-01 3.470776975154876709e-01
5.884401798248291016e-01 -1.963140815496444702e-01 7.846437692642211914e-01 -6.352804899215698242e-01 -5.009310245513916016e-01 -8.498743772506713867e-01 1.633716672658920288e-01 -8.921909332275390625e-02 6.344977617263793945e-01 -4.891861677169799805e-01 -5.983968377113342285e-01 3.127725422382354736e-01
5.755063891410827637e-01 -1.540740430355072021e-01 8.030542731285095215e-01 -6.895244717597961426e-01 -5.041399002075195312e-01 -8.402465581893920898e-01 2.002014517784118652e-01 -2.482619732618331909e-01 6.437847614288330078e-01 -5.202234983444213867e-01 -5.610484480857849121e-01 7.938814163208007812e-01
5.753808021545410156e-01 -1.573523432016372681e-01 8.024384379386901855e-01 -6.724914312362670898e-01 -5.089045763015747070e-01 -8.372265696525573730e-01 2.006692886352539062e-01 -2.400531321763992310e-01 6.403990983963012695e-01 -5.242734551429748535e-01 -5.619618296623229980e-01 7.837200164794921875e-01
5.831937193870544434e-01 -1.437832117080688477e-01 7.995734214782714844e-01 -6.810567378997802734e-01 -4.941299557685852051e-01 -8.443383574485778809e-01 2.083781957626342773e-01 -2.314116656780242920e-01 6.453430652618408203e-01 -5.166378021240234375e-01 -5.630508661270141602e-01 7.512212991714477539e-01
5.743514299392700195e-01 -1.595286130905151367e-01 8.031456470489501953e-01 -7.057389616966247559e-01 -5.140615105628967285e-01 -8.338017463684082031e-01 2.020943164825439453e-01 -2.330729663372039795e-01 6.374549269676208496e-01 -5.286878347396850586e-01 -5.609603524208068848e-01 7.956112027168273926e-01
5.746937990188598633e-01 -1.760918796062469482e-01 7.993155121803283691e-01 -6.505891084671020508e-01 -4.888052046298980713e-01 -8.570833206176757812e-01 1.622890233993530273e-01 -1.114878728985786438e-01 6.567324995994567871e-01 -4.839373230934143066e-01 -5.786824822425842285e-01 3.655656576156616211e-01
5.692327022552490234e-01 -1.829691082239151001e-01 8.019445538520812988e-01 -6.536923646926879883e-01 -4.868302047252655029e-01 -8.606973886489868164e-01 1.492816507816314697e-01 -1.310240477323532104e-01 6.626490950584411621e-01 -4.751355648040771484e-01 -5.787478089332580566e-01 3.865736424922943115e-01
5.871881842613220215e-01 -1.771611571311950684e-01 7.898404002189636230e-01 -6.646285057067871094e-01 -4.881667196750640869e-01 -8.557443618774414062e-01 1.711903214454650879e-01 -8.299638330936431885e-02 6.457086205482482910e-01 -4.860596656799316406e-01 -5.887098312377929688e-01 3.314563930034637451e-01
5.965316891670227051e-01 -1.903264820575714111e-01 7.796888947486877441e-01 -6.807371377944946289e-01 -4.995923936367034912e-01 -8.485709428787231445e-01 1.749006211757659912e-01 -8.274669945240020752e-02 6.281649470329284668e-01 -4.942002594470977783e-01 -6.013209223747253418e-01 3.160853981971740723e-01
5.661722421646118164e-01 -1.606750637292861938e-01 8.087646961212158203e-01 -6.747473478317260742e-01 -4.883574247360229492e-01 -8.554543256759643555e-01 1.720741987228393555e-01 -2.219366133213043213e-01 6.641027927398681641e-01 -4.923095703125000000e-01 -5.625701546669006348e-01 6.485277414321899414e-01
5.664038658142089844e-01 -1.812718808650970459e-01 8.037687540054321289e-01 -6.380534172058105469e-01 -4.953753650188446045e-01 -8.543010354042053223e-01 1.565472781658172607e-01 -1.037661656737327576e-01 6.584069728851318359e-01 -4.871950149536132812e-01 -5.738977193832397461e-01 3.652467131614685059e-01
5.809857845306396484e-01 -2.020709514617919922e-01 7.886519432067871094e-01 -7.069607377052307129e-01 -5.187828540802001953e-01 -8.384072780609130859e-01 1.677196323871612549e-01 -1.127181723713874817e-01 6.267983913421630859e-01 -5.065221786499023438e-01 -5.920661091804504395e-01 3.807964026927947998e-01
5.613310337066650391e-01 -1.686084568500518799e-01 8.104976415634155273e-01 -6.681772470474243164e-01 -4.877865016460418701e-01 -8.585535287857055664e-01 1.591998636722564697e-01 -1.730357706546783447e-01 6.685106158256530762e-01 -4.848884046077728271e-01 -5.641660690307617188e-01 5.276002883911132812e-01
5.645045042037963867e-01 -1.854335367679595947e-01 8.043551445007324219e-01 -7.603956460952758789e-01 -5.177603363990783691e-01 -8.382826447486877441e-01 1.706765592098236084e-01 -9.036860615015029907e-02 6.423443555831909180e-01 -5.132272243499755859e-01 -5.691947340965270996e-01 4.169084429740905762e-01
5.737963914871215820e-01 -1.505886465311050415e-01 8.053120970726013184e-01 -7.104666233062744141e-01 -4.813261330127716064e-01 -8.572397828102111816e-01 1.829337477684020996e-01 -2.344460189342498779e-01 6.629099845886230469e-01 -4.924958348274230957e-01 -5.643670558929443359e-01 6.482694149017333984e-01
5.678997635841369629e-01 -1.865929067134857178e-01 8.015066981315612793e-01 -7.750729918479919434e-01 -5.129518508911132812e-01 -8.420390486717224121e-01 1.674158126115798950e-01 -9.938821196556091309e-02 6.435477733612060547e-01 -5.066967606544494629e-01 -5.738471150398254395e-01 4.092519283294677734e-01
5.650394558906555176e-01 -1.594621241092681885e-01 8.096729516983032227e-01 -7.843136191368103027e-01 -5.075817704200744629e-01 -8.405961990356445312e-01 1.887680590152740479e-01 -2.935705780982971191e-01 6.506069302558898926e-01 -5.174488425254821777e-01 -5.559874773025512695e-01 8.097497224807739258e-01
5.675829052925109863e-01 -1.528113037347793579e-01 8.089522123336791992e-01 -7.890563607215881348e-01 -4.965977668762207031e-01 -8.473153710365295410e-01 1.883400678634643555e-01 -3.125756084918975830e-01 6.565603017807006836e-01 -5.085632205009460449e-01 -5.566626787185668945e-01 8.028675913810729980e-01
5.781052708625793457e-01 -1.425679922103881836e-01 8.032861351966857910e-01 -8.358906507492065430e-01 -4.887299537658691406e-01 -8.488307595252990723e-01 2.014158368110656738e-01 -2.881759107112884521e-01 6.533702015876770020e-01 -5.087535381317138672e-01 -5.602672100067138672e-01 8.136510252952575684e-01
5.540392994880676270e-01 -1.512568593025207520e-01 8.188644647598266602e-01 -8.305662274360656738e-01 -5.001913309097290039e-01 -8.462833166122436523e-01 1.824012994766235352e-01 -3.213665485382080078e-01 6.649429798126220703e-01 -5.105073451995849609e-01 -5.444532632827758789e-01 8.284475803375244141e-01
5.548760890960693359e-01 -1.578015089035034180e-01 8.167955279350280762e-01 -8.309802412986755371e-01 -5.039772391319274902e-01 -8.452067971229553223e-01 1.789942979812622070e-01 -3.266526460647583008e-01 6.621515154838562012e-01 -5.107681751251220703e-01 -5.484824776649475098e-01 8.203045725822448730e-01
5.719420313835144043e-01 -1.388827562332153320e-01 8.081631064414978027e-01 -8.839082717895507812e-01 -4.875905513763427734e-01 -8.502049446105957031e-01 1.987074613571166992e-01 -2.978706359863281250e-01 6.595123410224914551e-01 -5.078378915786743164e-01 -5.539577603340148926e-01 8.263171315193176270e-01
5.474261045455932617e-01 -1.360006779432296753e-01 8.259751200675964355e-01 -8.312653899192810059e-01 -4.850477874279022217e-01 -8.555362224578857422e-01 1.806248426437377930e-01 -3.389710485935211182e-01 6.821194887161254883e-01 -4.993027150630950928e-01 -5.342923402786254883e-01 8.291545510292053223e-01
5.579269528388977051e-01 -1.308071166276931763e-01 8.196362853050231934e-01 -8.575606942176818848e-01 -4.866830110549926758e-01 -8.514583706855773926e-01 1.956049799919128418e-01 -3.032145202159881592e-01 6.720466017723083496e-01 -5.082113146781921387e-01 -5.388730764389038086e-01 8.532794713973999023e-01
5.686507225036621094e-01 -1.313370168209075928e-01 8.118763566017150879e-01 -8.946434855461120605e-01 -4.812441170215606689e-01 -8.538861274719238281e-01 1.988420486450195312e-01 -3.038252890110015869e-01 6.670021414756774902e-01 -5.039885640144348145e-01 -5.486632585525512695e-01 8.137634992599487305e-01
5.647162795066833496e-01 -1.283303052186965942e-01 8.149521946907043457e-01 -8.741009831428527832e-01 -4.843139648437500000e-01 -8.512028455734252930e-01 2.013373374938964844e-01 -2.946074008941650391e-01 6.683353781700134277e-01 -5.085892081260681152e-01 -5.430400371551513672e-01 8.424105644226074219e-01
5.716065764427185059e-01 -1.470378339290618896e-01 8.072834610939025879e-01 -8.075249791145324707e-01 -4.577394723892211914e-01 -8.737042546272277832e-01 1.648174524307250977e-01 -1.861175298690795898e-01 6.808255910873413086e-01 -4.635631442070007324e-01 -5.666667222976684570e-01 4.376462101936340332e-01
5.621805191040039062e-01 -1.410528421401977539e-01 8.149380683898925781e-01 -8.412587642669677734e-01 -4.825427532196044922e-01 -8.562934398651123047e-01 1.848351359367370605e-01 -3.358809053897857666e-01 6.716115474700927734e-01 -4.974757432937622070e-01 -5.495275855064392090e-01 8.156820535659790039e-01
6.059464812278747559e-01 -1.691593229770660400e-01 7.775061726570129395e-01 -7.842239141464233398e-01 -4.805020987987518311e-01 -8.566294908523559570e-01 1.878469586372375488e-01 -1.120691224932670593e-01 6.342171430587768555e-01 -4.874270558357238770e-01 -6.004737615585327148e-01 3.582543134689331055e-01
5.619590282440185547e-01 -1.438058614730834961e-01 8.148667216300964355e-01 -9.141985177993774414e-01 -4.777522087097167969e-01 -8.600996732711791992e-01 1.778344810009002686e-01 -1.921160966157913208e-01 6.753960847854614258e-01 -4.890295863151550293e-01 -5.523456931114196777e-01 6.164226531982421875e-01
5.802593231201171875e-01 -1.625425815582275391e-01 7.979388236999511719e-01 -8.840559720993041992e-01 -4.938387870788574219e-01 -8.492621779441833496e-01 1.857128143310546875e-01 -1.175232306122779846e-01 6.476169824600219727e-01 -5.016646981239318848e-01 -5.731639862060546875e-01 4.584125876426696777e-01
5.784614086151123047e-01 -1.624568700790405273e-01 7.995420694351196289e-01 -8.942310810089111328e-01 -4.969244003295898438e-01 -8.474469184875488281e-01 1.877989768981933594e-01 -1.149829030036926270e-01 6.467419266700744629e-01 -5.057144165039062500e-01 -5.707604885101318359e-01 4.666051268577575684e-01
5.887002944946289062e-01 -1.705493032932281494e-01 7.899274230003356934e-01 -8.917139172554016113e-01 -5.048716068267822266e-01 -8.410890698432922363e-01 1.945833563804626465e-01 -1.166226118803024292e-01 6.314825415611267090e-01 -5.133963227272033691e-01 -5.814117193222045898e-01 4.738842248916625977e-01
7.027628421783447266e-01 -1.352327764034271240e-01 6.987673044204711914e-01 -1.008802056312561035e+00 -4.125740528106689453e-01 -8.774966597557067871e-01 2.448808550834655762e-01 -3.388994932174682617e-01 5.803630352020263672e-01 -4.600630998611450195e-01 -6.723472476005554199e-01 8.086215853691101074e-01
5.824750065803527832e-01 -1.718765497207641602e-01 7.943584918975830078e-01 -8.364946246147155762e-01 -5.052286982536315918e-01 -8.418164253234863281e-01 1.885461211204528809e-01 -1.258912384510040283e-01 6.364901661872863770e-01 -5.113004446029663086e-01 -5.775110721588134766e-01 4.346896111965179443e-01
5.889282822608947754e-01 -1.628855466842651367e-01 7.916004061698913574e-01 -8.244010806083679199e-01 -4.969292283058166504e-01 -8.453328609466552734e-01 1.959941983222961426e-01 -1.272236108779907227e-01 6.371315121650695801e-01 -5.091245770454406738e-01 -5.788197517395019531e-01 4.122312664985656738e-01
5.990735292434692383e-01 -1.710008233785629272e-01 7.823455333709716797e-01 -8.110123872756958008e-01 -4.973669350147247314e-01 -8.451396226882934570e-01 1.963509321212768555e-01 -1.151393204927444458e-01 6.274197101593017578e-01 -5.062497258186340332e-01 -5.914141535758972168e-01 4.095848202705383301e-01
7.099305987358093262e-01 -1.205280423164367676e-01 6.936496496200561523e-01 -1.008315086364746094e+00 -4.076493382453918457e-01 -8.737399578094482422e-01 2.655396461486816406e-01 -3.367862999439239502e-01 5.742661952972412109e-01 -4.712505340576171875e-01 -6.693077087402343750e-01 8.218877911567687988e-01
6.971645355224609375e-01 -1.212168186902999878e-01 7.065056562423706055e-01 -9.913446307182312012e-01 -4.140005707740783691e-01 -8.729447722434997559e-01 2.587275505065917969e-01 -3.387525975704193115e-01 5.852723121643066406e-01 -4.726893007755279541e-01 -6.586991548538208008e-01 8.216123580932617188e-01
6.006082296371459961e-01 -1.541512459516525269e-01 7.846766710281372070e-01 -8.280733227729797363e-01 -4.913104176521301270e-01 -8.453814983367919922e-01 2.095281332731246948e-01 -1.281073838472366333e-01 6.310482621192932129e-01 -5.111827850341796875e-01 -5.833227634429931641e-01 4.265400767326354980e-01
6.005293726921081543e-01 -1.523549854755401611e-01 7.851051688194274902e-01 -8.219453692436218262e-01 -5.003748536109924316e-01 -8.373827934265136719e-01 2.196660041809082031e-01 -1.198863536119461060e-01 6.239342689514160156e-01 -5.249940752983093262e-01 -5.792648196220397949e-01 4.311491549015045166e-01
6.897143125534057617e-01 -1.637130081653594971e-01 7.053512930870056152e-01 -9.438003897666931152e-01 -4.294533729553222656e-01 -8.765939474105834961e-01 2.167673110961914062e-01 -4.539790749549865723e-01 5.828172564506530762e-01 -4.522045552730560303e-01 -6.749936342239379883e-01 7.643751502037048340e-01
5.608974695205688477e-01 -1.441681981086730957e-01 8.150523900985717773e-01 -9.416878819465637207e-01 -4.984242022037506104e-01 -8.450253605842590332e-01 1.938308477401733398e-01 -1.509493589401245117e-01 6.608687639236450195e-01 -5.152049660682678223e-01 -5.460121035575866699e-01 5.380274653434753418e-01
5.720463395118713379e-01 -1.543583869934082031e-01 8.057147860527038574e-01 -9.234058856964111328e-01 -5.111100077629089355e-01 -8.352491855621337891e-01 2.032369375228881836e-01 -1.542800366878509521e-01 6.413199305534362793e-01 -5.281268358230590820e-01 -5.567880868911743164e-01 5.243570804595947266e-01
6.116052269935607910e-01 -1.499611288309097290e-01 7.770784497261047363e-01 -9.017907381057739258e-01 -4.916225075721740723e-01 -8.412849903106689453e-01 2.248362898826599121e-01 -1.256733834743499756e-01 6.196469068527221680e-01 -5.193898081779479980e-01 -5.882739424705505371e-01 4.596235752105712891e-01
6.023733019828796387e-01 -1.443532854318618774e-01 7.849870324134826660e-01 -8.908238410949707031e-01 -4.946175813674926758e-01 -8.395074009895324707e-01 2.250089347362518311e-01 -1.356461942195892334e-01 6.269051432609558105e-01 -5.241737365722656250e-01 -5.773230195045471191e-01 4.912723898887634277e-01
6.060589551925659180e-01 -1.526663303375244141e-01 7.804650068283081055e-01 -8.472257256507873535e-01 -4.969410300254821777e-01 -8.392087221145629883e-01 2.216219902038574219e-01 -1.278448849916458130e-01 6.216432452201843262e-01 -5.218567848205566406e-01 -5.840736627578735352e-01 4.371981918811798096e-01
5.963839292526245117e-01 -1.517986655235290527e-01 7.885260581970214844e-01 -8.933678269386291504e-01 -4.943498969078063965e-01 -8.432080149650573730e-01 2.110815048217773438e-01 -1.600375324487686157e-01 6.327452659606933594e-01 -5.154601335525512695e-01 -5.780767202377319336e-01 4.950711429119110107e-01
6.137163639068603516e-01 -1.433795690536499023e-01 7.762219905853271484e-01 -8.987994194030761719e-01 -4.842928946018218994e-01 -8.445805907249450684e-01 2.270967960357666016e-01 -1.164626628160476685e-01 6.231992244720458984e-01 -5.155353546142578125e-01 -5.882530212402343750e-01 4.477587938308715820e-01
6.186189651489257812e-01 -1.433845460414886475e-01 7.723485231399536133e-01 -8.777850866317749023e-01 -4.796020984649658203e-01 -8.472077846527099609e-01 2.267806529998779297e-01 -1.138295605778694153e-01 6.220845580101013184e-01 -5.107943415641784668e-01 -5.931432247161865234e-01 4.221732318401336670e-01
6.098390221595764160e-01 -1.481473892927169800e-01 7.786651849746704102e-01 -8.689012527465820312e-01 -4.872552752494812012e-01 -8.450834751129150391e-01 2.211474180221557617e-01 -1.312996000051498413e-01 6.250366568565368652e-01 -5.143001079559326172e-01 -5.871707797050476074e-01 4.368101060390472412e-01
6.120983362197875977e-01 -1.453503370285034180e-01 7.771897315979003906e-01 -8.964621424674987793e-01 -4.847057461738586426e-01 -8.451840877532958984e-01 2.241514921188354492e-01 -1.324080079793930054e-01 6.243914365768432617e-01 -5.139472484588623047e-01 -5.876550674438476562e-01 4.479429125785827637e-01
6.025440692901611328e-01 -1.424548923969268799e-01 7.853047847747802734e-01 -8.574966788291931152e-01 -4.886386990547180176e-01 -8.437843322753906250e-01 2.216753959655761719e-01 -1.364088952541351318e-01 6.311486363410949707e-01 -5.173232555389404297e-01 -5.783398151397705078e-01 4.443864822387695312e-01
6.062328219413757324e-01 -1.400377452373504639e-01 7.827230691909790039e-01 -8.713923096656799316e-01 -4.874250590801239014e-01 -8.428511619567871094e-01 2.266349792480468750e-01 -1.316754221916198730e-01 6.281278729438781738e-01 -5.190758109092712402e-01 -5.797414183616638184e-01 4.483347237110137939e-01
5.980340838432312012e-01 -1.377629041671752930e-01 7.896184921264648438e-01 -8.595308661460876465e-01 -4.885419011116027832e-01 -8.433662056922912598e-01 2.232142686843872070e-01 -1.381109952926635742e-01 6.353875398635864258e-01 -5.192673206329345703e-01 -5.716384649276733398e-01 4.605389237403869629e-01
5.953702926635742188e-01 -1.371742784976959229e-01 7.915593385696411133e-01 -8.755123019218444824e-01 -4.876768887042999268e-01 -8.448556661605834961e-01 2.201472520828247070e-01 -1.475495100021362305e-01 6.386905312538146973e-01 -5.169652104377746582e-01 -5.698106884956359863e-01 4.681126773357391357e-01
5.942260622978210449e-01 -1.394657492637634277e-01 7.922487258911132812e-01 -8.825188279151916504e-01 -4.917160570621490479e-01 -8.422423601150512695e-01 2.203053832054138184e-01 -1.455887854099273682e-01 6.364627480506896973e-01 -5.205054283142089844e-01 -5.693333148956298828e-01 4.694251716136932373e-01
5.800073146820068359e-01 -1.485922336578369141e-01 8.006315231323242188e-01 -8.980810642242431641e-01 -4.973190128803253174e-01 -8.434793949127197266e-01 2.036490440368652344e-01 -1.998977661132812500e-01 6.454762220382690430e-01 -5.163165926933288574e-01 -5.632207393646240234e-01 5.080112814903259277e-01
5.837371945381164551e-01 -1.478083133697509766e-01 7.982082366943359375e-01 -9.022678136825561523e-01 -5.039185285568237305e-01 -8.370270729064941406e-01 2.132798433303833008e-01 -1.668238937854766846e-01 6.364287137985229492e-01 -5.269182920455932617e-01 -5.628881454467773438e-01 4.854990839958190918e-01
5.834795236587524414e-01 -1.495355069637298584e-01 7.981518507003784180e-01 -9.030198454856872559e-01 -5.086892843246459961e-01 -8.336479067802429199e-01 2.156978845596313477e-01 -1.689863204956054688e-01 6.328341364860534668e-01 -5.320589542388916016e-01 -5.624650716781616211e-01 4.891935586929321289e-01
6.445104479789733887e-01 -1.591184735298156738e-01 7.478348016738891602e-01 -9.009581208229064941e-01 -4.796577394008636475e-01 -8.463214039802551270e-01 2.332829833030700684e-01 -4.015073776245117188e-01 5.957061648368835449e-01 -5.091308355331420898e-01 -6.216796040534973145e-01 8.333248496055603027e-01
6.446907520294189453e-01 -1.577070802450180054e-01 7.478966712951660156e-01 -9.097195863723754883e-01 -4.756331741809844971e-01 -8.485186100006103516e-01 2.313278913497924805e-01 -4.029376506805419922e-01 5.980557203292846680e-01 -5.051556229591369629e-01 -6.220299601554870605e-01 8.504988551139831543e-01
6.565662026405334473e-01 -1.567338407039642334e-01 7.376175522804260254e-01 -9.327169656753540039e-01 -4.693725705146789551e-01 -8.507262468338012695e-01 2.371518611907958984e-01 -4.032156467437744141e-01 5.903466343879699707e-01 -5.019056200981140137e-01 -6.321439743041992188e-01 8.464662432670593262e-01
6.439606547355651855e-01 -1.647537648677825928e-01 7.471189498901367188e-01 -9.230080842971801758e-01 -4.753781259059906006e-01 -8.511136770248413086e-01 2.222595214843750000e-01 -4.013183712959289551e-01 5.991320013999938965e-01 -4.987759888172149658e-01 -6.265070438385009766e-01 8.537546396255493164e-01
6.414294838905334473e-01 -1.664286106824874878e-01 7.485502362251281738e-01 -9.010781049728393555e-01 -4.767522513866424561e-01 -8.513467907905578613e-01 2.188133597373962402e-01 -4.021477699279785156e-01 6.014044284820556641e-01 -4.972111284732818604e-01 -6.254341602325439453e-01 8.565860390663146973e-01
5.863842964172363281e-01 -1.520308554172515869e-01 7.955037355422973633e-01 -8.935082554817199707e-01 -4.999195933341979980e-01 -8.408216238021850586e-01 2.078779935836791992e-01 -1.893608570098876953e-01 6.375969648361206055e-01 -5.192857980728149414e-01 -5.688441991806030273e-01 5.375100970268249512e-01
5.873667597770690918e-01 -1.553294658660888672e-01 7.940182089805603027e-01 -8.920074105262756348e-01 -4.970549046993255615e-01 -8.437808752059936523e-01 2.023242712020874023e-01 -2.012756168842315674e-01 6.387159824371337891e-01 -5.136470198631286621e-01 -5.727345943450927734e-01 5.422639846801757812e-01
5.884849429130554199e-01 -1.583841294050216675e-01 7.923421859741210938e-01 -8.968378305435180664e-01 -4.928352236747741699e-01 -8.479708433151245117e-01 1.961615085601806641e-01 -2.091659903526306152e-01 6.410958766937255859e-01 -5.059138536453247070e-01 -5.769501924514770508e-01 5.494950413703918457e-01
5.920699238777160645e-01 -1.631652265787124634e-01 7.893984913825988770e-01 -8.975343108177185059e-01 -4.924411475658416748e-01 -8.486427664756774902e-01 1.938664913177490234e-01 -2.132678627967834473e-01 6.384640932083129883e-01 -5.033423900604248047e-01 -5.828161239624023438e-01 5.563539862632751465e-01
5.992658734321594238e-01 -1.602225154638290405e-01 7.840841412544250488e-01 -9.279436469078063965e-01 -4.847702980041503906e-01 -8.523969650268554688e-01 1.966444253921508789e-01 -2.109866291284561157e-01 6.364358067512512207e-01 -4.983326494693756104e-01 -5.883489847183227539e-01 5.698307156562805176e-01
6.024882793426513672e-01 -1.570961177349090576e-01 7.823283076286315918e-01 -9.296315908432006836e-01 -4.808925390243530273e-01 -8.539778590202331543e-01 1.990282535552978516e-01 -2.138046026229858398e-01 6.368830204010009766e-01 -4.961188137531280518e-01 -5.900625586509704590e-01 5.808998346328735352e-01
6.018757224082946777e-01 -1.618495285511016846e-01 7.822229862213134766e-01 -9.369021058082580566e-01 -4.832327365875244141e-01 -8.534764647483825684e-01 1.954146623611450195e-01 -2.244462370872497559e-01 6.355863213539123535e-01 -4.952799081802368164e-01 -5.918171405792236328e-01 5.924980640411376953e-01
6.012409329414367676e-01 -1.684691160917282104e-01 7.813632488250732422e-01 -9.466513991355895996e-01 -4.867118000984191895e-01 -8.529125452041625977e-01 1.905586570501327515e-01 -2.268966436386108398e-01 6.340793967247009277e-01 -4.948333501815795898e-01 -5.945138931274414062e-01 6.002500057220458984e-01
6.067838668823242188e-01 -1.720275729894638062e-01 7.759784460067749023e-01 -9.619867801666259766e-01 -4.848085641860961914e-01 -8.537693619728088379e-01 1.900296509265899658e-01 -2.326746433973312378e-01 6.296117305755615234e-01 -4.915779531002044678e-01 -6.015104055404663086e-01 6.070798635482788086e-01
6.130658984184265137e-01 -1.744980812072753906e-01 7.701522111892700195e-01 -9.730721712112426758e-01 -4.831927120685577393e-01 -8.545503020286560059e-01 1.913255155086517334e-01 -2.346240729093551636e-01 6.246662139892578125e-01 -4.898698329925537109e-01 -6.081464290618896484e-01 6.133477091789245605e-01
6.215648055076599121e-01 -1.755916476249694824e-01 7.632206082344055176e-01 -9.831935167312622070e-01 -4.806805849075317383e-01 -8.549290299415588379e-01 1.948833316564559937e-01 -2.345184385776519775e-01 6.186563372611999512e-01 -4.881177842617034912e-01 -6.156862974166870117e-01 6.115866899490356445e-01
6.299742460250854492e-01 -1.756976842880249023e-01 7.566232681274414062e-01 -1.004362463951110840e+00 -4.787363708019256592e-01 -8.549246788024902344e-01 2.001366019248962402e-01 -2.340141236782073975e-01 6.115298271179199219e-01 -4.883520603179931641e-01 -6.225171089172363281e-01 6.173257827758789062e-01
6.346368789672851562e-01 -1.769473552703857422e-01 7.526590824127197266e-01 -1.005810379981994629e+00 -4.768419265747070312e-01 -8.559362888336181641e-01 2.009463310241699219e-01 -2.387430071830749512e-01 6.083845496177673340e-01 -4.863415956497192383e-01 -6.276080608367919922e-01 6.232340335845947266e-01
6.446934342384338379e-01 -1.796345710754394531e-01 7.430610656738281250e-01 -1.027965784072875977e+00 -4.780751764774322510e-01 -8.530655503273010254e-01 2.082827091217041016e-01 -2.386400401592254639e-01 5.968549251556396484e-01 -4.893934726715087891e-01 -6.359643936157226562e-01 6.259718537330627441e-01
6.492485404014587402e-01 -1.777293682098388672e-01 7.392430305480957031e-01 -1.028419256210327148e+00 -4.744562804698944092e-01 -8.544371724128723145e-01 2.108447551727294922e-01 -2.475734353065490723e-01 5.942393541336059570e-01 -4.877387285232543945e-01 -6.394296884536743164e-01 6.268373727798461914e-01
6.600037813186645508e-01 -1.761215925216674805e-01 7.305785417556762695e-01 -1.052273154258728027e+00 -4.704670906066894531e-01 -8.552206754684448242e-01 2.185586094856262207e-01 -2.478596121072769165e-01 5.861979722976684570e-01 -4.877238273620605469e-01 -6.468394994735717773e-01 6.318587064743041992e-01
6.625428199768066406e-01 -1.732115745544433594e-01 7.288992404937744141e-01 -1.049275636672973633e+00 -4.688079059123992920e-01 -8.547996878623962402e-01 2.231440246105194092e-01 -2.585429549217224121e-01 5.843812823295593262e-01 -4.893425107002258301e-01 -6.471201181411743164e-01 6.322973966598510742e-01
6.683400869369506836e-01 -1.683809757232666016e-01 7.246811389923095703e-01 -1.067859649658203125e+00 -4.634795188903808594e-01 -8.560031652450561523e-01 2.284641861915588379e-01 -2.595212459564208984e-01 5.820246934890747070e-01 -4.889529943466186523e-01 -6.501276493072509766e-01 6.467421650886535645e-01
6.664214730262756348e-01 -1.679006218910217285e-01 7.265482544898986816e-01 -1.064042210578918457e+00 -4.591653943061828613e-01 -8.601582050323486328e-01 2.221838831901550293e-01 -2.745207846164703369e-01 5.875427722930908203e-01 -4.814991950988769531e-01 -6.499645113945007324e-01 6.553568243980407715e-01
6.665356755256652832e-01 -1.712608039379119873e-01 7.253436446189880371e-01 -1.067747950553894043e+00 -4.597759246826171875e-01 -8.603784441947937012e-01 2.193722724914550781e-01 -2.866500914096832275e-01 5.862490534782409668e-01 -4.799562692642211914e-01 -6.522091031074523926e-01 6.664295792579650879e-01
6.724720597267150879e-01 -1.725270748138427734e-01 7.197743654251098633e-01 -1.073307871818542480e+00 -4.586566388607025146e-01 -8.604068160057067871e-01 2.223596572875976562e-01 -2.870904207229614258e-01 5.810821652412414551e-01 -4.796010851860046387e-01 -6.577877998352050781e-01 6.714760065078735352e-01
6.774359345436096191e-01 -1.725317537784576416e-01 7.148784399032592773e-01 -1.089187979698181152e+00 -4.564281702041625977e-01 -8.609591126441955566e-01 2.252215147018432617e-01 -2.850187718868255615e-01 5.765314698219299316e-01 -4.790706932544708252e-01 -6.617295742034912109e-01 6.730993390083312988e-01
6.803016662597656250e-01 -1.653007864952087402e-01 7.139946222305297852e-01 -1.115763783454895020e+00 -4.520977735519409180e-01 -8.616290092468261719e-01 2.310690879821777344e-01 -2.831103801727294922e-01 5.769914388656616211e-01 -4.798640012741088867e-01 -6.612274050712585449e-01 6.851165294647216797e-01
6.784338355064392090e-01 -1.643861532211303711e-01 7.159327864646911621e-01 -1.116320013999938965e+00 -4.517156183719635010e-01 -8.618598580360412598e-01 2.307598888874053955e-01 -2.955636382102966309e-01 5.792403221130371094e-01 -4.803442955017089844e-01 -6.587677001953125000e-01 6.870688199996948242e-01
6.806060075759887695e-01 -1.630492210388183594e-01 7.144659161567687988e-01 -1.119356036186218262e+00 -4.523638486862182617e-01 -8.601029515266418457e-01 2.349193841218948364e-01 -2.964606285095214844e-01 5.761389732360839844e-01 -4.830422401428222656e-01 -6.591802835464477539e-01 6.927643418312072754e-01
6.843682527542114258e-01 -1.610610187053680420e-01 7.109719514846801758e-01 -1.133901357650756836e+00 -4.502699673175811768e-01 -8.600228428840637207e-01 2.386980056762695312e-01 -2.930055856704711914e-01 5.732281208038330078e-01 -4.836223721504211426e-01 -6.612865924835205078e-01 6.970643997192382812e-01
6.936025023460388184e-01 -1.565665006637573242e-01 7.035537362098693848e-01 -1.172518491744995117e+00 -4.486667811870574951e-01 -8.578022122383117676e-01 2.512119114398956299e-01 -2.794280052185058594e-01 5.639718174934387207e-01 -4.895352125167846680e-01 -6.648229956626892090e-01 7.081559300422668457e-01
6.963914632797241211e-01 -1.565154045820236206e-01 7.001348733901977539e-01 -1.181350111961364746e+00 -4.471997618675231934e-01 -8.577739000320434570e-01 2.530115842819213867e-01 -2.777897715568542480e-01 5.612242817878723145e-01 -4.893711209297180176e-01 -6.675078868865966797e-01 7.093170881271362305e-01
6.952672004699707031e-01 -1.546651721000671387e-01 7.021358609199523926e-01 -1.189349293708801270e+00 -4.457987844944000244e-01 -8.591521382331848145e-01 2.525043487548828125e-01 -2.845934629440307617e-01 5.639407038688659668e-01 -4.883840084075927734e-01 -6.660333275794982910e-01 7.206148505210876465e-01
6.945679187774658203e-01 -1.515908837318420410e-01 7.034732699394226074e-01 -1.187575459480285645e+00 -4.453645050525665283e-01 -8.584890365600585938e-01 2.552226781845092773e-01 -2.860005497932434082e-01 5.649709701538085938e-01 -4.905085563659667969e-01 -6.634725332260131836e-01 7.224660515785217285e-01
6.970925927162170410e-01 -1.534518599510192871e-01 7.002704143524169922e-01 -1.195911169052124023e+00 -4.459930062294006348e-01 -8.579474687576293945e-01 2.557934522628784180e-01 -2.922545373439788818e-01 5.611921548843383789e-01 -4.905753135681152344e-01 -6.662936210632324219e-01 7.268592119216918945e-01
6.989238262176513672e-01 -1.512322425842285156e-01 6.989627480506896973e-01 -1.203939914703369141e+00 -4.437749683856964111e-01 -8.581629395484924316e-01 2.584398686885833740e-01 -2.949249148368835449e-01 5.604387521743774414e-01 -4.907904863357543945e-01 -6.673094630241394043e-01 7.332944869995117188e-01
7.007545232772827148e-01 -1.489808559417724609e-01 6.975849866867065430e-01 -1.215319871902465820e+00 -4.406900405883789062e-01 -8.593938350677490234e-01 2.592737674713134766e-01 -2.965889871120452881e-01 5.610849857330322266e-01 -4.891170263290405273e-01 -6.682265996932983398e-01 7.392867803573608398e-01
7.011394500732421875e-01 -1.473215967416763306e-01 6.973816156387329102e-01 -1.219504117965698242e+00 -4.378870725631713867e-01 -8.608717918395996094e-01 2.586157321929931641e-01 -2.997276782989501953e-01 5.621490478515625000e-01 -4.869937002658843994e-01 -6.677498221397399902e-01 7.421879172325134277e-01
6.999611258506774902e-01 -1.487519741058349609e-01 6.983624100685119629e-01 -1.222954869270324707e+00 -4.385905861854553223e-01 -8.611475229263305664e-01 2.562986314296722412e-01 -3.048763275146484375e-01 5.633929967880249023e-01 -4.858829379081726074e-01 -6.680496335029602051e-01 7.456893920898437500e-01
7.010931372642517090e-01 -1.493566036224365234e-01 6.969484090805053711e-01 -1.229589343070983887e+00 -4.371865987777709961e-01 -8.622614145278930664e-01 2.554594874382019043e-01 -3.091002702713012695e-01 5.630153417587280273e-01 -4.839631319046020508e-01 -6.699978709220886230e-01 7.482741475105285645e-01
7.033997774124145508e-01 -1.484662890434265137e-01 6.951998472213745117e-01 -1.240952849388122559e+00 -4.364986717700958252e-01 -8.620019555091857910e-01 2.582700848579406738e-01 -3.031401634216308594e-01 5.606347322463989258e-01 -4.851384162902832031e-01 -6.708932518959045410e-01 7.469714283943176270e-01
6.991062164306640625e-01 -1.484582424163818359e-01 6.995635032653808594e-01 -1.246632814407348633e+00 -4.375186562538146973e-01 -8.625860810279846191e-01 2.539787888526916504e-01 -3.073318600654602051e-01 5.653094053268432617e-01 -4.837011098861694336e-01 -6.682598590850830078e-01 7.576446533203125000e-01
6.973428726196289062e-01 -1.529129743576049805e-01 6.998887062072753906e-01 -1.245880842208862305e+00 -4.406591951847076416e-01 -8.620930910110473633e-01 2.509157359600067139e-01 -3.128312230110168457e-01 5.654544830322265625e-01 -4.832465648651123047e-01 -6.683646440505981445e-01 7.578182816505432129e-01
6.975539922714233398e-01 -1.581292152404785156e-01 6.991031169891357422e-01 -1.251548886299133301e+00 -4.432128965854644775e-01 -8.615709543228149414e-01 2.469901293516159058e-01 -3.151206672191619873e-01 5.633373260498046875e-01 -4.819598793983459473e-01 -6.707495450973510742e-01 7.570350170135498047e-01
6.963157057762145996e-01 -1.556322574615478516e-01 7.004539966583251953e-01 -1.262363553047180176e+00 -4.404644668102264404e-01 -8.633405566215515137e-01 2.463338226079940796e-01 -3.144197165966033936e-01 5.665352344512939453e-01 -4.802083373069763184e-01 -6.694843173027038574e-01 7.694438695907592773e-01
6.946906447410583496e-01 -1.521262228488922119e-01 7.029442191123962402e-01 -1.276821970939636230e+00 -4.393858313560485840e-01 -8.637983202934265137e-01 2.468289136886596680e-01 -3.139981031417846680e-01 5.697532892227172852e-01 -4.800288677215576172e-01 -6.668239831924438477e-01 7.740687131881713867e-01
6.900370121002197266e-01 -1.553702652454376221e-01 7.066543102264404297e-01 -1.274010181427001953e+00 -4.422687292098999023e-01 -8.631624579429626465e-01 2.421491146087646484e-01 -3.220451772212982178e-01 5.728558301925659180e-01 -4.798743724822998047e-01 -6.647752523422241211e-01 7.778844833374023438e-01
6.890055537223815918e-01 -1.581789553165435791e-01 7.070968151092529297e-01 -1.270602583885192871e+00 -4.441963434219360352e-01 -8.634575009346008301e-01 2.396339178085327148e-01 -3.275741636753082275e-01 5.726651549339294434e-01 -4.794809520244598389e-01 -6.651760935783386230e-01 7.776160836219787598e-01
6.890234351158142090e-01 -1.581289172172546387e-01 7.072579860687255859e-01 -1.277119636535644531e+00 -4.437220990657806396e-01 -8.638312816619873047e-01 2.392933964729309082e-01 -3.279446959495544434e-01 5.729835033416748047e-01 -4.788051843643188477e-01 -6.653356552124023438e-01 7.825033664703369141e-01
6.858637928962707520e-01 -1.582505553960800171e-01 7.103555798530578613e-01 -1.281928658485412598e+00 -4.450645446777343750e-01 -8.634654283523559570e-01 2.376000881195068359e-01 -3.304314315319061279e-01 5.756422877311706543e-01 -4.791109263896942139e-01 -6.629103422164916992e-01 7.859128117561340332e-01
6.822679042816162109e-01 -1.623362749814987183e-01 7.128156423568725586e-01 -1.279172539710998535e+00 -4.484171867370605469e-01 -8.633832931518554688e-01 2.323166131973266602e-01 -3.383185267448425293e-01 5.775598287582397461e-01 -4.781188964843750000e-01 -6.616485714912414551e-01 7.898831367492675781e-01
6.797209382057189941e-01 -1.664440631866455078e-01 7.141028046607971191e-01 -1.276680111885070801e+00 -4.519335031509399414e-01 -8.621428608894348145e-01 2.293318510055541992e-01 -3.386586904525756836e-01 5.776869654655456543e-01 -4.785391688346862793e-01 -6.613186597824096680e-01 7.925683856010437012e-01
6.789970397949218750e-01 -1.650067716836929321e-01 7.152352333068847656e-01 -1.285202860832214355e+00 -4.498333334922790527e-01 -8.637017607688903809e-01 2.279371023178100586e-01 -3.400323390960693359e-01 5.798492431640625000e-01 -4.766408503055572510e-01 -6.608463525772094727e-01 8.028765320777893066e-01
6.769459247589111328e-01 -1.647269129753112793e-01 7.178814411163330078e-01 -1.292219877243041992e+00 -4.509539008140563965e-01 -8.633862733840942383e-01 2.270801067352294922e-01 -3.427015841007232666e-01 5.820518136024475098e-01 -4.771631062030792236e-01 -6.586279869079589844e-01 8.106234669685363770e-01
6.722182035446166992e-01 -1.679370701313018799e-01 7.208988666534423828e-01 -1.291482806205749512e+00 -4.542000293731689453e-01 -8.627008199691772461e-01 2.228951454162597656e-01 -3.492752313613891602e-01 5.843015909194946289e-01 -4.772916436195373535e-01 -6.564409732818603516e-01 8.150525093078613281e-01
6.712736487388610840e-01 -1.697324514389038086e-01 7.212992906570434570e-01 -1.295102715492248535e+00 -4.558269977569580078e-01 -8.623233437538146973e-01 2.214981317520141602e-01 -3.531978130340576172e-01 5.846226215362548828e-01 -4.775969982147216797e-01 -6.560130119323730469e-01 8.203367590904235840e-01
6.737065315246582031e-01 -1.720848679542541504e-01 7.186617851257324219e-01 -1.312389135360717773e+00 -4.577851295471191406e-01 -8.606032133102416992e-01 2.229716777801513672e-01 -3.523729443550109863e-01 5.802370905876159668e-01 -4.794477820396423340e-01 -6.585331559181213379e-01 8.194884061813354492e-01
6.713706851005554199e-01 -1.741973906755447388e-01 7.203086018562316895e-01 -1.320732831954956055e+00 -4.612572789192199707e-01 -8.590809702873229980e-01 2.219613194465637207e-01 -3.543043136596679688e-01 5.800437331199645996e-01 -4.812147319316864014e-01 -6.571723818778991699e-01 8.229917287826538086e-01
6.647396683692932129e-01 -1.733087301254272461e-01 7.267895936965942383e-01 -1.314567804336547852e+00 -4.634139835834503174e-01 -8.588211536407470703e-01 2.188198119401931763e-01 -3.596225082874298096e-01 5.864837169647216797e-01 -4.825015068054199219e-01 -6.505928039550781250e-01 8.332630395889282227e-01
6.621179580688476562e-01 -1.739780902862548828e-01 7.286294698715209961e-01 -1.315167427062988281e+00 -4.650199711322784424e-01 -8.581381440162658691e-01 2.172232419252395630e-01 -3.627000451087951660e-01 5.878330469131469727e-01 -4.828271567821502686e-01 -6.488491296768188477e-01 8.414954543113708496e-01
6.596723198890686035e-01 -1.724582165479660034e-01 7.312955856323242188e-01 -1.315042138099670410e+00 -4.644093513488769531e-01 -8.585361242294311523e-01 2.167718410491943359e-01 -3.655867874622344971e-01 5.903835296630859375e-01 -4.828198552131652832e-01 -6.467556357383728027e-01 8.508076071739196777e-01
6.572653651237487793e-01 -1.775666177272796631e-01 7.320415973663330078e-01 -1.321641325950622559e+00 -4.668919742107391357e-01 -8.590216040611267090e-01 2.106430828571319580e-01 -3.729945421218872070e-01 5.916310548782348633e-01 -4.802645444869995117e-01 -6.475824713706970215e-01 8.551096320152282715e-01
6.600741147994995117e-01 -1.820420026779174805e-01 7.289135456085205078e-01 -1.349362850189208984e+00 -4.670727849006652832e-01 -8.590154051780700684e-01 2.084041833877563477e-01 -3.837811946868896484e-01 5.881999135017395020e-01 -4.778981506824493408e-01 -6.523663401603698730e-01 8.595709800720214844e-01
6.581205129623413086e-01 -1.731745153665542603e-01 7.325363159179687500e-01 -1.347535371780395508e+00 -4.660437703132629395e-01 -8.580304384231567383e-01 2.161406874656677246e-01 -3.914752006530761719e-01 5.910791158676147461e-01 -4.838486611843109131e-01 -6.455018520355224609e-01 8.723000288009643555e-01
