7.005318403244018555e-01 -2.168301492929458618e-01 6.795964241027832031e-01 -6.466891169548034668e-01 -4.644872546195983887e-01 -8.619186282157897949e-01 2.036913633346557617e-01 -3.207765221595764160e-01 5.413944125175476074e-01 -4.582666158676147461e-01 -7.043668031692504883e-01 7.608507871627807617e-01
6.940581202507019043e-01 -2.207979857921600342e-01 6.850968003273010254e-01 -6.267240047454833984e-01 -4.685640335083007812e-01 -8.612053990364074707e-01 1.970395445823669434e-01 -3.297845423221588135e-01 5.466568470001220703e-01 -4.576059579849243164e-01 -7.012438774108886719e-01 7.765699625015258789e-01
6.962647438049316406e-01 -2.146849334239959717e-01 6.847459077835083008e-01 -6.316016316413879395e-01 -4.672603011131286621e-01 -8.596599698066711426e-01 2.056067287921905518e-01 -3.264528512954711914e-01 5.445801615715026855e-01 -4.633049964904785156e-01 -6.990183591842651367e-01 7.677727341651916504e-01
6.896279454231262207e-01 -2.195390462875366211e-01 6.899828910827636719e-01 -6.318511962890625000e-01 -4.682663083076477051e-01 -8.620736598968505859e-01 1.936199963092803955e-01 -3.364799618721008301e-01 5.523242354393005371e-01 -4.569883346557617188e-01 -6.973268985748291016e-01 7.838370203971862793e-01
6.922426819801330566e-01 -2.232860773801803589e-01 6.859838962554931641e-01 -6.568467020988464355e-01 -4.689604938030242920e-01 -8.624141216278076172e-01 1.920604705810546875e-01 -3.344975709915161133e-01 5.490305423736572266e-01 -4.546340405941009521e-01 -7.016545534133911133e-01 7.825105786323547363e-01
6.905511021614074707e-01 -2.204281687736511230e-01 6.889604926109313965e-01 -6.598250269889831543e-01 -4.684097766876220703e-01 -8.616860508918762207e-01 1.936664581298828125e-01 -3.372117280960083008e-01 5.514597296714782715e-01 -4.562024176120758057e-01 -6.984950304031372070e-01 7.776157855987548828e-01
6.904371976852416992e-01 -2.190597504377365112e-01 6.891331076622009277e-01 -6.445643901824951172e-01 -4.671853780746459961e-01 -8.626393079757690430e-01 1.935544013977050781e-01 -3.404166102409362793e-01 5.519549846649169922e-01 -4.557970464229583740e-01 -6.979887485504150391e-01 8.049767017364501953e-01
6.920815110206604004e-01 -2.154647707939147949e-01 6.890701651573181152e-01 -6.618035435676574707e-01 -4.686739146709442139e-01 -8.603732585906982422e-01 2.017689943313598633e-01 -3.276619315147399902e-01 5.495008230209350586e-01 -4.622560441493988037e-01 -6.961807012557983398e-01 8.095868229866027832e-01
6.823666095733642578e-01 -2.193140983581542969e-01 6.970647573471069336e-01 -6.520160436630249023e-01 -4.741858839988708496e-01 -8.587943911552429199e-01 1.937574744224548340e-01 -3.304201960563659668e-01 5.564433932304382324e-01 -4.630122780799865723e-01 -6.900703907012939453e-01 7.947352528572082520e-01
6.822494268417358398e-01 -2.252447009086608887e-01 6.958082318305969238e-01 -6.452713608741760254e-01 -4.727386832237243652e-01 -8.615107536315917969e-01 1.847822666168212891e-01 -3.415498733520507812e-01 5.577762722969055176e-01 -4.545974135398864746e-01 -6.943198442459106445e-01 8.091257214546203613e-01
6.823263168334960938e-01 -2.287238538265228271e-01 6.944205164909362793e-01 -6.418175697326660156e-01 -4.742447733879089355e-01 -8.613314032554626465e-01 1.822317838668823242e-01 -3.491585850715637207e-01 5.564895272254943848e-01 -4.535786509513854980e-01 -6.960268020629882812e-01 8.039153218269348145e-01
6.860153079032897949e-01 -2.326935976743698120e-01 6.890490055084228516e-01 -6.453786492347717285e-01 -4.706890583038330078e-01 -8.646460175514221191e-01 1.760678291320800781e-01 -3.557734489440917969e-01 5.548112392425537109e-01 -4.453764557838439941e-01 -7.029504776000976562e-01 7.909814715385437012e-01
6.879106760025024414e-01 -2.264062166213989258e-01 6.896609067916870117e-01 -6.775114536285400391e-01 -4.701085686683654785e-01 -8.627175688743591309e-01 1.856868863105773926e-01 -3.437130451202392578e-01 5.529426336288452148e-01 -4.520266354084014893e-01 -7.000072002410888672e-01 7.819297909736633301e-01
6.927053332328796387e-01 -2.317700535058975220e-01 6.831725835800170898e-01 -6.751455664634704590e-01 -4.700982570648193359e-01 -8.636397719383239746e-01 1.837340593338012695e-01 -3.507778644561767578e-01 5.473715066909790039e-01 -4.482594430446624756e-01 -7.067837715148925781e-01 7.813658118247985840e-01
6.879884600639343262e-01 -2.362114638090133667e-01 6.862355470657348633e-01 -6.752775311470031738e-01 -4.762221574783325195e-01 -8.602420091629028320e-01 1.811531782150268555e-01 -3.420503735542297363e-01 5.478370189666748047e-01 -4.512691497802734375e-01 -7.044094800949096680e-01 7.732710242271423340e-01
6.816709637641906738e-01 -2.279126942157745361e-01 6.954899430274963379e-01 -6.652252078056335449e-01 -4.782728552818298340e-01 -8.576911091804504395e-01 1.878001689910888672e-01 -3.358424305915832520e-01 5.539757609367370605e-01 -4.607534706592559814e-01 -6.937304735183715820e-01 7.792346477508544922e-01
6.930123567581176758e-01 -2.273524999618530273e-01 6.843596100807189941e-01 -6.675373911857604980e-01 -4.753417968750000000e-01 -8.579112887382507324e-01 1.964825391769409180e-01 -3.413827121257781982e-01 5.426177978515625000e-01 -4.612396359443664551e-01 -7.022595405578613281e-01 7.704313397407531738e-01
6.989521980285644531e-01 -2.176776528358459473e-01 6.807991266250610352e-01 -6.775456070899963379e-01 -4.690210819244384766e-01 -8.589316010475158691e-01 2.067405581474304199e-01 -3.395842313766479492e-01 5.397490262985229492e-01 -4.641006588935852051e-01 -7.023867368698120117e-01 7.652155756950378418e-01
7.062110900878906250e-01 -2.215333580970764160e-01 6.724044084548950195e-01 -6.948099136352539062e-01 -4.645397365093231201e-01 -8.615462779998779297e-01 2.038768529891967773e-01 -3.427730202674865723e-01 5.344287753105163574e-01 -4.561837911605834961e-01 -7.116351127624511719e-01 7.890526056289672852e-01
7.016783356666564941e-01 -2.191753387451171875e-01 6.779400706291198730e-01 -6.906892657279968262e-01 -4.663664102554321289e-01 -8.608373403549194336e-01 2.041361331939697266e-01 -3.402208685874938965e-01 5.388463735580444336e-01 -4.598321318626403809e-01 -7.062380313873291016e-01 7.855207920074462891e-01
7.061556577682495117e-01 -2.140349149703979492e-01 6.749675273895263672e-01 -6.887590885162353516e-01 -4.623205661773681641e-01 -8.613997697830200195e-01 2.102435827255249023e-01 -3.480007052421569824e-01 5.364283323287963867e-01 -4.605271518230438232e-01 -7.068580389022827148e-01 7.803045511245727539e-01
6.918017864227294922e-01 -2.127809524536132812e-01 6.899040341377258301e-01 -6.991917490959167480e-01 -4.608539938926696777e-01 -8.655434846878051758e-01 1.952279806137084961e-01 -3.716858625411987305e-01 5.555565357208251953e-01 -4.533714354038238525e-01 -6.969031095504760742e-01 8.070160150527954102e-01
6.895611882209777832e-01 -2.159983962774276733e-01 6.907771229743957520e-01 -7.009649872779846191e-01 -4.621438384056091309e-01 -8.659364581108093262e-01 1.903626918792724609e-01 -3.757711052894592285e-01 5.572594404220581055e-01 -4.507024288177490234e-01 -6.970419883728027344e-01 7.988571524620056152e-01
6.877381801605224609e-01 -2.097382992506027222e-01 6.947540044784545898e-01 -7.203634381294250488e-01 -4.613645076751708984e-01 -8.653811216354370117e-01 1.955680847167968750e-01 -3.684083223342895508e-01 5.601767301559448242e-01 -4.551955163478851318e-01 -6.922459006309509277e-01 7.987599968910217285e-01
6.645331978797912598e-01 -2.172720432281494141e-01 7.150305509567260742e-01 -6.670479178428649902e-01 -4.758275747299194336e-01 -8.612307906150817871e-01 1.802222728729248047e-01 -3.901280164718627930e-01 5.768647789955139160e-01 -4.599690735340118408e-01 -6.756918430328369141e-01 8.357895016670227051e-01
6.614758968353271484e-01 -2.225638628005981445e-01 7.161523699760437012e-01 -6.681439876556396484e-01 -4.776024222373962402e-01 -8.609326481819152832e-01 1.738896965980529785e-01 -3.990636467933654785e-01 5.778821110725402832e-01 -4.571006000041961670e-01 -6.761258244514465332e-01 8.351009488105773926e-01
6.594739556312561035e-01 -2.142097502946853638e-01 7.204902768135070801e-01 -6.905846595764160156e-01 -4.751593470573425293e-01 -8.612329363822937012e-01 1.787682771682739258e-01 -3.951188325881958008e-01 5.822895169258117676e-01 -4.603760540485382080e-01 -6.697869300842285156e-01 8.466444611549377441e-01
6.772885918617248535e-01 -1.982031762599945068e-01 7.081524133682250977e-01 -6.888166069984436035e-01 -4.553163051605224609e-01 -8.689041137695312500e-01 1.923454999923706055e-01 -4.186718463897705078e-01 5.779311656951904297e-01 -4.528440237045288086e-01 -6.792874336242675781e-01 8.632772564888000488e-01
6.678165793418884277e-01 -1.983311921358108521e-01 7.173374295234680176e-01 -7.017909884452819824e-01 -4.578590393066406250e-01 -8.698789477348327637e-01 1.854894161224365234e-01 -4.203039407730102539e-01 5.871427059173583984e-01 -4.522451460361480713e-01 -6.714716553688049316e-01 8.708549141883850098e-01
6.744693517684936523e-01 -1.902679204940795898e-01 7.129704952239990234e-01 -7.115383744239807129e-01 -4.492077827453613281e-01 -8.725593686103820801e-01 1.923834085464477539e-01 -4.067993164062500000e-01 5.853204131126403809e-01 -4.501253366470336914e-01 -6.739874482154846191e-01 8.440341353416442871e-01
6.721228361129760742e-01 -1.914736777544021606e-01 7.151563763618469238e-01 -7.169191241264343262e-01 -4.485552310943603516e-01 -8.739311099052429199e-01 1.877588033676147461e-01 -4.019545912742614746e-01 5.891077518463134766e-01 -4.468286037445068359e-01 -6.732172966003417969e-01 8.391485810279846191e-01
6.732753515243530273e-01 -1.962432414293289185e-01 7.125518321990966797e-01 -6.997767686843872070e-01 -4.472576379776000977e-01 -8.760158419609069824e-01 1.809782981872558594e-01 -4.077638983726501465e-01 5.887261033058166504e-01 -4.405807256698608398e-01 -6.776657700538635254e-01 8.299286961555480957e-01
6.815690994262695312e-01 -1.842759847640991211e-01 7.082195878028869629e-01 -7.023336291313171387e-01 -4.408552646636962891e-01 -8.758108615875244141e-01 1.961486339569091797e-01 -4.098693132400512695e-01 5.842885375022888184e-01 -4.457956254482269287e-01 -6.784526109695434570e-01 8.251203298568725586e-01
6.889794468879699707e-01 -1.828557997941970825e-01 7.008608579635620117e-01 -7.314557433128356934e-01 -4.389490485191345215e-01 -8.748867511749267578e-01 2.028472423553466797e-01 -3.946547508239746094e-01 5.768989920616149902e-01 -4.477273225784301758e-01 -6.834826469421386719e-01 7.986339330673217773e-01
7.101179361343383789e-01 -1.773350238800048828e-01 6.812661886215209961e-01 -7.652065753936767578e-01 -4.281411767005920410e-01 -8.772582411766052246e-01 2.177500724792480469e-01 -3.700395226478576660e-01 5.589894652366638184e-01 -4.465815722942352295e-01 -6.987106800079345703e-01 7.714225053787231445e-01
7.187411785125732422e-01 -1.781052052974700928e-01 6.718840003013610840e-01 -7.869692444801330566e-01 -4.300678372383117676e-01 -8.734458088874816895e-01 2.286822795867919922e-01 -3.550884127616882324e-01 5.462353825569152832e-01 -4.533728361129760742e-01 -7.047687768936157227e-01 7.714433073997497559e-01
7.179315686225891113e-01 -1.746969521045684814e-01 6.740738153457641602e-01 -8.004378676414489746e-01 -4.308237433433532715e-01 -8.718962073326110840e-01 2.329955101013183594e-01 -3.526886105537414551e-01 5.470838546752929688e-01 -4.575574100017547607e-01 -7.012283802032470703e-01 7.654593586921691895e-01
7.097399830818176270e-01 -1.816530078649520874e-01 6.802816390991210938e-01 -8.049845099449157715e-01 -4.449594020843505859e-01 -8.647449612617492676e-01 2.330070137977600098e-01 -3.408158421516418457e-01 5.460933446884155273e-01 -4.682802259922027588e-01 -6.944617629051208496e-01 7.496261596679687500e-01
7.022174596786499023e-01 -1.832180023193359375e-01 6.881472468376159668e-01 -7.931435704231262207e-01 -4.496916234493255615e-01 -8.631846904754638672e-01 2.289754450321197510e-01 -3.517143130302429199e-01 5.518270730972290039e-01 -4.704658985137939453e-01 -6.885272264480590820e-01 7.531127333641052246e-01
7.104391455650329590e-01 -1.769780665636062622e-01 6.812055706977844238e-01 -7.610667943954467773e-01 -4.380281567573547363e-01 -8.689796328544616699e-01 2.308974862098693848e-01 -3.563491106033325195e-01 5.508698225021362305e-01 -4.624350368976593018e-01 -6.948062181472778320e-01 7.664422988891601562e-01
6.924512982368469238e-01 -1.806194335222244263e-01 6.986178159713745117e-01 -7.472005486488342285e-01 -4.512840509414672852e-01 -8.635490536689758301e-01 2.244049310684204102e-01 -3.667148947715759277e-01 5.626421570777893066e-01 -4.706257283687591553e-01 -6.796383261680603027e-01 7.886911630630493164e-01
6.886461973190307617e-01 -1.770657747983932495e-01 7.033034563064575195e-01 -7.548460960388183594e-01 -4.521302580833435059e-01 -8.629861474037170410e-01 2.252625226974487305e-01 -3.582032918930053711e-01 5.674836635589599609e-01 -4.734251797199249268e-01 -6.740697622299194336e-01 7.836307287216186523e-01
6.765348315238952637e-01 -1.774650663137435913e-01 7.145190834999084473e-01 -7.809723615646362305e-01 -4.615983366966247559e-01 -8.585098981857299805e-01 2.236131429672241211e-01 -3.539579510688781738e-01 5.739370584487915039e-01 -4.815159142017364502e-01 -6.624524593353271484e-01 7.575088739395141602e-01
6.834508180618286133e-01 -1.737378239631652832e-01 7.090023756027221680e-01 -7.727534770965576172e-01 -4.536001980304718018e-01 -8.617126941680908203e-01 2.261961698532104492e-01 -3.677330613136291504e-01 5.716220140457153320e-01 -4.761246442794799805e-01 -6.680273413658142090e-01 7.815732359886169434e-01
6.739045977592468262e-01 -1.687323153018951416e-01 7.187870144844055176e-01 -7.572845816612243652e-01 -4.544209837913513184e-01 -8.622485995292663574e-01 2.233922481536865234e-01 -3.777470588684082031e-01 5.824871659278869629e-01 -4.776793122291564941e-01 -6.579220294952392578e-01 7.988503575325012207e-01
6.814740300178527832e-01 -1.625548154115676880e-01 7.134147882461547852e-01 -7.876153588294982910e-01 -4.521199464797973633e-01 -8.600523471832275391e-01 2.359105348587036133e-01 -3.725649118423461914e-01 5.756705999374389648e-01 -4.833983480930328369e-01 -6.599212884902954102e-01 8.139562010765075684e-01
6.924213171005249023e-01 -1.603285372257232666e-01 7.037547230720520020e-01 -8.059935569763183594e-01 -4.468662738800048828e-01 -8.608257770538330078e-01 2.436515092849731445e-01 -3.825943470001220703e-01 5.666797161102294922e-01 -4.830498099327087402e-01 -6.675214767456054688e-01 8.087957501411437988e-01
7.048400640487670898e-01 -1.600880771875381470e-01 6.910537481307983398e-01 -8.198438286781311035e-01 -4.403575658798217773e-01 -8.623327612876892090e-01 2.496255636215209961e-01 -3.824501037597656250e-01 5.560804605484008789e-01 -4.805330634117126465e-01 -6.783232688903808594e-01 8.007263541221618652e-01
6.979952454566955566e-01 -1.505232006311416626e-01 6.995643377304077148e-01 -8.265570998191833496e-01 -4.327828288078308105e-01 -8.671109676361083984e-01 2.453521490097045898e-01 -3.838910460472106934e-01 5.700688362121582031e-01 -4.743141531944274902e-01 -6.708518862724304199e-01 8.056651949882507324e-01
6.938893198966979980e-01 -1.521731317043304443e-01 7.033947110176086426e-01 -8.394445180892944336e-01 -4.442781507968902588e-01 -8.596560359001159668e-01 2.521523237228393555e-01 -3.810337781906127930e-01 5.664381980895996094e-01 -4.877088069915771484e-01 -6.643069982528686523e-01 7.900485992431640625e-01
6.943067312240600586e-01 -1.539723575115203857e-01 7.033649086952209473e-01 -8.327549695968627930e-01 -4.470517933368682861e-01 -8.575383424758911133e-01 2.541773319244384766e-01 -3.751778602600097656e-01 5.636587738990783691e-01 -4.909399449825286865e-01 -6.642841100692749023e-01 7.995755076408386230e-01
6.738326549530029297e-01 -1.575756967067718506e-01 7.219582796096801758e-01 -8.353245258331298828e-01 -4.515976309776306152e-01 -8.612321019172668457e-01 2.332493662834167480e-01 -3.792935013771057129e-01 5.849634408950805664e-01 -4.834294915199279785e-01 -6.510625481605529785e-01 7.872179150581359863e-01
6.722831726074218750e-01 -1.505135148763656616e-01 7.246209979057312012e-01 -8.461012840270996094e-01 -4.475879669189453125e-01 -8.622187376022338867e-01 2.362377643585205078e-01 -3.813522458076477051e-01 5.895280838012695312e-01 -4.834295213222503662e-01 -6.473668813705444336e-01 7.912017107009887695e-01
6.746948957443237305e-01 -1.445385515689849854e-01 7.236217260360717773e-01 -8.698295354843139648e-01 -4.425749182701110840e-01 -8.637385964393615723e-01 2.402288913726806641e-01 -3.694427013397216797e-01 5.903728604316711426e-01 -4.821618795394897461e-01 -6.468648910522460938e-01 7.794967293739318848e-01
6.668971776962280273e-01 -1.495750397443771362e-01 7.300647497177124023e-01 -8.752759695053100586e-01 -4.513605833053588867e-01 -8.607305884361267090e-01 2.359991669654846191e-01 -3.650188446044921875e-01 5.924813151359558105e-01 -4.871291816234588623e-01 -6.414056420326232910e-01 7.805693149566650391e-01
6.682775616645812988e-01 -1.466614454984664917e-01 7.292678952217102051e-01 -8.676882982254028320e-01 -4.540368914604187012e-01 -8.572845458984375000e-01 2.434328198432922363e-01 -3.697074055671691895e-01 5.894278883934020996e-01 -4.936837852001190186e-01 -6.392438411712646484e-01 7.882976531982421875e-01
6.679826378822326660e-01 -1.499427855014801025e-01 7.289418578147888184e-01 -8.746848106384277344e-01 -4.564900398254394531e-01 -8.562255501747131348e-01 2.421964406967163086e-01 -3.698824644088745117e-01 5.880111455917358398e-01 -4.940974116325378418e-01 -6.403743028640747070e-01 7.937946319580078125e-01
6.629543304443359375e-01 -1.495961397886276245e-01 7.331839203834533691e-01 -8.667333722114562988e-01 -4.545946121215820312e-01 -8.591302037239074707e-01 2.352099418640136719e-01 -3.780340552330017090e-01 5.953812599182128906e-01 -4.892415106296539307e-01 -6.377673149108886719e-01 7.978670597076416016e-01
6.531847715377807617e-01 -1.455018073320388794e-01 7.428748607635498047e-01 -8.787958025932312012e-01 -4.532626867294311523e-01 -8.609742522239685059e-01 2.301099300384521484e-01 -3.697779774665832520e-01 6.059575080871582031e-01 -4.873363971710205078e-01 -6.284990310668945312e-01 8.059750795364379883e-01
6.471220850944519043e-01 -1.530223041772842407e-01 7.463047504425048828e-01 -8.979238867759704590e-01 -4.657652974128723145e-01 -8.550870418548583984e-01 2.281237840652465820e-01 -3.759985566139221191e-01 6.031368374824523926e-01 -4.957279860973358154e-01 -6.249046325683593750e-01 8.026350140571594238e-01
6.498167514801025391e-01 -1.486886739730834961e-01 7.453918457031250000e-01 -9.109019041061401367e-01 -4.650405645370483398e-01 -8.532013297080993652e-01 2.356052398681640625e-01 -3.773051500320434570e-01 6.011292338371276855e-01 -4.994064569473266602e-01 -6.237020492553710938e-01 8.013957142829895020e-01
6.368358135223388672e-01 -1.502020210027694702e-01 7.562096714973449707e-01 -9.002376198768615723e-01 -4.711013436317443848e-01 -8.522529602050781250e-01 2.272698879241943359e-01 -3.869324922561645508e-01 6.105585098266601562e-01 -5.009393692016601562e-01 -6.135452985763549805e-01 8.176555633544921875e-01
6.410573124885559082e-01 -1.537122279405593872e-01 7.520459294319152832e-01 -9.157919287681579590e-01 -4.705619812011718750e-01 -8.527319431304931641e-01 2.268890142440795898e-01 -3.983348011970520020e-01 6.061902642250061035e-01 -4.988879561424255371e-01 -6.189999580383300781e-01 8.328451514244079590e-01
6.406731605529785156e-01 -1.580583602190017700e-01 7.512159943580627441e-01 -9.201363921165466309e-01 -4.760958254337310791e-01 -8.493081927299499512e-01 2.272679805755615234e-01 -3.940730690956115723e-01 6.020684242248535156e-01 -5.033839941024780273e-01 -6.197482347488403320e-01 8.317850828170776367e-01
6.438081264495849609e-01 -1.592972278594970703e-01 7.482334971427917480e-01 -9.248686432838439941e-01 -4.787527620792388916e-01 -8.467586040496826172e-01 2.313463687896728516e-01 -3.895304799079895020e-01 5.967569947242736816e-01 -5.074295997619628906e-01 -6.214852929115295410e-01 8.265581727027893066e-01
6.445104479789733887e-01 -1.591184735298156738e-01 7.478348016738891602e-01 -9.009581208229064941e-01 -4.796577394008636475e-01 -8.463214039802551270e-01 2.332829833030700684e-01 -4.015073776245117188e-01 5.957061648368835449e-01 -5.091308355331420898e-01 -6.216796040534973145e-01 8.333248496055603027e-01
6.446907520294189453e-01 -1.577070802450180054e-01 7.478966712951660156e-01 -9.097195863723754883e-01 -4.756331741809844971e-01 -8.485186100006103516e-01 2.313278913497924805e-01 -4.029376506805419922e-01 5.980557203292846680e-01 -5.051556229591369629e-01 -6.220299601554870605e-01 8.504988551139831543e-01
6.565662026405334473e-01 -1.567338407039642334e-01 7.376175522804260254e-01 -9.327169656753540039e-01 -4.693725705146789551e-01 -8.507262468338012695e-01 2.371518611907958984e-01 -4.032156467437744141e-01 5.903466343879699707e-01 -5.019056200981140137e-01 -6.321439743041992188e-01 8.464662432670593262e-01
6.439606547355651855e-01 -1.647537648677825928e-01 7.471189498901367188e-01 -9.230080842971801758e-01 -4.753781259059906006e-01 -8.511136770248413086e-01 2.222595214843750000e-01 -4.013183712959289551e-01 5.991320013999938965e-01 -4.987759888172149658e-01 -6.265070438385009766e-01 8.537546396255493164e-01
6.414294838905334473e-01 -1.664286106824874878e-01 7.485502362251281738e-01 -9.010781049728393555e-01 -4.767522513866424561e-01 -8.513467907905578613e-01 2.188133597373962402e-01 -4.021477699279785156e-01 6.014044284820556641e-01 -4.972111284732818604e-01 -6.254341602325439453e-01 8.565860390663146973e-01
6.208449006080627441e-01 -1.642818152904510498e-01 7.669347524642944336e-01 -8.964989185333251953e-01 -4.784405529499053955e-01 -8.543462753295898438e-01 2.044475078582763672e-01 -3.989431858062744141e-01 6.212000250816345215e-01 -4.939297735691070557e-01 -6.088612675666809082e-01 8.373981118202209473e-01
6.249099373817443848e-01 -1.657856106758117676e-01 7.630212903022766113e-01 -9.019688963890075684e-01 -4.788131713867187500e-01 -8.535749912261962891e-01 2.065087556838989258e-01 -3.900657296180725098e-01 6.172177195549011230e-01 -4.941691458225250244e-01 -6.126633882522583008e-01 8.198693394660949707e-01
6.255999207496643066e-01 -1.693132817745208740e-01 7.615698575973510742e-01 -9.055958986282348633e-01 -4.783810377120971680e-01 -8.542984127998352051e-01 2.029253244400024414e-01 -3.848021626472473145e-01 6.165441274642944336e-01 -4.912600815296173096e-01 -6.154164075851440430e-01 8.052918314933776855e-01
6.264309287071228027e-01 -1.624810397624969482e-01 7.625695466995239258e-01 -9.203206896781921387e-01 -4.678515195846557617e-01 -8.604851365089416504e-01 2.009967565536499023e-01 -3.783536553382873535e-01 6.233355402946472168e-01 -4.825321137905120850e-01 -6.151052713394165039e-01 8.097886443138122559e-01
6.233359575271606445e-01 -1.640046834945678711e-01 7.646805047988891602e-01 -9.273271560668945312e-01 -4.680962562561035156e-01 -8.616573810577392578e-01 1.966756135225296021e-01 -3.693304657936096191e-01 6.265708208084106445e-01 -4.801211655139923096e-01 -6.139476299285888672e-01 7.955704331398010254e-01
6.221513748168945312e-01 -1.652703881263732910e-01 7.652732133865356445e-01 -9.344196319580078125e-01 -4.717671573162078857e-01 -8.592932820320129395e-01 1.979878246784210205e-01 -3.580859303474426270e-01 6.247287988662719727e-01 -4.840520024299621582e-01 -6.126657724380493164e-01 7.864586710929870605e-01
6.073741912841796875e-01 -1.672011017799377441e-01 7.768351435661315918e-01 -9.522043466567993164e-01 -4.763207435607910156e-01 -8.594060540199279785e-01 1.872512549161911011e-01 -3.451045751571655273e-01 6.362364292144775391e-01 -4.834803044795989990e-01 -6.011250615119934082e-01 7.634102106094360352e-01
5.948627591133117676e-01 -1.688870042562484741e-01 7.860952019691467285e-01 -9.450837373733520508e-01 -4.778530299663543701e-01 -8.602040410041809082e-01 1.768891215324401855e-01 -3.336622714996337891e-01 6.460611820220947266e-01 -4.810393452644348145e-01 -5.924567580223083496e-01 7.665253877639770508e-01
5.996791720390319824e-01 -1.678711026906967163e-01 7.824764251708984375e-01 -9.617579579353332520e-01 -4.768439829349517822e-01 -8.601649999618530273e-01 1.809407174587249756e-01 -3.170849084854125977e-01 6.424058079719543457e-01 -4.816881120204925537e-01 -5.957946181297302246e-01 7.604949474334716797e-01
5.842950940132141113e-01 -1.729036122560501099e-01 7.928010821342468262e-01 -9.638534784317016602e-01 -4.811682701110839844e-01 -8.603128790855407715e-01 1.668538898229598999e-01 -3.200896978378295898e-01 6.534970998764038086e-01 -4.790024161338806152e-01 -5.861567258834838867e-01 7.593756914138793945e-01
5.945901274681091309e-01 -1.711913049221038818e-01 7.856995463371276855e-01 -9.850974678993225098e-01 -4.772414863109588623e-01 -8.615667819976806641e-01 1.734612584114074707e-01 -3.073013722896575928e-01 6.467257142066955566e-01 -4.779998362064361572e-01 -5.940367579460144043e-01 7.541198134422302246e-01
6.066727042198181152e-01 -1.696316897869110107e-01 7.766541242599487305e-01 -9.941854476928710938e-01 -4.698377251625061035e-01 -8.647972941398620605e-01 1.780380606651306152e-01 -2.930153012275695801e-01 6.412850618362426758e-01 -4.731497168540954590e-01 -6.040484905242919922e-01 7.313568592071533203e-01
6.224316954612731934e-01 -1.677791774272918701e-01 7.647086977958679199e-01 -1.018111705780029297e+00 -4.626283645629882812e-01 -8.667598366737365723e-01 1.862016916275024414e-01 -2.887236475944519043e-01 6.313796043395996094e-01 -4.693650007247924805e-01 -6.170916557312011719e-01 7.342591881752014160e-01
6.202306747436523438e-01 -1.681109964847564697e-01 7.658582925796508789e-01 -1.011581182479858398e+00 -4.660654962062835693e-01 -8.645358085632324219e-01 1.878333091735839844e-01 -2.967720031738281250e-01 6.308748722076416016e-01 -4.735467433929443359e-01 -6.147540211677551270e-01 7.392470240592956543e-01
6.235516071319580078e-01 -1.692414432764053345e-01 7.628948092460632324e-01 -1.014909267425537109e+00 -4.660717844963073730e-01 -8.639417290687561035e-01 1.895974874496459961e-01 -3.163997530937194824e-01 6.272144317626953125e-01 -4.738184213638305664e-01 -6.178654432296752930e-01 7.422604560852050781e-01
6.261882781982421875e-01 -1.678133010864257812e-01 7.613472938537597656e-01 -1.014198899269104004e+00 -4.693581759929656982e-01 -8.608385324478149414e-01 1.962590217590332031e-01 -3.160054087638854980e-01 6.225268244743347168e-01 -4.799852371215820312e-01 -6.181597709655761719e-01 7.368642687797546387e-01
6.326990127563476562e-01 -1.650701761245727539e-01 7.564489841461181641e-01 -1.021173834800720215e+00 -4.649538993835449219e-01 -8.622821569442749023e-01 2.006441354751586914e-01 -3.246673941612243652e-01 6.190018653869628906e-01 -4.787688255310058594e-01 -6.222652792930603027e-01 7.390318512916564941e-01
6.288932561874389648e-01 -1.501295566558837891e-01 7.628239393234252930e-01 -1.016191005706787109e+00 -4.580433666706085205e-01 -8.644244074821472168e-01 2.071766853332519531e-01 -3.292612731456756592e-01 6.281799077987670898e-01 -4.797485470771789551e-01 -6.125549674034118652e-01 7.464345097541809082e-01
6.285374164581298828e-01 -1.490516066551208496e-01 7.633138895034790039e-01 -1.032052040100097656e+00 -4.534804821014404297e-01 -8.675184249877929688e-01 2.042255997657775879e-01 -3.329917788505554199e-01 6.316258907318115234e-01 -4.746621251106262207e-01 -6.129700541496276855e-01 7.539656758308410645e-01
6.313554048538208008e-01 -1.518558412790298462e-01 7.604530453681945801e-01 -1.034945249557495117e+00 -4.558092951774597168e-01 -8.659539818763732910e-01 2.053302526473999023e-01 -3.374686241149902344e-01 6.274298429489135742e-01 -4.761643409729003906e-01 -6.161116361618041992e-01 7.602142095565795898e-01
6.384016275405883789e-01 -1.543313264846801758e-01 7.540848255157470703e-01 -1.060469388961791992e+00 -4.544381499290466309e-01 -8.664633035659790039e-01 2.075206041336059570e-01 -3.383526206016540527e-01 6.208583116531372070e-01 -4.753541052341461182e-01 -6.232306957244873047e-01 7.588258385658264160e-01
6.467487812042236328e-01 -1.492842435836791992e-01 7.478675246238708496e-01 -1.069290399551391602e+00 -4.459846019744873047e-01 -8.692435622215270996e-01 2.121018767356872559e-01 -3.504195213317871094e-01 6.183902025222778320e-01 -4.709280431270599365e-01 -6.285687685012817383e-01 7.771273255348205566e-01
6.554795503616333008e-01 -1.489813327789306641e-01 7.408803701400756836e-01 -1.096224665641784668e+00 -4.400751292705535889e-01 -8.719662427902221680e-01 2.139365077018737793e-01 -3.645607829093933105e-01 6.140586137771606445e-01 -4.662928581237792969e-01 -6.370667815208435059e-01 7.852348685264587402e-01
6.577030420303344727e-01 -1.456346511840820312e-01 7.390444278717041016e-01 -1.106832385063171387e+00 -4.426663815975189209e-01 -8.690086007118225098e-01 2.225722074508666992e-01 -3.653608560562133789e-01 6.100122928619384766e-01 -4.734855890274047852e-01 -6.357443332672119141e-01 7.839698195457458496e-01
6.611527800559997559e-01 -1.437527239322662354e-01 7.364692687988281250e-01 -1.102141022682189941e+00 -4.380329847335815430e-01 -8.706442713737487793e-01 2.236633300781250000e-01 -3.693570494651794434e-01 6.088322997093200684e-01 -4.706144928932189941e-01 -6.388510465621948242e-01 7.820860147476196289e-01
6.618137359619140625e-01 -1.509268879890441895e-01 7.345333099365234375e-01 -1.120386004447937012e+00 -4.421465396881103516e-01 -8.697763681411743164e-01 2.192031145095825195e-01 -3.727930188179016113e-01 6.058402061462402344e-01 -4.693154096603393555e-01 -6.423338651657104492e-01 7.861236333847045898e-01
6.629859805107116699e-01 -1.494856625795364380e-01 7.338063120841979980e-01 -1.124898314476013184e+00 -4.407919049263000488e-01 -8.697879314422607422e-01 2.213351726531982422e-01 -3.738324642181396484e-01 6.046786904335021973e-01 -4.703944027423858643e-01 -6.425174474716186523e-01 7.900054454803466797e-01
6.679694056510925293e-01 -1.484959125518798828e-01 7.293534278869628906e-01 -1.133508205413818359e+00 -4.414847493171691895e-01 -8.676722645759582520e-01 2.276845574378967285e-01 -3.679734468460083008e-01 5.991475582122802734e-01 -4.739209413528442383e-01 -6.453108191490173340e-01 7.817596793174743652e-01
6.692655682563781738e-01 -1.535607576370239258e-01 7.265765070915222168e-01 -1.138140797615051270e+00 -4.406473636627197266e-01 -8.697780370712280273e-01 2.227969169616699219e-01 -3.700029850006103516e-01 5.978690385818481445e-01 -4.694952368736267090e-01 -6.498328447341918945e-01 7.894592881202697754e-01
6.663628816604614258e-01 -1.489292383193969727e-01 7.303287982940673828e-01 -1.146590709686279297e+00 -4.418450593948364258e-01 -8.681614398956298828e-01 2.262902259826660156e-01 -3.709277510643005371e-01 6.003637313842773438e-01 -4.736471176147460938e-01 -6.443012952804565430e-01 7.968929409980773926e-01
6.672392487525939941e-01 -1.484266519546508789e-01 7.299125790596008301e-01 -1.155668854713439941e+00 -4.430763721466064453e-01 -8.671213388442993164e-01 2.287355661392211914e-01 -3.719488382339477539e-01 5.989220738410949707e-01 -4.758721590042114258e-01 -6.443533301353454590e-01 7.998092770576477051e-01
6.731476783752441406e-01 -1.452380418777465820e-01 7.252004146575927734e-01 -1.159844398498535156e+00 -4.397356510162353516e-01 -8.674392700195312500e-01 2.342698574066162109e-01 -3.631385564804077148e-01 5.946836471557617188e-01 -4.765527248382568359e-01 -6.472296714782714844e-01 7.976309657096862793e-01
6.729552149772644043e-01 -1.407161504030227661e-01 7.261984944343566895e-01 -1.168442726135253906e+00 -4.364951252937316895e-01 -8.681726455688476562e-01 2.364472150802612305e-01 -3.621354699134826660e-01 5.967151522636413574e-01 -4.765004515647888184e-01 -6.454423666000366211e-01 8.109927773475646973e-01
6.718840003013610840e-01 -1.393228769302368164e-01 7.273876667022705078e-01 -1.176874995231628418e+00 -4.354062080383300781e-01 -8.691029548645019531e-01 2.359836101531982422e-01 -3.672262430191040039e-01 5.992475748062133789e-01 -4.749550223350524902e-01 -6.445946097373962402e-01 8.114723563194274902e-01
6.731957197189331055e-01 -1.445817351341247559e-01 7.250845432281494141e-01 -1.184342861175537109e+00 -4.386909604072570801e-01 -8.675407171249389648e-01 2.342668771743774414e-01 -3.646981120109558105e-01 5.952585935592651367e-01 -4.758985936641693115e-01 -6.476435065269470215e-01 8.086965680122375488e-01
6.761003732681274414e-01 -1.450702995061874390e-01 7.224385142326354980e-01 -1.196259379386901855e+00 -4.356480240821838379e-01 -8.690454363822937012e-01 2.335288524627685547e-01 -3.699684143066406250e-01 5.936058163642883301e-01 -4.729148447513580322e-01 -6.509156227111816406e-01 8.059375882148742676e-01
6.670858263969421387e-01 -1.439793705940246582e-01 7.312574386596679688e-01 -1.184418439865112305e+00 -4.358687102794647217e-01 -8.711557388305664062e-01 2.261155843734741211e-01 -3.810461163520812988e-01 6.044747829437255859e-01 -4.693661928176879883e-01 -6.439125537872314453e-01 8.167019486427307129e-01
6.729884147644042969e-01 -1.453973650932312012e-01 7.251096367835998535e-01 -1.209277868270874023e+00 -4.357333481311798096e-01 -8.702231645584106445e-01 2.297143936157226562e-01 -3.732462525367736816e-01 5.978823900222778320e-01 -4.702774286270141602e-01 -6.490897536277770996e-01 8.153725862503051758e-01
6.792378425598144531e-01 -1.450288295745849609e-01 7.193819284439086914e-01 -1.232050299644470215e+00 -4.347124099731445312e-01 -8.696439266204833984e-01 2.351136207580566406e-01 -3.634124398231506348e-01 5.914143323898315430e-01 -4.723021984100341797e-01 -6.536567807197570801e-01 8.128944039344787598e-01
6.796375513076782227e-01 -1.478948444128036499e-01 7.184588313102722168e-01 -1.237654209136962891e+00 -4.352678656578063965e-01 -8.694221377372741699e-01 2.329562902450561523e-01 -3.607147932052612305e-01 5.901035070419311523e-01 -4.712939858436584473e-01 -6.554105281829833984e-01 8.176832795143127441e-01
6.794921159744262695e-01 -1.438470482826232910e-01 7.194504737854003906e-01 -1.245774269104003906e+00 -4.294224679470062256e-01 -8.728983998298645020e-01 2.310587465763092041e-01 -3.556563854217529297e-01 5.945757627487182617e-01 -4.658344984054565430e-01 -6.551475524902343750e-01 8.208036422729492188e-01
6.752114892005920410e-01 -1.490757465362548828e-01 7.220091223716735840e-01 -1.246129274368286133e+00 -4.325019419193267822e-01 -8.732531666755676270e-01 2.242025583982467651e-01 -3.602465391159057617e-01 5.975544452667236328e-01 -4.638461470603942871e-01 -6.541840434074401855e-01 8.183001875877380371e-01
6.768367886543273926e-01 -1.491483449935913086e-01 7.206966876983642578e-01 -1.255409479141235352e+00 -4.365908503532409668e-01 -8.700468540191650391e-01 2.302009314298629761e-01 -3.596996068954467773e-01 5.928951501846313477e-01 -4.706939458847045898e-01 -6.536851525306701660e-01 8.215579390525817871e-01
6.776775717735290527e-01 -1.538627445697784424e-01 7.193321585655212402e-01 -1.257364392280578613e+00 -4.375740289688110352e-01 -8.702507615089416504e-01 2.263098955154418945e-01 -3.622905611991882324e-01 5.910825133323669434e-01 -4.681961536407470703e-01 -6.569597125053405762e-01 8.161778450012207031e-01
6.796866655349731445e-01 -1.562993824481964111e-01 7.169353961944580078e-01 -1.272724509239196777e+00 -4.379558563232421875e-01 -8.703954815864562988e-01 2.249996662139892578e-01 -3.570396304130554199e-01 5.887249112129211426e-01 -4.669331610202789307e-01 -6.596935391426086426e-01 8.166906237602233887e-01
6.725760102272033691e-01 -1.506540179252624512e-01 7.247095108032226562e-01 -1.265846133232116699e+00 -4.363556504249572754e-01 -8.717181086540222168e-01 2.239342927932739258e-01 -3.624944686889648438e-01 5.979551076889038086e-01 -4.668065309524536133e-01 -6.517692208290100098e-01 8.299089670181274414e-01
6.733944416046142578e-01 -1.587556004524230957e-01 7.220497131347656250e-01 -1.272995114326477051e+00 -4.387221932411193848e-01 -8.720459342002868652e-01 2.170864343643188477e-01 -3.644427061080932617e-01 5.949068069458007812e-01 -4.630256295204162598e-01 -6.565208435058593750e-01 8.231598734855651855e-01
6.691912412643432617e-01 -1.656165271997451782e-01 7.241557240486145020e-01 -1.266640424728393555e+00 -4.417049884796142578e-01 -8.723128437995910645e-01 2.086358070373535156e-01 -3.721714615821838379e-01 5.972592234611511230e-01 -4.596734046936035156e-01 -6.572248339653015137e-01 8.272864222526550293e-01
6.724161505699157715e-01 -1.685384511947631836e-01 7.203123569488525391e-01 -1.288678169250488281e+00 -4.440587759017944336e-01 -8.708832263946533203e-01 2.109906673431396484e-01 -3.654561638832092285e-01 5.921686291694641113e-01 -4.619423151016235352e-01 -6.607523560523986816e-01 8.253217935562133789e-01
6.670842170715332031e-01 -1.653979718685150146e-01 7.266090512275695801e-01 -1.296265602111816406e+00 -4.463457465171813965e-01 -8.696466088294982910e-01 2.121974229812622070e-01 -3.759654760360717773e-01 5.962154269218444824e-01 -4.660415649414062500e-01 -6.535152792930603027e-01 8.435009717941284180e-01
6.704534292221069336e-01 -1.701240688562393188e-01 7.225851416587829590e-01 -1.312362790107727051e+00 -4.489310979843139648e-01 -8.682675361633300781e-01 2.120727300643920898e-01 -3.763945698738098145e-01 5.909305810928344727e-01 -4.666109979152679443e-01 -6.585080027580261230e-01 8.460475802421569824e-01
6.660958528518676758e-01 -1.736920475959777832e-01 7.255058884620666504e-01 -1.313378453254699707e+00 -4.529564380645751953e-01 -8.670321106910705566e-01 2.083553671836853027e-01 -3.811030983924865723e-01 5.927238464355468750e-01 -4.674331545829772949e-01 -6.562932729721069336e-01 8.593040108680725098e-01
6.613200306892395020e-01 -1.741904765367507935e-01 7.298868894577026367e-01 -1.315858125686645508e+00 -4.548350572586059570e-01 -8.668641448020935059e-01 2.050167322158813477e-01 -3.877446055412292480e-01 5.968828201293945312e-01 -4.675912261009216309e-01 -6.521297693252563477e-01 8.644260764122009277e-01
6.589800715446472168e-01 -1.654969751834869385e-01 7.338961362838745117e-01 -1.321716189384460449e+00 -4.525317549705505371e-01 -8.667735457420349121e-01 2.106643915176391602e-01 -3.857077360153198242e-01 6.009631752967834473e-01 -4.707498550415039062e-01 -6.460905671119689941e-01 8.721069693565368652e-01
6.573664546012878418e-01 -1.689161062240600586e-01 7.341763377189636230e-01 -1.329336404800415039e+00 -4.561253786087036133e-01 -8.647777438163757324e-01 2.095936089754104614e-01 -3.817353248596191406e-01 5.997317433357238770e-01 -4.728790521621704102e-01 -6.456973552703857422e-01 8.759561777114868164e-01
6.556320190429687500e-01 -1.691168546676635742e-01 7.356377243995666504e-01 -1.330321192741394043e+00 -4.606154263019561768e-01 -8.617746233940124512e-01 2.124032676219940186e-01 -3.849586844444274902e-01 5.983821749687194824e-01 -4.782450199127197266e-01 -6.429394483566284180e-01 8.846960663795471191e-01
6.583936214447021484e-01 -1.745469421148300171e-01 7.319283485412597656e-01 -1.339035034179687500e+00 -4.625917673110961914e-01 -8.609375357627868652e-01 2.107907682657241821e-01 -3.836417198181152344e-01 5.936059951782226562e-01 -4.775762557983398438e-01 -6.472918987274169922e-01 8.827041387557983398e-01
6.543799638748168945e-01 -1.766303479671478271e-01 7.354205846786499023e-01 -1.340650677680969238e+00 -4.602260589599609375e-01 -8.646762967109680176e-01 2.015438377857208252e-01 -3.979366421699523926e-01 6.005071401596069336e-01 -4.702855646610260010e-01 -6.466481685638427734e-01 8.897648453712463379e-01
6.531009674072265625e-01 -1.754651069641113281e-01 7.369545102119445801e-01 -1.353836417198181152e+00 -4.599967598915100098e-01 -8.642026782035827637e-01 2.018462419509887695e-01 -3.989197015762329102e-01 6.016731858253479004e-01 -4.709247946739196777e-01 -6.450737714767456055e-01 8.993507027626037598e-01
6.557480692863464355e-01 -1.615855395793914795e-01 7.376374602317810059e-01 -1.365664958953857422e+00 -4.518690705299377441e-01 -8.664631247520446777e-01 2.120350152254104614e-01 -4.025414586067199707e-01 6.049146652221679688e-01 -4.723772108554840088e-01 -6.411728262901306152e-01 9.257850050926208496e-01
