7.651313143108284809e-01 -4.213383809585399264e-01 4.868757980110534067e-01 -3.777394521353115708e-01 -4.779868781748936035e-01 -8.783215803341087868e-01 -8.930130206652106550e-03 -1.946377178931689156e-01 4.313961268287008766e-01 -2.258875193220175048e-01 -8.734255612569654659e-01 6.960099861868793703e-01
7.648496665443476061e-01 -4.214388608976681883e-01 4.872312404758815663e-01 -3.787584674756656611e-01 -4.781636629642802006e-01 -8.782244387982502953e-01 -9.019513661393738224e-03 -1.946728226293678032e-01 4.316995558999939253e-01 -2.260776984215769336e-01 -8.732264140500389793e-01 6.948981539443778166e-01
7.643862173274170724e-01 -4.218933599386772149e-01 4.875650727608819013e-01 -3.780165434691868942e-01 -4.785468533676718872e-01 -8.780106165213101832e-01 -9.500742174206031065e-03 -1.933030111583791677e-01 4.320956103467913367e-01 -2.260604969140119769e-01 -8.730349558485044348e-01 6.955631902428258684e-01
7.635808753894910428e-01 -4.231999498269409798e-01 4.876946250315222775e-01 -3.769791598376723840e-01 -4.797513344747203479e-01 -8.773454678790288952e-01 -1.017770918298190053e-02 -1.940684704967072793e-01 4.321838750983991728e-01 -2.262006441559261394e-01 -8.729549622190917457e-01 6.989260001086228247e-01
7.645034360500578829e-01 -4.234148350584925335e-01 4.860600499089551829e-01 -3.784438999404476922e-01 -4.792439931204006687e-01 -8.776162090080660283e-01 -1.072304328104939364e-02 -1.948246500657702385e-01 4.311144740437508061e-01 -2.247435566720036582e-01 -8.738596245895481340e-01 6.971112972804767161e-01
7.649865202384590335e-01 -4.215116096714270899e-01 4.869533667351904072e-01 -3.803882025336255968e-01 -4.769859594629843880e-01 -8.788369527948780568e-01 -1.140180909700502787e-02 -1.958620261963463505e-01 4.327586081904634119e-01 -2.235476915855262314e-01 -8.733535451677403305e-01 6.968364991415748610e-01
7.642747880364347823e-01 -4.207462335148268173e-01 4.887296325108687056e-01 -3.814824565659492572e-01 -4.768993213567197520e-01 -8.788908262318092524e-01 -1.086055914498723629e-02 -1.955619614416393148e-01 4.341095299662670604e-01 -2.247743794596316902e-01 -8.723676941401394824e-01 6.960855604931918128e-01
7.630183876831113654e-01 -4.220708495331519372e-01 4.895499321068086385e-01 -3.804704691193219190e-01 -4.787914304271266852e-01 -8.778645578243544634e-01 -1.061050997646999228e-02 -1.940616447994954474e-01 4.342369217471134801e-01 -2.262962991623425901e-01 -8.719107065019471303e-01 6.970786257530113827e-01
7.626106366183089680e-01 -4.242038738506362927e-01 4.883401253312364965e-01 -3.824375774071170353e-01 -4.803122036732676015e-01 -8.770187278373482442e-01 -1.176136508978467554e-02 -1.954108952033128954e-01 4.332726527866985755e-01 -2.255863864762302218e-01 -8.725741152321092597e-01 6.972646476244648284e-01
7.619671656601663123e-01 -4.253168059574461424e-01 4.883765437339856463e-01 -3.855814906031015399e-01 -4.814543255241572339e-01 -8.763881931509265311e-01 -1.206085632343420477e-02 -1.966160341884395923e-01 4.331371218824366931e-01 -2.259410254905218074e-01 -8.725496462507480455e-01 6.954075494638494170e-01
7.606965598377659621e-01 -4.254572532763976067e-01 4.902314416411150400e-01 -3.878850101622193236e-01 -4.821677715532697861e-01 -8.759957970367094893e-01 -1.206654681573673948e-02 -1.965419915676350215e-01 4.345744824839580245e-01 -2.271948228412465354e-01 -8.715087668122053488e-01 6.936536800726551544e-01
7.584735671643211274e-01 -4.266308939013812029e-01 4.926499031108305116e-01 -3.883239287529027806e-01 -4.840689238814544493e-01 -8.749415819504764436e-01 -1.242997460725583925e-02 -1.964464605823627585e-01 4.363428968169398292e-01 -2.290487019630397525e-01 -8.701388211749750967e-01 6.949181610309782542e-01
7.570142360018345951e-01 -4.286945197670775087e-01 4.931028680053219926e-01 -3.909702653645891202e-01 -4.863726590418240847e-01 -8.736568365943039316e-01 -1.285912485908520531e-02 -1.970360355165941546e-01 4.363153289799674983e-01 -2.300972218370120614e-01 -8.698759662838696505e-01 6.949267156415538382e-01
7.553229144002084894e-01 -4.295917650250175579e-01 4.949123156417155056e-01 -3.920720383323488267e-01 -4.882742037558325254e-01 -8.726043870124430279e-01 -1.224250065707646606e-02 -1.981343585071738134e-01 4.371219357596521915e-01 -2.324058812559586795e-01 -8.688566718843215853e-01 6.971181756941036145e-01
7.547201430921445242e-01 -4.307362241144541137e-01 4.948371483512159497e-01 -3.959710715470458053e-01 -4.903823747094161467e-01 -8.714425465016414352e-01 -1.063060073320340471e-02 -1.977906026918056503e-01 4.358011298038041992e-01 -2.346362915281056116e-01 -8.689207003702966725e-01 6.936605483091010660e-01
7.533807518374318057e-01 -4.308904902169609086e-01 4.967402039844601713e-01 -3.957172976615309645e-01 -4.914506727239557060e-01 -8.708474659734448675e-01 -1.004632627763538122e-02 -1.970185877045204370e-01 4.369138142601500796e-01 -2.365545974353501502e-01 -8.678411386971384145e-01 6.928533086228489957e-01
7.521246255431324190e-01 -4.311642698686986019e-01 4.984033680036816794e-01 -3.966014488591005360e-01 -4.922041080522941425e-01 -8.704197885604380014e-01 -1.022280856256854720e-02 -1.979795519358968359e-01 4.382278640923531476e-01 -2.376273606904114599e-01 -8.668849840992303157e-01 6.947313012400203602e-01
7.515736221253220828e-01 -4.317007068338830633e-01 4.987700820315520422e-01 -3.992139677945104603e-01 -4.930992362850736832e-01 -8.699166173197478980e-01 -9.910857874172382398e-03 -1.983402223351597160e-01 4.381669067653545246e-01 -2.384944046954868835e-01 -8.666776691639623831e-01 6.939948780018134755e-01
7.512141759695467602e-01 -4.317623034565765683e-01 4.992580263608520919e-01 -4.019936310552665315e-01 -4.933335125788454456e-01 -8.697839446780774031e-01 -9.896268123315093979e-03 -1.990645696274395970e-01 4.385194510373667254e-01 -2.388664979548327794e-01 -8.663968419820017308e-01 6.918729143027232409e-01
7.502413574398560936e-01 -4.314268473819004024e-01 5.010077659310490095e-01 -4.020445353201355099e-01 -4.935111311768801690e-01 -8.696833091644663449e-01 -9.884611876553664467e-03 -1.977661826190745264e-01 4.399825787115311249e-01 -2.398370643401785129e-01 -8.653863375353064713e-01 6.916392212608198919e-01
7.491178888069860431e-01 -4.313732016556166560e-01 5.027320865486164525e-01 -4.032644187368211730e-01 -4.932941745418801260e-01 -8.697894740758327359e-01 -1.127514977987691125e-02 -1.996630502760764481e-01 4.421348745742731401e-01 -2.395483925375807843e-01 -8.643687411933239639e-01 6.944602258963585850e-01
7.480509917715102430e-01 -4.328560627108346548e-01 5.030460631792295079e-01 -4.064597592051486519e-01 -4.955513910699604896e-01 -8.685160436168514186e-01 -1.042593489400693574e-02 -1.978784512760656811e-01 4.414165057107811152e-01 -2.414860460001058418e-01 -8.641967124073490769e-01 6.915148948879363822e-01
7.456135805826442642e-01 -4.346011088288870283e-01 5.051556823744787206e-01 -4.048192617217286626e-01 -4.977893616595921999e-01 -8.672235782374971835e-01 -1.135851899523124264e-02 -1.958685084324488512e-01 4.430193434246257334e-01 -2.429920593267018147e-01 -8.629534866052942510e-01 6.940578307327516239e-01
7.446646700630529248e-01 -4.376803064901325646e-01 5.038952934053440025e-01 -4.097966555610825790e-01 -4.999671240770807712e-01 -8.659423620652181297e-01 -1.329257350731623266e-02 -1.972555943866445838e-01 4.421621786722568226e-01 -2.420325773249650259e-01 -8.636624545387704410e-01 6.928158981553564910e-01
7.434203346559633552e-01 -4.393668183808832062e-01 5.042648156393845227e-01 -4.113529363764978353e-01 -5.015181193830847706e-01 -8.650284569099944143e-01 -1.432983734916842833e-02 -1.944196915176658047e-01 4.424994704138661694e-01 -2.422448498838220277e-01 -8.634301657805335539e-01 6.923845313762012621e-01
7.425602565424845869e-01 -4.416106906370809715e-01 5.035715118118084810e-01 -4.169045623731013617e-01 -5.022494887575748024e-01 -8.645444924410503607e-01 -1.755774677658671068e-02 -1.947935088220924538e-01 4.431136655870845376e-01 -2.398808470893348810e-01 -8.637751211576312205e-01 6.913081132458104294e-01
7.407078030507204813e-01 -4.428705332892471369e-01 5.051906978623695865e-01 -4.175862303082837901e-01 -5.031803382904944666e-01 -8.639586636309167789e-01 -1.962077138643948671e-02 -1.922262308306162404e-01 4.451533416930668619e-01 -2.396687678044198688e-01 -8.627846684465756422e-01 6.921238490394655551e-01
7.398973585953205756e-01 -4.440797358424250496e-01 5.053168208501621628e-01 -4.205935638806057586e-01 -5.028053940059294957e-01 -8.640894729293294718e-01 -2.315426966336041337e-02 -1.910485213047427300e-01 4.469212872201152043e-01 -2.369442388652082676e-01 -8.626232036671918069e-01 6.935392142203720134e-01
7.387858885276946674e-01 -4.450989527236203780e-01 5.060457924990454659e-01 -4.236978402819902012e-01 -5.026146284619676941e-01 -8.641115491764408407e-01 -2.626353342767157040e-02 -1.913403287043777823e-01 4.489698843249306237e-01 -2.349428840275356589e-01 -8.621066568460626911e-01 6.941894001936339542e-01
7.372155009058842801e-01 -4.466070599607424030e-01 5.070063517419778343e-01 -4.266778751234833189e-01 -5.033160149356832314e-01 -8.636194188911188174e-01 -2.888753063812096733e-02 -1.901705961142993728e-01 4.507619059051864996e-01 -2.338880803060985059e-01 -8.614581072591183108e-01 6.943944162116799657e-01
7.349993620256040083e-01 -4.486015374528942723e-01 5.084610136226983546e-01 -4.283906604397027529e-01 -5.048525688028890901e-01 -8.626379596736705180e-01 -3.129915281033643359e-02 -1.893805308776356777e-01 4.526586191942056914e-01 -2.336929893077233644e-01 -8.605159862038693763e-01 6.966238602513732392e-01
7.345692895544811973e-01 -4.497516041094589689e-01 5.080663807565344303e-01 -4.306577137258136290e-01 -5.047134923364589021e-01 -8.626214450044746851e-01 -3.388995573275516149e-02 -1.876814222727472281e-01 4.535110178900703670e-01 -2.315334401220252025e-01 -8.606509285071881621e-01 6.975913160055003948e-01
7.343955516020503893e-01 -4.506472183064981762e-01 5.075236479762699204e-01 -4.367180741020592061e-01 -5.038068527874542957e-01 -8.630115236900015585e-01 -3.727950614481809199e-02 -1.871180367090867769e-01 4.547986628691035871e-01 -2.283159912138113812e-01 -8.608309838336858366e-01 6.965055003933537936e-01
7.316456620801141675e-01 -4.525337436876044062e-01 5.098115698660672379e-01 -4.381830589362045725e-01 -5.051871675920027727e-01 -8.620726034817385308e-01 -4.020886164941039898e-02 -1.838677939138593231e-01 4.576904539523128923e-01 -2.281316233427632678e-01 -8.593459204821501940e-01 6.980718263632573750e-01
7.291288154374583330e-01 -4.571538602139468277e-01 5.092951305404338491e-01 -4.396728207467193172e-01 -5.078364294448315386e-01 -8.602692554911345324e-01 -4.515502986102565286e-02 -1.820126655639602298e-01 4.587737380419663058e-01 -2.257147808039541292e-01 -8.594064804736140095e-01 7.027714070947617131e-01
7.274275139668038292e-01 -4.624119825336693856e-01 5.069757233582892209e-01 -4.437746386021447220e-01 -5.115581339181008991e-01 -8.578805328209856418e-01 -4.846933563302013859e-02 -1.844461680027210948e-01 4.573374040397091278e-01 -2.240896189844246711e-01 -8.605965058100145670e-01 7.100142974242487082e-01
7.265593781628872927e-01 -4.671443677446358578e-01 5.038726064286067619e-01 -4.475493028164594378e-01 -5.169644129542660949e-01 -8.547168417863744150e-01 -4.697777952169644722e-02 -1.830359309406696389e-01 4.526138084842433185e-01 -2.263520633332386234e-01 -8.624995547538730767e-01 7.117607277797965981e-01
7.270364983474202347e-01 -4.710236351293676238e-01 4.995544789137177366e-01 -4.534498720699369212e-01 -5.205981575930914707e-01 -8.525511209094887022e-01 -4.619689660501347106e-02 -1.784321801417540487e-01 4.476555600322512651e-01 -2.264803046993918434e-01 -8.650498104907656804e-01 7.086251736164936865e-01
7.271330969759546292e-01 -4.745562042937294667e-01 4.960583412731044417e-01 -4.581685068771281788e-01 -5.218636940788135004e-01 -8.515793782989911076e-01 -4.970768833141456233e-02 -1.725729866946997260e-01 4.460221448025281643e-01 -2.227307277803366459e-01 -8.668651982458316363e-01 7.057431209623273860e-01
7.280519195979330282e-01 -4.739427840088641930e-01 4.952965187621318766e-01 -4.681087352541081215e-01 -5.170829726869217158e-01 -8.540265357284164693e-01 -5.713034932305005587e-02 -1.764198578650200966e-01 4.500728866990918453e-01 -2.145155348842686660e-01 -8.668434013206887112e-01 7.115983152188479766e-01
7.275381479783300520e-01 -4.686446476048206078e-01 5.010593168463668423e-01 -4.752112460080472056e-01 -5.128832769032096728e-01 -8.565985785512290063e-01 -5.647672571781656159e-02 -1.812728049690231213e-01 4.556742136409683286e-01 -2.158959710836314272e-01 -8.635681450450561902e-01 7.164220111397047175e-01
7.249939071336659602e-01 -4.675557688888847263e-01 5.057424438645314879e-01 -4.722269398524662209e-01 -5.160804560984597611e-01 -8.550403076080327347e-01 -5.066579307562250889e-02 -1.735113201220993551e-01 4.561192602758522008e-01 -2.242714098720693938e-01 -8.611954189650213864e-01 7.184968720117665963e-01
7.241085402125679860e-01 -4.738683137593567851e-01 5.011144027601392992e-01 -4.758643503099486693e-01 -5.212218871628391259e-01 -8.518148724517849990e-01 -5.233706569467831693e-02 -1.660837584052602123e-01 4.516575779971880866e-01 -2.232940776531236182e-01 -8.637969596717320897e-01 7.181234584720529446e-01
7.243751023406077572e-01 -4.768203695819519528e-01 4.979187220041073614e-01 -4.875404563676257741e-01 -5.205578391520625514e-01 -8.518254535492392199e-01 -5.842035740970794033e-02 -1.753742408580253320e-01 4.519958567805458238e-01 -2.168772375037018030e-01 -8.652537266066013810e-01 7.245887391949723533e-01
7.232266175591670621e-01 -4.749285543628863349e-01 5.013842046011666165e-01 -4.935616919740044573e-01 -5.230765992961424748e-01 -8.507384387608474263e-01 -5.133200634709828014e-02 -1.753273237662763551e-01 4.509258517007587175e-01 -2.251376753705508216e-01 -8.637007012388552285e-01 7.271456467386657740e-01
7.222065314938064251e-01 -4.772102107130170578e-01 5.006876755051528072e-01 -4.990735079345928193e-01 -5.282462805010658125e-01 -8.478375046367532253e-01 -4.612416352062562175e-02 -1.689449833750997221e-01 4.465127105365832572e-01 -2.311752258943094440e-01 -8.643982973221772115e-01 7.231572775788327467e-01
7.214426421841139137e-01 -4.786972898131606202e-01 5.003692764412026595e-01 -5.098758163659846687e-01 -5.301988841330289581e-01 -8.466500493064169630e-01 -4.552837525662170592e-02 -1.694418143912620744e-01 4.454319829134084086e-01 -2.324491239296956613e-01 -8.646142213405355603e-01 7.243252282440495460e-01
7.207786373710942662e-01 -4.775583067475689392e-01 5.024104130909898824e-01 -5.175665003249526608e-01 -5.312233623591240406e-01 -8.461797843648791728e-01 -4.220799009549985881e-02 -1.662740123372250522e-01 4.452863110199305474e-01 -2.364695293699357603e-01 -8.635984390349562556e-01 7.232365091467560791e-01
7.198217567191863564e-01 -4.783023272358586930e-01 5.030740847145218630e-01 -5.266555038647054987e-01 -5.326148022897918555e-01 -8.453338639902288065e-01 -4.161898283204858162e-02 -1.618595243076668966e-01 4.451720153414922554e-01 -2.379864480883758793e-01 -8.632405984008292288e-01 7.214247032430711748e-01
7.177420611066636091e-01 -4.791408069386817181e-01 5.052429229319910231e-01 -5.355474358851650685e-01 -5.337310467408998838e-01 -8.445740753061304895e-01 -4.272931197761879740e-02 -1.633958783446640972e-01 4.471884321622869862e-01 -2.389952149363851752e-01 -8.619186682424351265e-01 7.280798597169453323e-01
7.175694570453244880e-01 -4.787904086017383820e-01 5.058199538539447371e-01 -5.478436303443200428e-01 -5.352085780352575650e-01 -8.437983718389450161e-01 -3.944731370322165920e-02 -1.650422456057501763e-01 4.456970485053224906e-01 -2.424129870879871418e-01 -8.617366689098152621e-01 7.306254998267587286e-01
7.176347009627257467e-01 -4.762658734285456497e-01 5.081055523892014092e-01 -5.571380950776890773e-01 -5.365554981638491761e-01 -8.432359077080908705e-01 -3.257913944971332909e-02 -1.591801470513110051e-01 4.439691790592532605e-01 -2.492469075516579591e-01 -8.606784223614728502e-01 7.283532667405760996e-01
7.181850449015783067e-01 -4.756729257212302109e-01 5.078833590596570913e-01 -5.673263422397684108e-01 -5.364536607258866274e-01 -8.433499477760596497e-01 -3.127832488557386048e-02 -1.504565960208262276e-01 4.432016567794357931e-01 -2.499922634392681142e-01 -8.608578041148522431e-01 7.214742514763621273e-01
7.165940063852573871e-01 -4.761350037435731486e-01 5.096945018869956101e-01 -5.811893366109293080e-01 -5.349815331682887809e-01 -8.440810286082943703e-01 -3.635896307143551831e-02 -1.510026271403529519e-01 4.475352346164803152e-01 -2.466225326697932263e-01 -8.595868422085874982e-01 7.246051279119447575e-01
7.140581119993213433e-01 -4.763526957419133012e-01 5.130390851273394226e-01 -5.893403903037639502e-01 -5.356918492811061361e-01 -8.435731350679187557e-01 -3.766423907855628861e-02 -1.477015806129581554e-01 4.507274523340998318e-01 -2.479364112495389960e-01 -8.575385087985376575e-01 7.284173743928253897e-01
7.129839838133186225e-01 -4.791890142911439110e-01 5.118903427209299251e-01 -6.011307393373019892e-01 -5.372496720302238904e-01 -8.424583027522976053e-01 -4.033354520008540500e-02 -1.440325224873394150e-01 4.505736613599117257e-01 -2.462557494268777236e-01 -8.581034205022574080e-01 7.280365832431834328e-01
7.114965260402996705e-01 -4.821812573057585594e-01 5.111496198569611682e-01 -6.169495322835539808e-01 -5.381710427615923331e-01 -8.416423044648274621e-01 -4.483485125237254842e-02 -1.428433305894226957e-01 4.518236685665803498e-01 -2.431860800949544599e-01 -8.583215624114552966e-01 7.272634089415550562e-01
7.087512633992321121e-01 -4.837104365450529686e-01 5.135132711306394926e-01 -6.283217746289635475e-01 -5.393807336213101156e-01 -8.407225910184250584e-01 -4.747591992105605618e-02 -1.381759703997544331e-01 4.546868044284834154e-01 -2.433305360507978521e-01 -8.567672762839316780e-01 7.277712307000653302e-01
7.059577164614168066e-01 -4.875234357050973744e-01 5.137553955188030042e-01 -6.398225751075541368e-01 -5.411618328486096363e-01 -8.392598087764634451e-01 -5.279059624210701018e-02 -1.320804546410846714e-01 4.569109075298026790e-01 -2.407568803902049026e-01 -8.563110114510017468e-01 7.256264530667397850e-01
7.019266506032829644e-01 -4.920792432243110137e-01 5.149339736660027977e-01 -6.543439343315942125e-01 -5.422663854903838621e-01 -8.379475475226837444e-01 -6.157171399067007389e-02 -1.337382197640787640e-01 4.617858226456407200e-01 -2.360125567715830874e-01 -8.550157469478322225e-01 7.310803726079777576e-01
6.996126913106568423e-01 -4.932392422813119959e-01 5.169691878873923230e-01 -6.664137425497579370e-01 -5.424600927892060387e-01 -8.375625971426873262e-01 -6.500730832458606612e-02 -1.303105617661580728e-01 4.650582103081785101e-01 -2.349552106267699669e-01 -8.535320220613252795e-01 7.331372310701720352e-01
6.966321252789929863e-01 -4.957067822274859870e-01 5.186313333584847696e-01 -6.770875856020011074e-01 -5.434123475170068440e-01 -8.365695770962485733e-01 -6.967321913115730181e-02 -1.264274331189066403e-01 4.684086832643836185e-01 -2.332940721403357898e-01 -8.521544337609245900e-01 7.310130879823466543e-01
6.916737434948282415e-01 -5.013363556513186214e-01 5.198550539996712461e-01 -6.864733871829177270e-01 -5.464953254682630712e-01 -8.339071879742067095e-01 -7.708210680358761058e-02 -1.208325465603827253e-01 4.721549301986813219e-01 -2.307826952553092836e-01 -8.507696900115661043e-01 7.318509788404358174e-01
6.884894206339615685e-01 -5.059501469800220530e-01 5.196121279170251572e-01 -6.996688014854792748e-01 -5.470302117394815200e-01 -8.326862488823620900e-01 -8.597416032563960642e-02 -1.197056905610803801e-01 4.761725130702076925e-01 -2.250512341726227106e-01 -8.500656909546473461e-01 7.380554346616357009e-01
6.848708458312219305e-01 -5.101455109485691919e-01 5.202917179275194925e-01 -7.111731382131588619e-01 -5.483580703783458299e-01 -8.310527162366742049e-01 -9.303118829015330493e-02 -1.202029843926753494e-01 4.798492898169870458e-01 -2.215918196762643178e-01 -8.489061912265413179e-01 7.415886773755947514e-01
6.811902159651055388e-01 -5.144127307103886215e-01 5.209217276102247052e-01 -7.230465730053616813e-01 -5.508697613550377348e-01 -8.288059760198512871e-01 -9.809775898577306752e-02 -1.187983427318192176e-01 4.822057751087335253e-01 -2.201367862736991199e-01 -8.479489311491585912e-01 7.429593816585935429e-01
6.781591563319491200e-01 -5.170937054914804820e-01 5.222205195253833976e-01 -7.338850819330633435e-01 -5.523742880467107375e-01 -8.273440027063106994e-01 -1.019046424658089089e-01 -1.154167804582337253e-01 4.847502624145942907e-01 -2.193536142999394367e-01 -8.467001704283246832e-01 7.418822198352406083e-01
6.733777474823506859e-01 -5.205519168149020937e-01 5.249648698718728523e-01 -7.439718610207839422e-01 -5.544887460036540539e-01 -8.252724756953229157e-01 -1.070867589060522235e-01 -1.123322954819223063e-01 4.889832749476341056e-01 -2.189772699370712283e-01 -8.443602981482920544e-01 7.437559008967167262e-01
6.686304859798715139e-01 -5.254408240295130872e-01 5.261608142232132579e-01 -7.537385826755562679e-01 -5.577121586326897473e-01 -8.223721699833124177e-01 -1.125217936543500136e-01 -1.100876675969182927e-01 4.918235561141277024e-01 -2.182107881910327063e-01 -8.429078468734911844e-01 7.444717204340766115e-01
6.656449793860699238e-01 -5.280051982380798981e-01 5.273777410638453844e-01 -7.639029557440819573e-01 -5.578710380248295131e-01 -8.214533262944107017e-01 -1.182976950665573651e-01 -1.081509657197249896e-01 4.956779961194680006e-01 -2.154644956006014356e-01 -8.413550844516133331e-01 7.443781036029002429e-01
6.630292306577122430e-01 -5.281028078532765679e-01 5.305654285550882587e-01 -7.737308226079812057e-01 -5.561266935289221891e-01 -8.219247303109237235e-01 -1.231375078915854654e-01 -1.042763534027869310e-01 5.011141088944608413e-01 -2.134178245330367041e-01 -8.386521836482900838e-01 7.430074479009064481e-01
6.557892077330722547e-01 -5.320809732343199094e-01 5.355654580163088374e-01 -7.786532837008692809e-01 -5.583047266122053154e-01 -8.193293754386267169e-01 -1.303656844242542800e-01 -1.051858476037264012e-01 5.081696114209570680e-01 -2.135163138276787442e-01 -8.343706801303900633e-01 7.501106739035444670e-01
6.515453371260140347e-01 -5.370351850004588812e-01 5.358002282742605482e-01 -7.864874922286730907e-01 -5.620368814936026469e-01 -8.160982448196916206e-01 -1.345295479472680689e-01 -1.064496257627098041e-01 5.095127264023450175e-01 -2.134873892363857717e-01 -8.335585861453181922e-01 7.543794180540787098e-01
6.507270257363334531e-01 -5.404774631117789108e-01 5.333277233859121669e-01 -7.948262586960910259e-01 -5.645557176792214138e-01 -8.140851827374084859e-01 -1.361696170145479667e-01 -1.021407190327087711e-01 5.077708046138249554e-01 -2.124839597423610615e-01 -8.348768651711137023e-01 7.492796044742316974e-01
6.497911079998747175e-01 -5.411897857904098830e-01 5.337463138336435708e-01 -8.049664221918821916e-01 -5.620365689621199534e-01 -8.148372796821696795e-01 -1.419686576955119239e-01 -1.022573706494384616e-01 5.117483825479312021e-01 -2.077349779064448787e-01 -8.336424717183411603e-01 7.499243888161803984e-01
6.488643685545736339e-01 -5.375809136516437325e-01 5.384995699290189286e-01 -8.108405637337858796e-01 -5.571869789632337699e-01 -8.176514786612770758e-01 -1.448748628256577020e-01 -1.028464322914429685e-01 5.181869316806032577e-01 -2.060408153925929464e-01 -8.300779990090789706e-01 7.515772201589202561e-01
6.468186142633093327e-01 -5.366115725100675249e-01 5.419166967569799542e-01 -8.144277876955035023e-01 -5.550795676156694558e-01 -8.185274246315781266e-01 -1.479849072660484322e-01 -1.020812947838183327e-01 5.229840909981623431e-01 -2.050874897900706040e-01 -8.273008908172516662e-01 7.510731617165207208e-01
6.443816321611588460e-01 -5.367184723968186910e-01 5.447069004221828381e-01 -8.212079457693226558e-01 -5.537275378637481760e-01 -8.187626587093664865e-01 -1.517021166765553097e-01 -1.062239886416069812e-01 5.274069959897031978e-01 -2.038651453337672337e-01 -8.247914085789802563e-01 7.564083298347772377e-01
6.427916685809180741e-01 -5.348847457029044516e-01 5.483768705357859874e-01 -8.255288649798364631e-01 -5.537555690209325920e-01 -8.190869212801397126e-01 -1.498378918643641644e-01 -1.085834930479013805e-01 5.293143232381744001e-01 -2.073521902583760346e-01 -8.226976483495849202e-01 7.572615416246484266e-01
6.426852933585519567e-01 -5.331402568559006072e-01 5.501973148632977040e-01 -8.306216551914549218e-01 -5.534117890423024821e-01 -8.196835606695985765e-01 -1.478318490769137961e-01 -1.084944186937951693e-01 5.298028033038184592e-01 -2.094763221429561395e-01 -8.218446701052670722e-01 7.531948456362665967e-01
6.422638716809853099e-01 -5.303634885866287396e-01 5.533639921036355158e-01 -8.349993379486696510e-01 -5.507046175733595339e-01 -8.214510644973933573e-01 -1.481302991094276822e-01 -1.092760635585046103e-01 5.331243396485771946e-01 -2.096013554788825894e-01 -8.196619526974681103e-01 7.510422316262473919e-01
6.397918029073045298e-01 -5.277743466439436260e-01 5.586776196971290354e-01 -8.406023194809777443e-01 -5.488903644201602594e-01 -8.225958998676434764e-01 -1.485104369350417342e-01 -1.127910357567128430e-01 5.379459189251494244e-01 -2.116370050822278248e-01 -8.159803701922985208e-01 7.543358061557826622e-01
6.376119602155876365e-01 -5.260921781732860181e-01 5.627415149928706173e-01 -8.430510394833853338e-01 -5.497008091903313742e-01 -8.224887168164249918e-01 -1.460867346073718709e-01 -1.154761799386399002e-01 5.397036343359802313e-01 -2.161928143741995156e-01 -8.136219365881393051e-01 7.536630591628753484e-01
6.363199406733244246e-01 -5.252369910102480111e-01 5.649982521741525598e-01 -8.486768416281608163e-01 -5.505945603483921591e-01 -8.222143778043798923e-01 -1.442537331465795214e-01 -1.177285917607654719e-01 5.403170847055566162e-01 -2.192934439328221297e-01 -8.123840405189310943e-01 7.526975633714927394e-01
6.342801151862541564e-01 -5.237607590238714250e-01 5.686505201916096652e-01 -8.505071020386870684e-01 -5.516273626173524569e-01 -8.219531883446034026e-01 -1.417752318676535062e-01 -1.192590535469724711e-01 5.416604096778075972e-01 -2.237579697614326957e-01 -8.102693229412174514e-01 7.512654448890172532e-01
6.332663005286934821e-01 -5.223693413653387463e-01 5.710552192232319912e-01 -8.550597385185217947e-01 -5.511573273765039138e-01 -8.223889287807800708e-01 -1.410746257476888643e-01 -1.200532176742065138e-01 5.433225494004570999e-01 -2.254034623051095476e-01 -8.086988848395071372e-01 7.485495235783341528e-01
6.315888937103633083e-01 -5.198683467964948512e-01 5.751803049369341725e-01 -8.607551247541656014e-01 -5.491783854755220018e-01 -8.236541041348698355e-01 -1.414108384627643378e-01 -1.208615736518601214e-01 5.472646360924580122e-01 -2.265630693416463282e-01 -8.057112374660645449e-01 7.473302674802281276e-01
6.270537641991617006e-01 -5.193093276682692050e-01 5.806215528718728924e-01 -8.618578758298722775e-01 -5.496116637604533395e-01 -8.231490854139363877e-01 -1.426625216776578609e-01 -1.233862974065500773e-01 5.520240798173463581e-01 -2.296593130308665076e-01 -8.015772020584851498e-01 7.501833915968690869e-01
6.230656238383615042e-01 -5.218478964582505819e-01 5.826353861756423669e-01 -8.649109824998431062e-01 -5.532149665998242760e-01 -8.206055696320537773e-01 -1.433865220026656617e-01 -1.259660377116497421e-01 5.529397988170834388e-01 -2.329834076252750852e-01 -7.999851920694660556e-01 7.525127637471951125e-01
6.207932660774563294e-01 -5.242067197695783332e-01 5.829434307095944234e-01 -8.697223578506088071e-01 -5.565198763575009977e-01 -8.183876012922708387e-01 -1.432737454126687404e-01 -1.266801527363465851e-01 5.521787351593664406e-01 -2.354762251942369433e-01 -7.997809667173956250e-01 7.524915316032811941e-01
6.177090136860751146e-01 -5.270751929625649979e-01 5.836328528287860751e-01 -8.765996263312711978e-01 -5.596656076212328523e-01 -8.160076153772438667e-01 -1.445889826614817908e-01 -1.288266310702677608e-01 5.524581194188096234e-01 -2.373253222281979935e-01 -7.990411219194450965e-01 7.529625245951943047e-01
6.151352585354262770e-01 -5.264984230691209799e-01 5.868628762116778752e-01 -8.835017394062461005e-01 -5.600624142471958278e-01 -8.157052609465089699e-01 -1.447585110273271747e-01 -1.307157876351355275e-01 5.549222620822671370e-01 -2.396337686732937233e-01 -7.966410385217201906e-01 7.543249846057183960e-01
6.124440140156969248e-01 -5.237301327494200409e-01 5.921309673697744413e-01 -8.873933427824962639e-01 -5.589346658630515163e-01 -8.165863688167555035e-01 -1.441483420677454053e-01 -1.305788520140250542e-01 5.590209063185174188e-01 -2.426797324071141015e-01 -7.928443577669259668e-01 7.549340654698551978e-01
6.097915616631788271e-01 -5.223066552726579603e-01 5.961123973847561874e-01 -8.911462067927087283e-01 -5.577440900704646598e-01 -8.171691797490058251e-01 -1.454511948558874501e-01 -1.314835359053030395e-01 5.630948079045796639e-01 -2.437832663136182410e-01 -7.896163301647690647e-01 7.553043040485291071e-01
6.078312669287641024e-01 -5.215442959700681280e-01 5.987759928391021003e-01 -8.984899960662560137e-01 -5.550039736322529560e-01 -8.183255208829451899e-01 -1.493784651251506279e-01 -1.335168881798886042e-01 5.679011636040736111e-01 -2.415261586650483683e-01 -7.868629992153752806e-01 7.547294327118954094e-01
6.041782760939483632e-01 -5.193439675354559748e-01 6.043595611708075799e-01 -9.068068684402854629e-01 -5.506616519316094305e-01 -8.203192899297950813e-01 -1.544280500566908021e-01 -1.361845149871067640e-01 5.759690795302425670e-01 -2.394955466732833493e-01 -7.816018891209371988e-01 7.579014775691225170e-01
5.981705023319270342e-01 -5.192492967526842751e-01 6.103869338134506606e-01 -9.132733441753113635e-01 -5.504749102042573172e-01 -8.197796738973099906e-01 -1.579197714289864718e-01 -1.414146863776454266e-01 5.823825327815573827e-01 -2.415397488010251337e-01 -7.762017337068225498e-01 7.637844953059600428e-01
5.942726926558498102e-01 -5.201149800377475874e-01 6.134495760655400698e-01 -9.171662979983488118e-01 -5.518648589731888210e-01 -8.185572027933786243e-01 -1.594029106136081453e-01 -1.429043417518664760e-01 5.850514098554182585e-01 -2.438124621876031906e-01 -7.734793692038731683e-01 7.646822566556300549e-01
5.924185872202661907e-01 -5.195112058855446691e-01 6.157501970883799691e-01 -9.289458255364759776e-01 -5.497490681114335365e-01 -8.193903636805385249e-01 -1.624049962964733140e-01 -1.459091193154795352e-01 5.889109954669174973e-01 -2.422963697711461861e-01 -7.710228921397863644e-01 7.671889387147151629e-01
5.901372606650090447e-01 -5.119413473588756425e-01 6.242227896813795640e-01 -9.387983293534396534e-01 -5.428434324243612830e-01 -8.239540566102452335e-01 -1.625445541951000550e-01 -1.516255846288822040e-01 5.975441757465711490e-01 -2.429316317679841575e-01 -7.641499786016681117e-01 7.713732607342629333e-01
5.871178465464474971e-01 -5.070274526241022039e-01 6.310434116721050923e-01 -9.411858458122506210e-01 -5.386985544271218895e-01 -8.265912116587706970e-01 -1.629442581712843841e-01 -1.552664692701886395e-01 6.042321512991648547e-01 -2.442746969805197899e-01 -7.584414119992212155e-01 7.719623522463112675e-01
5.845203261060695210e-01 -5.050661326852925459e-01 6.350151195050676156e-01 -9.508883647153052454e-01 -5.364799812595596462e-01 -8.277218040812027722e-01 -1.645170241499489261e-01 -1.615717148781000423e-01 6.087078363222367949e-01 -2.445093478465636128e-01 -7.547780830092943871e-01 7.771936749693566515e-01
5.831435005652279013e-01 -5.022431482671779746e-01 6.385103670240426244e-01 -9.618057185771164974e-01 -5.353787361315899274e-01 -8.287486603522966622e-01 -1.629272007003370604e-01 -1.687348657393273610e-01 6.109936804900750751e-01 -2.468349287756256005e-01 -7.521696920957635646e-01 7.806273977434250444e-01
5.786344645366443551e-01 -5.007361352189060311e-01 6.437743930393209357e-01 -9.661784728830380420e-01 -5.378451320734832786e-01 -8.276559271830231657e-01 -1.603380015771933564e-01 -1.774254675834719130e-01 6.131107242702656945e-01 -2.534738356412735150e-01 -7.482287413779998841e-01 7.840201696273810805e-01
5.755138762328310120e-01 -5.007070106312260238e-01 6.465881686007246554e-01 -9.684765778697328464e-01 -5.415738664360344456e-01 -8.257809570023888490e-01 -1.574279329322277321e-01 -1.829661213014467935e-01 6.127654669683562094e-01 -2.595732991482567198e-01 -7.464182346019930803e-01 7.846048563887533245e-01
5.753315152369160579e-01 -4.983126967130968588e-01 6.485970359101747018e-01 -9.782187973629561384e-01 -5.409247925681386349e-01 -8.266161164966827624e-01 -1.552616195127888288e-01 -1.862850747674074658e-01 6.135095984769471933e-01 -2.615153079130126401e-01 -7.451279902080834017e-01 7.872511194738418538e-01
5.706216398685202140e-01 -4.952354514800970664e-01 6.550822665608370121e-01 -9.822057224798721453e-01 -5.400739958184739287e-01 -8.272329055229362682e-01 -1.549380233305548971e-01 -1.933604844716193261e-01 6.186364097562844222e-01 -2.653819173507955265e-01 -7.395007927931900316e-01 7.888349069806944724e-01
5.665346427114573702e-01 -4.938029903965535095e-01 6.596946928725588855e-01 -9.849720284171070706e-01 -5.392306836339418874e-01 -8.275187380425307326e-01 -1.563425702578707110e-01 -1.982815334210377423e-01 6.231121496382112657e-01 -2.671541480254630008e-01 -7.350917638277421062e-01 7.938909704478744889e-01
5.655934542130343079e-01 -4.921127044217445401e-01 6.617621446243451278e-01 -9.962733762208346722e-01 -5.379325345639343059e-01 -8.283793678074063971e-01 -1.562568843452716294e-01 -2.037656504935932145e-01 6.250861045876848765e-01 -2.676055137188253497e-01 -7.332493802501756086e-01 7.982167316774907428e-01
5.620875998759389258e-01 -4.882900343216290961e-01 6.675555156856610717e-01 -9.962497851240603719e-01 -5.351253371304434125e-01 -8.301263960231637373e-01 -1.566238721137965528e-01 -2.081518985538946820e-01 6.306333306442728492e-01 -2.691895373907384759e-01 -7.279001251021965935e-01 7.997653072186318157e-01
5.587212296395583921e-01 -4.870129441180368057e-01 6.713039244021674623e-01 -1.004356262287094514e+00 -5.321588221860787948e-01 -8.313483257533373916e-01 -1.602090486013028614e-01 -2.116455330325411333e-01 6.361112753943612974e-01 -2.677281209528605266e-01 -7.236602016206598043e-01 8.036467901031736361e-01
5.511847558289104665e-01 -4.892884698929146903e-01 6.758639930930335771e-01 -1.013016357062089368e+00 -5.350995856057343403e-01 -8.287937277990562457e-01 -1.636135087514939412e-01 -2.204869205620431094e-01 6.402060429813807296e-01 -2.714732826614908445e-01 -7.186365340576497118e-01 8.109863803732586529e-01
5.470758128167583223e-01 -4.925117602999037336e-01 6.768605597990818845e-01 -1.021519793677695853e+00 -5.421274487634636374e-01 -8.245691126864417297e-01 -1.618134913322821222e-01 -2.294301016975996421e-01 6.378133588694121503e-01 -2.784204431890175413e-01 -7.181059630510753244e-01 8.147505318742325198e-01
5.474183062478673589e-01 -4.879985322686644644e-01 6.798460490548663415e-01 -1.022218044380614588e+00 -5.413097012562928523e-01 -8.260244090788072535e-01 -1.570588818404913822e-01 -2.306574115138451953e-01 6.382139337189582928e-01 -2.820303433860751885e-01 -7.163392149321103908e-01 8.148332907037653117e-01
5.477060446369523827e-01 -4.807837005776485761e-01 6.847372638586105564e-01 -1.032010037299240013e+00 -5.338230563791230843e-01 -8.309912107563746098e-01 -1.564817927973803646e-01 -2.306457518032053178e-01 6.442445434289658657e-01 -2.798225160107488119e-01 -7.117923341961256423e-01 8.171493893821135668e-01
5.402255143673770910e-01 -4.758255577469725495e-01 6.940795453834217588e-01 -1.033596011085649691e+00 -5.283118371969866001e-01 -8.337647537820889188e-01 -1.603836979277092900e-01 -2.409595059469980816e-01 6.550137246012465164e-01 -2.800470834926422903e-01 -7.018052735783057994e-01 8.197594463197380721e-01
5.323977037490361663e-01 -4.776299218634691424e-01 6.988722016679222993e-01 -1.033666565982390040e+00 -5.312114618640113584e-01 -8.313187514368842734e-01 -1.634733046782391730e-01 -2.484427954653984916e-01 6.590653073099586035e-01 -2.842161054795880881e-01 -6.963146793056025352e-01 8.231579590351205677e-01
5.268222440559270359e-01 -4.815480280295597604e-01 7.004069004363149276e-01 -1.033004160205321931e+00 -5.356843329992355685e-01 -8.278867718249770524e-01 -1.662702355058022774e-01 -2.507923966575977825e-01 6.599247115023967325e-01 -2.876021411818876494e-01 -6.941068988977714405e-01 8.249509822207001797e-01
5.211615562900719922e-01 -4.871347203413811666e-01 7.007784126386962242e-01 -1.043132323395653316e+00 -5.401120527420513184e-01 -8.240120796754757393e-01 -1.711229302180273526e-01 -2.552580601845325647e-01 6.608097985656347095e-01 -2.893161815309920337e-01 -6.925507562934358763e-01 8.299157736701257004e-01
5.144045974367612573e-01 -4.914858263565927698e-01 7.027301246691056713e-01 -1.051646454138721598e+00 -5.468958137361239480e-01 -8.192114541609256673e-01 -1.726197509568420108e-01 -2.611406887043606906e-01 6.605247266355644964e-01 -2.955237499954054825e-01 -6.901976660961359755e-01 8.318816729097623375e-01
5.099915866068081005e-01 -4.934643043374249416e-01 7.045577227995523106e-01 -1.050760536161386316e+00 -5.517282888803206609e-01 -8.160555461918259645e-01 -1.721895792436428096e-01 -2.642431274172772349e-01 6.599276472687808370e-01 -3.009091773240367695e-01 -6.884396704807618228e-01 8.321868871415204483e-01
5.085722595978634519e-01 -4.929904521556149888e-01 7.059140454628349826e-01 -1.052824381347716054e+00 -5.501385669114671195e-01 -8.167358158635382726e-01 -1.740406564121759203e-01 -2.647292036764227752e-01 6.623456671069176682e-01 -2.998383089350426522e-01 -6.865822518152340237e-01 8.328217008596551230e-01
5.061480140964905727e-01 -4.903950150797404817e-01 7.094553577555728907e-01 -1.062257641888174176e+00 -5.441532430179004676e-01 -8.197894370485581117e-01 -1.784447295648819709e-01 -2.659140807541736096e-01 6.691124147617365514e-01 -2.957329951012050429e-01 -6.817848378112331131e-01 8.343853023888474496e-01
4.962947106715340784e-01 -4.911816039459945826e-01 7.158436767641721543e-01 -1.062085707276905433e+00 -5.427865668438861535e-01 -8.190825185495804739e-01 -1.857055754772329870e-01 -2.741623112407735596e-01 6.775502051415169813e-01 -2.963856493993903274e-01 -6.731131060211650308e-01 8.401564374047866268e-01
4.909509573679019523e-01 -4.946178362369861303e-01 7.171613133788385941e-01 -1.066687779810755465e+00 -5.458456377156327699e-01 -8.162285616230399166e-01 -1.892708988552930793e-01 -2.796778999490368012e-01 6.789843099226711143e-01 -2.985366477518879291e-01 -6.707131834748902843e-01 8.435345685494723966e-01
4.860032440110689800e-01 -4.981133327928711774e-01 7.181113756081523025e-01 -1.073424767744200814e+00 -5.510415607816546713e-01 -8.124200291265373242e-01 -1.905961478234156348e-01 -2.850357313336192022e-01 6.783465474091295855e-01 -3.030788708459590808e-01 -6.693199204314292938e-01 8.458383172161358932e-01
4.809449478787095611e-01 -4.989457630338806626e-01 7.209334829450535498e-01 -1.076655479577121932e+00 -5.544078427510101825e-01 -8.100809632580797670e-01 -1.907898810767114373e-01 -2.881279653013724129e-01 6.792082929211796793e-01 -3.079317453108996183e-01 -6.662237892757272295e-01 8.469689041579558930e-01
4.719936337606506216e-01 -4.995119491063508277e-01 7.264363970503027179e-01 -1.081395895294466003e+00 -5.558831848538922094e-01 -8.081760020333217387e-01 -1.945390496720941220e-01 -2.964904208038603994e-01 6.842630422893742903e-01 -3.119925758052428666e-01 -6.591242151225564783e-01 8.515648538506831455e-01
4.698537496520193146e-01 -5.015781216880770277e-01 7.263999056776142549e-01 -1.093439581083634815e+00 -5.577317169821880416e-01 -8.065133933056655158e-01 -1.961414539095663323e-01 -3.023541464499646669e-01 6.842315156533836928e-01 -3.129784795056920199e-01 -6.586893757840429631e-01 8.539627593639647074e-01
