-4.076117873191833496e-01 2.320626676082611084e-01 8.834094405174255371e-01 2.958940696716308594e+01 -9.131629467010498047e-01 -1.149313449859619141e-01 -3.909451365470886230e-01 -1.642232513427734375e+01 1.080960035324096680e-02 -9.660749435424804688e-01 2.588608264923095703e-01 -1.534798979759216309e+00
-4.070755243301391602e-01 2.348740100860595703e-01 8.825554847717285156e-01 2.953747177124023438e+01 -9.135260581970214844e-01 -1.187535524368286133e-01 -3.898542523384094238e-01 -1.637028694152832031e+01 1.331198215484619141e-02 -9.647814035415649414e-01 2.630854249000549316e-01 -1.464310646057128906e+00
-4.044644832611083984e-01 2.388460636138916016e-01 8.827726244926452637e-01 2.951062774658203125e+01 -9.145388603210449219e-01 -1.156001091003417969e-01 -3.877530694007873535e-01 -1.634351921081542969e+01 9.389638900756835938e-03 -9.641758203506469727e-01 2.653436660766601562e-01 -1.510040044784545898e+00
-4.058264493942260742e-01 2.959753274917602539e-01 8.649190664291381836e-01 2.955208396911621094e+01 -9.140638709068298340e-01 -1.470103859901428223e-01 -3.784221410751342773e-01 -1.614855003356933594e+01 1.501101255416870117e-02 -9.437410235404968262e-01 3.297815322875976562e-01 -1.549411773681640625e+00
-4.319531619548797607e-01 2.860701084136962891e-01 8.554137349128723145e-01 2.888683891296386719e+01 -9.017683267593383789e-01 -1.161452829837799072e-01 -4.164874553680419922e-01 -1.656441688537597656e+01 -1.976376771926879883e-02 -9.510460495948791504e-01 3.080001771450042725e-01 -1.533288002014160156e+00
-4.966583251953125000e-01 2.674689292907714844e-01 8.256005048751831055e-01 2.827165031433105469e+01 -8.675301074981689453e-01 -1.710647344589233398e-01 -4.667347669601440430e-01 -1.687601280212402344e+01 1.663061976432800293e-02 -9.484130144119262695e-01 3.174409866333007812e-01 -1.576120495796203613e+00
-5.535914301872253418e-01 2.976318597793579102e-01 7.775890827178955078e-01 2.757748031616210938e+01 -8.323512673377990723e-01 -1.809693574905395508e-01 -5.231129527091979980e-01 -1.697680664062500000e+01 -1.485067605972290039e-02 -9.370747804641723633e-01 3.480626642704010010e-01 -1.447434782981872559e+00
-5.567184090614318848e-01 3.169084787368774414e-01 7.679861187934875488e-01 2.695387077331542969e+01 -8.308684229850769043e-01 -2.015759348869323730e-01 -5.188677906990051270e-01 -1.706846046447753906e+01 -9.612236171960830688e-03 -9.267368316650390625e-01 3.756281435489654541e-01 -1.424950003623962402e+00
-5.239504575729370117e-01 3.497564494609832764e-01 7.770556807518005371e-01 2.650869941711425781e+01 -8.512685894966125488e-01 -1.845522522926330566e-01 -4.911485314369201660e-01 -1.749536705017089844e+01 -2.835384756326675415e-02 -9.183203577995300293e-01 3.943746089935302734e-01 -1.586227774620056152e+00
-5.294308066368103027e-01 4.475506246089935303e-01 7.209472060203552246e-01 2.613375663757324219e+01 -8.471280932426452637e-01 -2.270144820213317871e-01 -4.808376431465148926e-01 -1.803978729248046875e+01 -5.143625289201736450e-02 -8.651668429374694824e-01 4.991602599620819092e-01 -2.565930843353271484e+00
-5.339093208312988281e-01 5.765877962112426758e-01 6.182653307914733887e-01 2.628667831420898438e+01 -8.424412012100219727e-01 -2.958856225013732910e-01 -4.509471058845520020e-01 -1.694257545471191406e+01 -7.702116668224334717e-02 -7.613750100135803223e-01 6.435173153877258301e-01 -1.840007185935974121e+00
-5.527345538139343262e-01 6.222219467163085938e-01 5.545779466629028320e-01 2.532107162475585938e+01 -8.280331492424011230e-01 -3.361229300498962402e-01 -4.489470720291137695e-01 -1.777468109130859375e+01 -9.284719824790954590e-02 -7.071318626403808594e-01 7.010082006454467773e-01 -1.895006060600280762e+00
-6.765168309211730957e-01 5.882525444030761719e-01 4.430298209190368652e-01 2.399307632446289062e+01 -7.295709848403930664e-01 -4.525960683822631836e-01 -5.124622583389282227e-01 -1.938577651977539062e+01 -1.009835898876190186e-01 -6.701518297195434570e-01 7.356223464012145996e-01 -9.609124660491943359e-01
-6.823379397392272949e-01 5.629944205284118652e-01 4.663663208484649658e-01 2.371097946166992188e+01 -7.225275039672851562e-01 -4.213013648986816406e-01 -5.482305884361267090e-01 -1.973131561279296875e+01 -1.120770126581192017e-01 -7.109760046005249023e-01 6.940636634826660156e-01 -1.782625913619995117e+00
-6.323727965354919434e-01 5.658550262451171875e-01 5.293679237365722656e-01 2.362941932678222656e+01 -7.688099145889282227e-01 -3.725450038909912109e-01 -5.200610756874084473e-01 -1.959647369384765625e+01 -9.691950678825378418e-02 -7.350428104400634766e-01 6.706298589706420898e-01 -1.742029309272766113e+00
-6.560689210891723633e-01 4.664561748504638672e-01 5.931092500686645508e-01 2.294856262207031250e+01 -7.516072988510131836e-01 -3.322381973266601562e-01 -5.700176358222961426e-01 -1.991385650634765625e+01 -6.882639229297637939e-02 -8.198422789573669434e-01 5.683083534240722656e-01 -1.635212063789367676e+00
-7.093322277069091797e-01 2.524096965789794922e-01 6.583282947540283203e-01 2.265228652954101562e+01 -7.048747539520263672e-01 -2.651525735855102539e-01 -6.576905250549316406e-01 -2.058545303344726562e+01 8.287519216537475586e-03 -9.306336045265197754e-01 3.661139309406280518e-01 -1.271377563476562500e+00
-7.287632226943969727e-01 9.882569313049316406e-02 6.772349476814270020e-01 2.248594856262207031e+01 -6.847125887870788574e-01 -1.232976913452148438e-01 -7.184966802597045898e-01 -2.105620574951171875e+01 1.245701313018798828e-02 -9.873591661453247070e-01 1.576809287071228027e-01 -1.626515388488769531e+00
-7.562037706375122070e-01 5.170553922653198242e-02 6.522249579429626465e-01 2.201077842712402344e+01 -6.536442041397094727e-01 -9.823510050773620605e-02 -7.507117390632629395e-01 -2.106851005554199219e+01 2.544878423213958740e-02 -9.940512180328369141e-01 1.080733537673950195e-01 -1.654871582984924316e+00
-8.110409379005432129e-01 1.016551256179809570e-02 5.848278999328613281e-01 2.266856956481933594e+01 -5.844132900238037109e-01 -6.717225909233093262e-02 -8.089249730110168457e-01 -2.200004959106445312e+01 3.104880079627037048e-02 -9.979399442672729492e-01 6.037974357604980469e-02 -1.607589364051818848e+00
-9.423841834068298340e-01 -5.408620461821556091e-02 3.317475616931915283e-01 2.102962303161621094e+01 -3.296100795269012451e-01 -4.225726053118705750e-02 -9.433919787406921387e-01 -2.220978355407714844e+01 6.503719091415405273e-02 -9.975723028182983398e-01 2.199321985244750977e-02 -1.694282054901123047e+00
-9.082281589508056641e-01 1.723289489746093750e-02 4.180873632431030273e-01 2.018632507324218750e+01 -4.164577126502990723e-01 -1.323894858360290527e-01 -8.991177678108215332e-01 -2.218608093261718750e+01 3.984309732913970947e-02 -9.912631511688232422e-01 1.274128854274749756e-01 -1.480777740478515625e+00
-8.322179317474365234e-01 9.379699826240539551e-02 5.464072227478027344e-01 1.933902931213378906e+01 -5.537708997726440430e-01 -1.622794568538665771e-01 -8.166575431823730469e-01 -2.283139228820800781e+01 1.197595149278640747e-02 -9.819691777229309082e-01 1.868927925825119019e-01 -1.873719334602355957e+00
-6.143569350242614746e-01 2.534307837486267090e-01 7.471950054168701172e-01 1.964011001586914062e+01 -7.883997559547424316e-01 -2.415851354598999023e-01 -5.660509467124938965e-01 -2.258272552490234375e+01 3.694278001785278320e-02 -9.367313385009765625e-01 3.479804992675781250e-01 -1.022427797317504883e+00
-5.999526977539062500e-01 2.550980448722839355e-01 7.580714225769042969e-01 1.872537422180175781e+01 -7.997348904609680176e-01 -2.045331299304962158e-01 -5.640490055084228516e-01 -2.344116592407226562e+01 1.134040951728820801e-02 -9.446381330490112305e-01 3.266294002532958984e-01 -2.068034410476684570e+00
-6.042072772979736328e-01 2.089499831199645996e-01 7.688108682632446289e-01 1.837844276428222656e+01 -7.947128415107727051e-01 -2.225652039051055908e-01 -5.641168355941772461e-01 -2.299359321594238281e+01 5.355830490589141846e-02 -9.523978233337402344e-01 3.008678853511810303e-01 -1.696329116821289062e+00
-6.647335290908813477e-01 1.501330137252807617e-01 7.318968176841735840e-01 1.783896446228027344e+01 -7.459940314292907715e-01 -1.849044114351272583e-01 -6.397790908813476562e-01 -2.378701400756835938e+01 3.932961821556091309e-02 -9.712467193603515625e-01 2.348260283470153809e-01 -1.373231887817382812e+00
-7.915191650390625000e-01 4.445743560791015625e-02 6.094855070114135742e-01 1.673616600036621094e+01 -6.101834774017333984e-01 -1.097969561815261841e-01 -7.846213579177856445e-01 -2.474359321594238281e+01 3.179287910461425781e-02 -9.928581714630126953e-01 1.139634847640991211e-01 -1.906754255294799805e+00
-8.819693326950073242e-01 5.767345428466796875e-03 4.713832139968872070e-01 1.575295734405517578e+01 -4.705284833908081055e-01 -7.007503509521484375e-02 -8.793250322341918945e-01 -2.554386901855468750e+01 2.815872430801391602e-02 -9.975482821464538574e-01 6.408829987049102783e-02 -1.583846449851989746e+00
-8.434862494468688965e-01 -4.079953581094741821e-02 5.353406071662902832e-01 1.613396072387695312e+01 -5.342735052108764648e-01 -3.805890679359436035e-02 -8.448488712310791016e-01 -2.535561943054199219e+01 5.470313876867294312e-02 -9.984297156333923340e-01 1.037485897541046143e-02 -2.035511970520019531e+00
-8.707561492919921875e-01 -7.230997085571289062e-03 4.915311932563781738e-01 1.579861545562744141e+01 -4.886741042137145996e-01 -1.039609313011169434e-01 -8.666391968727111816e-01 -2.602267837524414062e+01 5.742514133453369141e-02 -9.949020147323608398e-01 8.687031269073486328e-02 -1.693203926086425781e+00
-8.837257623672485352e-01 -5.968943238258361816e-03 4.680172204971313477e-01 1.541792297363281250e+01 -4.666496813297271729e-01 -6.600207090377807617e-02 -8.823403716087341309e-01 -2.675776672363281250e+01 3.635473549365997314e-02 -9.976905584335327148e-01 5.547310411930084229e-02 -2.122113943099975586e+00
-9.178092479705810547e-01 -5.062109604477882385e-02 3.945653438568115234e-01 1.424569320678710938e+01 -3.884193599224090576e-01 -1.008191555738449097e-01 -9.160401821136474609e-01 -2.748054695129394531e+01 8.617269992828369141e-02 -9.938752651214599609e-01 7.278272509574890137e-02 -2.185130596160888672e+00
-9.073603153228759766e-01 1.151061058044433594e-02 4.201698303222656250e-01 1.419080448150634766e+01 -4.196749925613403320e-01 -7.029676437377929688e-02 -9.050495624542236328e-01 -2.778695297241210938e+01 1.933014392852783203e-02 -9.977480173110961914e-01 6.857362389564514160e-02 -2.073020935058593750e+00
-8.330346941947937012e-01 5.011859536170959473e-02 5.507546663284301758e-01 1.363888549804687500e+01 -5.528340935707092285e-01 -9.559734165668487549e-02 -8.275645375251770020e-01 -2.859350204467773438e+01 1.107528805732727051e-02 -9.938771128654479980e-01 1.075326427817344666e-01 -2.183748245239257812e+00
-8.650239109992980957e-01 3.712785243988037109e-02 5.001632571220397949e-01 1.270864200592041016e+01 -5.013848543167114258e-01 -3.494551032781600952e-02 -8.646106123924255371e-01 -2.785265541076660156e+01 -1.465231180191040039e-02 -9.987280368804931641e-01 4.889923334121704102e-02 -2.293861389160156250e+00
-8.414298295974731445e-01 2.843013778328895569e-02 5.393898487091064453e-01 1.286161231994628906e+01 -5.378434658050537109e-01 -1.311306506395339966e-01 -8.323325514793395996e-01 -2.975248908996582031e+01 4.693882912397384644e-02 -9.909558892250061035e-01 1.254955232143402100e-01 -2.253225088119506836e+00
-8.389247059822082520e-01 -1.519986987113952637e-02 5.442130565643310547e-01 1.246743488311767578e+01 -5.409792065620422363e-01 -8.737617731094360352e-02 -8.363623619079589844e-01 -3.059860038757324219e+01 6.058177351951599121e-02 -9.960973262786865234e-01 6.503009796142578125e-02 -2.355806827545166016e+00
-8.300847411155700684e-01 -3.198006749153137207e-02 5.565398931503295898e-01 1.190297317504882812e+01 -5.519409775733947754e-01 -9.542691707611083984e-02 -8.286412954330444336e-01 -3.094191551208496094e+01 7.955455034971237183e-02 -9.952229261398315430e-01 6.153184175491333008e-02 -2.329728603363037109e+00
-9.032522439956665039e-01 -1.966106891632080078e-02 4.282525777816772461e-01 3.824875354766845703e+00 -4.070042967796325684e-01 -2.741379737854003906e-01 -8.711370825767517090e-01 -2.252629852294921875e+01 1.345314234495162964e-01 -9.617848396301269531e-01 2.396093010902404785e-01 -8.868116140365600586e-01
-8.624145984649658203e-01 -3.789217770099639893e-02 5.046470761299133301e-01 5.378516197204589844e+00 -4.913273751735687256e-01 -1.759083122014999390e-01 -8.532854318618774414e-01 -2.470026779174804688e+01 1.210861057043075562e-01 -9.834294915199279785e-01 1.331244260072708130e-01 -2.543947458267211914e+00
-9.247252941131591797e-01 -1.100994646549224854e-01 3.644126951694488525e-01 5.209181785583496094e+00 -3.401062190532684326e-01 -1.912600100040435791e-01 -9.204622507095336914e-01 -2.764233970642089844e+01 1.711390316486358643e-01 -9.749870300292968750e-01 1.394091397523880005e-01 -1.119428753852844238e+00
-9.028348326683044434e-01 -1.132455095648765564e-01 4.149568676948547363e-01 5.135202407836914062e+00 -3.938647210597991943e-01 -1.698771715164184570e-01 -9.033358097076416016e-01 -2.737160682678222656e+01 1.727089136838912964e-01 -9.792439341545104980e-01 1.088538467884063721e-01 -1.193657279014587402e+00
-9.341225028038024902e-01 -4.380309581756591797e-02 3.544112443923950195e-01 9.746880531311035156e+00 -3.504000604152679443e-01 -8.017933368682861328e-02 -9.331508874893188477e-01 -3.350219345092773438e+01 6.929087638854980469e-02 -9.958920478820800781e-01 5.921280384063720703e-02 -2.354304790496826172e+00
-9.398232102394104004e-01 -8.985775709152221680e-02 3.289591073989868164e-01 4.120831489562988281e+00 -3.133725523948669434e-01 -1.537426710128784180e-01 -9.371071457862854004e-01 -3.121188163757324219e+01 1.349046379327774048e-01 -9.838446378707885742e-01 1.161988973617553711e-01 -1.413204193115234375e+00
-9.616251587867736816e-01 -2.791154384613037109e-02 2.741650342941284180e-01 3.355111122131347656e+00 -2.717682123184204102e-01 -7.629194855690002441e-02 -9.595745801925659180e-01 -3.292262649536132812e+01 4.776580631732940674e-02 -9.969425201416015625e-01 6.562974303960800171e-02 -3.317933559417724609e+00
-9.603253602981567383e-01 -7.654213905334472656e-02 2.674362659454345703e-01 8.662445068359375000e+00 -2.638971805572509766e-01 -5.083107948303222656e-02 -9.633466005325317383e-01 -3.532401275634765625e+01 8.720993995666503906e-02 -9.959876537322998047e-01 2.833604812622070312e-02 -2.659254550933837891e+00
-9.607145190238952637e-01 -1.550312638282775879e-01 2.287305593490600586e-01 2.604497432708740234e+00 -2.069894522428512573e-01 -1.444816589355468750e-01 -9.673431515693664551e-01 -3.282775497436523438e+01 1.830247044563293457e-01 -9.772804975509643555e-01 1.067298054695129395e-01 -1.315281152725219727e+00
-8.990800976753234863e-01 -1.220703274011611938e-01 4.199533760547637939e-01 4.014700412750244141e+00 -4.093997478485107422e-01 -1.043128073215484619e-01 -9.062411189079284668e-01 -2.865880584716796875e+01 1.544878035783767700e-01 -9.868252277374267578e-01 4.375481605529785156e-02 -3.292441606521606445e+00
-7.634181976318359375e-01 -5.721068382263183594e-02 6.432747840881347656e-01 6.102468013763427734e+00 -6.314570903778076172e-01 -1.421091556549072266e-01 -7.620012760162353516e-01 -2.639943122863769531e+01 1.351103782653808594e-01 -9.882946610450744629e-01 7.286143302917480469e-02 -2.870098352432250977e+00
-9.035273194313049316e-01 -3.475904464721679688e-03 4.287616014480590820e-01 6.195070743560791016e+00 -4.256018102169036865e-01 -1.165715977549552917e-01 -8.975518941879272461e-01 -3.485166931152343750e+01 5.314241349697113037e-02 -9.931074380874633789e-01 1.039619445800781250e-01 -3.002365589141845703e+00
-8.886507153511047363e-01 -4.526485502719879150e-02 4.561459124088287354e-01 5.301994323730468750e+00 -4.465657174587249756e-01 -1.378951519727706909e-01 -8.837635517120361328e-01 -3.013886070251464844e+01 1.029090210795402527e-01 -9.892129898071289062e-01 1.023033112287521362e-01 -3.569479465484619141e+00
-9.642858505249023438e-01 -6.868998706340789795e-02 2.544339597225189209e-01 -9.304607510566711426e-01 -2.553403377532958984e-01 5.003705620765686035e-03 -9.665499925613403320e-01 -3.295715713500976562e+01 6.517109274864196777e-02 -9.978459477424621582e-01 -2.240931987762451172e-02 -3.724113941192626953e+00
-9.786163568496704102e-01 -7.437878847122192383e-02 1.916947364807128906e-01 -1.755131602287292480e+00 -1.871138811111450195e-01 -6.338095664978027344e-02 -9.799876213073730469e-01 -3.141868591308593750e+01 8.496236801147460938e-02 -9.951573610305786133e-01 4.803776741027832031e-02 -1.973589301109313965e+00
-9.890182018280029297e-01 -1.116522252559661865e-01 9.514611959457397461e-02 3.176016330718994141e+00 -8.946096152067184448e-02 -5.530735850334167480e-02 -9.941905140876770020e-01 -3.630624008178710938e+01 1.163078844547271729e-01 -9.925013184547424316e-01 4.477533698081970215e-02 -2.534327268600463867e+00
-9.893956184387207031e-01 -1.193566322326660156e-01 -8.263397216796875000e-02 2.725019454956054688e+00 8.928978443145751953e-02 -5.154383182525634766e-02 -9.950754046440124512e-01 -3.596880340576171875e+01 1.143872737884521484e-01 -9.911854267120361328e-01 6.174683570861816406e-02 -2.402705907821655273e+00
-9.576559662818908691e-01 -1.591134667396545410e-01 -2.390656471252441406e-01 1.852996706962585449e+00 2.537757754325866699e-01 -7.819932699203491211e-02 -9.642310738563537598e-01 -3.600687789916992188e+01 1.346623301506042480e-01 -9.845853447914123535e-01 1.148574054241180420e-01 -2.516941070556640625e+00
-9.039952158927917480e-01 -1.766641139984130859e-01 -3.897562921047210693e-01 1.447229266166687012e+00 4.114711284637451172e-01 -1.075723767280578613e-01 -9.049042463302612305e-01 -3.556582641601562500e+01 1.177700161933898926e-01 -9.782707691192626953e-01 1.702930629253387451e-01 -2.688850402832031250e+00
-8.808932304382324219e-01 -2.495733499526977539e-01 -4.017095565795898438e-01 7.836073637008666992e-01 4.521331787109375000e-01 -1.950525641441345215e-01 -8.705456256866455078e-01 -3.544117736816406250e+01 1.388921141624450684e-01 -9.482078552246093750e-01 2.846347093582153320e-01 -2.754412412643432617e+00
-8.964207768440246582e-01 -2.319757938385009766e-01 -3.772651553153991699e-01 4.245048165321350098e-01 4.337592422962188721e-01 -2.901618480682373047e-01 -8.530908226966857910e-01 -3.493691253662109375e+01 8.837839961051940918e-02 -9.285707473754882812e-01 3.607822954654693604e-01 -2.497406005859375000e+00
-8.848154544830322266e-01 -2.758861780166625977e-01 -3.759336173534393311e-01 -1.795014142990112305e-01 4.569605588912963867e-01 -3.529284596443176270e-01 -8.164473772048950195e-01 -3.398214721679687500e+01 9.265971183776855469e-02 -8.943352699279785156e-01 4.379480183124542236e-01 -2.534504175186157227e+00
-8.556848764419555664e-01 -2.428255230188369751e-01 -4.568344950675964355e-01 -5.070731043815612793e-01 5.137320756912231445e-01 -2.903023064136505127e-01 -8.073677420616149902e-01 -3.389315414428710938e+01 6.304883956909179688e-02 -9.258447289466857910e-01 3.728841543197631836e-01 -2.293740034103393555e+00
-8.416813611984252930e-01 -2.390817850828170776e-01 -4.840784668922424316e-01 -1.007946372032165527e+00 5.366920828819274902e-01 -2.686786651611328125e-01 -7.999512553215026855e-01 -3.281160354614257812e+01 6.114813685417175293e-02 -9.328891038894653320e-01 3.545547425746917725e-01 -2.340384721755981445e+00
-8.651075363159179688e-01 -1.763057261705398560e-01 -4.693382680416107178e-01 -1.019381761550903320e+00 4.971356391906738281e-01 -1.817862689495086670e-01 -8.482906818389892578e-01 -3.240779113769531250e+01 6.455326080322265625e-02 -9.677284955978393555e-01 2.448019981384277344e-01 -2.220738410949707031e+00
-9.002827405929565430e-01 -1.312301158905029297e-01 -4.158993065357208252e-01 -1.939187526702880859e+00 4.289000928401947021e-01 -9.467035531997680664e-02 -8.980388641357421875e-01 -3.290769958496093750e+01 7.841783761978149414e-02 -9.871335029602050781e-01 1.415562629699707031e-01 -2.429578542709350586e+00
-9.497396945953369141e-01 -1.285094618797302246e-01 -2.863528728485107422e-01 -2.632187604904174805e+00 2.967357635498046875e-01 -6.826400756835937500e-02 -9.523459672927856445e-01 -3.239749526977539062e+01 1.029381155967712402e-01 -9.894903302192687988e-01 1.032345294952392578e-01 -2.354314088821411133e+00
-9.825923442840576172e-01 -9.151268005371093750e-02 -1.619882583618164062e-01 -3.167104244232177734e+00 1.743086576461791992e-01 -1.483279466629028320e-01 -9.732965826988220215e-01 -3.202641677856445312e+01 6.516468524932861328e-02 -9.845850467681884766e-01 1.616744399070739746e-01 -2.359392642974853516e+00
-9.886686801910400391e-01 -1.269583702087402344e-01 -8.183526992797851562e-02 -3.787340164184570312e+00 1.030570268630981445e-01 -1.727653741836547852e-01 -9.796773195266723633e-01 -3.155602073669433594e+01 1.104691028594970703e-01 -9.767262339591979980e-01 1.835875511169433594e-01 -2.391646146774291992e+00
-9.922433495521545410e-01 -1.059197187423706055e-01 -6.246685981750488281e-02 -4.130470752716064453e+00 7.855463027954101562e-02 -1.512054204940795898e-01 -9.855346083641052246e-01 -3.126142311096191406e+01 9.469813108444213867e-02 -9.825092554092407227e-01 1.581614017486572266e-01 -2.337910890579223633e+00
-9.898507595062255859e-01 -1.316558718681335449e-01 -5.779862403869628906e-02 -4.458626747131347656e+00 7.605642080307006836e-02 -1.380065679550170898e-01 -9.875929355621337891e-01 -3.064099884033203125e+01 1.218317747116088867e-01 -9.814392924308776855e-01 1.464550495147705078e-01 -2.307921648025512695e+00
-9.746006131172180176e-01 -9.047859907150268555e-02 -2.058047056198120117e-01 -7.596201419830322266e+00 2.144374251365661621e-01 -1.041871309280395508e-01 -9.711557030677795410e-01 -3.088464546203613281e+01 6.640243530273437500e-02 -9.906851649284362793e-01 1.207539439201354980e-01 -1.880463480949401855e+00
-9.661183953285217285e-01 -1.097490191459655762e-01 -2.332876771688461304e-01 -7.542473316192626953e+00 2.463691830635070801e-01 -1.263253688812255859e-01 -9.608657360076904297e-01 -3.035696029663085938e+01 7.621319591999053955e-02 -9.858118891716003418e-01 1.489938944578170776e-01 -2.273849725723266602e+00
-9.150964021682739258e-01 -1.784465610980987549e-01 -3.622197508811950684e-01 -6.295356750488281250e+00 3.912748694419860840e-01 -1.708440184593200684e-01 -9.039945006370544434e-01 -2.900718879699707031e+01 9.954553842544555664e-02 -9.691639542579650879e-01 2.260059714317321777e-01 -2.000378847122192383e+00
-8.576751947402954102e-01 -2.280237674713134766e-01 -4.611741006374359131e-01 -6.609026908874511719e+00 5.075426101684570312e-01 -2.279777526855468750e-01 -8.313425183296203613e-01 -2.852529716491699219e+01 8.430057764053344727e-02 -9.468444585800170898e-01 3.112464547157287598e-01 -2.071522474288940430e+00
-7.785215377807617188e-01 -2.393798232078552246e-01 -5.807237029075622559e-01 -6.816985607147216797e+00 6.267136335372924805e-01 -2.296121120452880859e-01 -7.450374364852905273e-01 -2.827759742736816406e+01 4.482686519622802734e-02 -9.430594444274902344e-01 3.283595144748687744e-01 -2.077543973922729492e+00
-6.753183007240295410e-01 -2.871719598770141602e-01 -6.790230870246887207e-01 -7.756840229034423828e+00 7.367558479309082031e-01 -2.180359363555908203e-01 -6.400695443153381348e-01 -2.792523002624511719e+01 3.565318882465362549e-02 -9.327778816223144531e-01 3.585363626480102539e-01 -1.819061994552612305e+00
-6.189068555831909180e-01 -2.771112322807312012e-01 -7.350685596466064453e-01 -7.476999759674072266e+00 7.852073907852172852e-01 -2.409634292125701904e-01 -5.702503919601440430e-01 -2.747851562500000000e+01 -1.932182908058166504e-02 -9.303969144821166992e-01 3.664602935314178467e-01 -1.779016256332397461e+00
-6.764115095138549805e-01 -2.327525019645690918e-01 -6.987915635108947754e-01 -8.437370300292968750e+00 7.365542054176330566e-01 -2.306322753429412842e-01 -6.360477805137634277e-01 -2.783939743041992188e+01 -1.298213005065917969e-02 -9.446039795875549316e-01 3.275707364082336426e-01 -2.077819347381591797e+00
-6.628370881080627441e-01 -2.645940780639648438e-01 -7.006216049194335938e-01 -8.622076034545898438e+00 7.489413022994995117e-01 -2.458646595478057861e-01 -6.156150698661804199e-01 -2.579047775268554688e+01 -9.147465229034423828e-03 -9.323163032531738281e-01 3.612904548645019531e-01 -1.598345398902893066e+00
-6.880890130996704102e-01 -2.466199398040771484e-01 -6.825067400932312012e-01 -7.559247970581054688e+00 7.257363200187683105e-01 -2.286616563796997070e-01 -6.492457389831542969e-01 -2.589167022705078125e+01 4.340797662734985352e-03 -9.420338869094848633e-01 3.362770080566406250e-01 -1.591240286827087402e+00
-6.751562356948852539e-01 -1.998493671417236328e-01 -7.104216814041137695e-01 -9.754150390625000000e+00 7.373173236846923828e-01 -2.113097906112670898e-01 -6.416201591491699219e-01 -2.507414054870605469e+01 -2.167546749114990234e-02 -9.569267630577087402e-01 2.895503938198089600e-01 -1.803027510643005371e+00
-7.222349047660827637e-01 -1.858741044998168945e-01 -6.664096713066101074e-01 -1.017299842834472656e+01 6.915111541748046875e-01 -1.981738209724426270e-01 -6.943821310997009277e-01 -2.438236045837402344e+01 -3.248870372772216797e-03 -9.625188708305358887e-01 2.718887329101562500e-01 -1.641374111175537109e+00
-7.828418612480163574e-01 -1.703588366508483887e-01 -5.984266400337219238e-01 -1.051274299621582031e+01 6.214452981948852539e-01 -1.720949858427047729e-01 -7.641774415969848633e-01 -2.392687225341796875e+01 2.714598178863525391e-02 -9.699810147285461426e-01 2.407681345939636230e-01 -1.641204833984375000e+00
-9.390313625335693359e-01 -1.072947978973388672e-01 -3.261554241180419922e-01 -1.140343475341796875e+01 3.404586315155029297e-01 -1.755467653274536133e-01 -9.236171245574951172e-01 -2.340452003479003906e+01 4.200965166091918945e-02 -9.786213040351867676e-01 2.012203931808471680e-01 -1.701570272445678711e+00
-9.849740266799926758e-01 -8.056159317493438721e-02 -1.507297158241271973e-01 -1.201644802093505859e+01 1.654359698295593262e-01 -2.277541309595108032e-01 -9.594831466674804688e-01 -2.334463882446289062e+01 4.300832375884056091e-02 -9.704024791717529297e-01 2.376777082681655884e-01 -1.678107976913452148e+00
-9.956603050231933594e-01 -5.802154541015625000e-02 -7.119369506835937500e-02 -1.268013858795166016e+01 8.010005950927734375e-02 -1.718686819076538086e-01 -9.815889596939086914e-01 -2.324634933471679688e+01 4.480528831481933594e-02 -9.833797216415405273e-01 1.759871244430541992e-01 -1.966520905494689941e+00
-9.887613654136657715e-01 -1.112363338470458984e-01 -9.940221905708312988e-02 -8.707915306091308594e+00 1.281429827213287354e-01 -2.955795228481292725e-01 -9.470703005790710449e-01 -2.079055213928222656e+01 7.597446441650390625e-02 -9.488757848739624023e-01 3.065582811832427979e-01 -1.941211819648742676e+00
-9.939298629760742188e-01 -8.612197637557983398e-02 6.897264719009399414e-02 -9.815401077270507812e+00 -5.237489938735961914e-02 -1.833770275115966797e-01 -9.816734790802001953e-01 -2.439978408813476562e+01 9.715449810028076172e-02 -9.790117740631103516e-01 1.776982545852661133e-01 -1.565954446792602539e+00
-9.963793754577636719e-01 -7.410621643066406250e-02 -4.436373710632324219e-02 -1.094818687438964844e+01 5.285010486841201782e-02 -1.177155673503875732e-01 -9.915896058082580566e-01 -2.338601875305175781e+01 6.885081529617309570e-02 -9.899866580963134766e-01 1.211875677108764648e-01 -2.532491207122802734e+00
-8.761689066886901855e-01 -1.477534770965576172e-01 -4.583941698074340820e-01 -1.458438682556152344e+01 4.773261249065399170e-01 -1.378083229064941406e-01 -8.681196570396423340e-01 -2.152142143249511719e+01 6.501458585262298584e-02 -9.792416095733642578e-01 1.911073923110961914e-01 -1.324218153953552246e+00
-6.233603954315185547e-01 -2.114722728729248047e-01 -7.528455257415771484e-01 -1.490990924835205078e+01 7.791613340377807617e-01 -8.620476722717285156e-02 -6.207016110420227051e-01 -2.158940696716308594e+01 6.627500057220458984e-02 -9.735715389251708984e-01 2.187464237213134766e-01 -1.933559536933898926e+00
-5.002306699752807617e-01 -2.447357177734375000e-01 -8.302164077758789062e-01 -1.540747356414794922e+01 8.627586364746093750e-01 -5.933535099029541016e-02 -5.023173689842224121e-01 -2.067951774597167969e+01 7.376146316528320312e-02 -9.675129055976867676e-01 2.408591210842132568e-01 -1.350399255752563477e+00
-4.978858828544616699e-01 -2.322110384702682495e-01 -8.359999060630798340e-01 -1.570377445220947266e+01 8.657755255699157715e-01 -7.263055443763732910e-02 -4.949680268764495850e-01 -2.020671272277832031e+01 5.426514148712158203e-02 -9.701414704322814941e-01 2.370379567146301270e-01 -1.066540837287902832e+00
-4.305166304111480713e-01 -2.538900077342987061e-01 -8.662095665931701660e-01 -1.649913787841796875e+01 9.011757373809814453e-01 -7.012116909027099609e-02 -4.268869161605834961e-01 -1.972305679321289062e+01 4.753017425537109375e-02 -9.650499820709228516e-01 2.586602568626403809e-01 -1.160742044448852539e+00
-4.415236115455627441e-01 -3.508496582508087158e-01 -8.256801366806030273e-01 -1.684964370727539062e+01 8.960149288177490234e-01 -1.272632032632827759e-01 -4.249024391174316406e-01 -1.921748542785644531e+01 4.397556185722351074e-02 -9.277759194374084473e-01 3.706899881362915039e-01 -1.420383095741271973e+00
-4.971533417701721191e-01 -5.650426149368286133e-01 -6.581802964210510254e-01 -1.046457576751708984e+01 8.676816225051879883e-01 -3.123994767665863037e-01 -3.873359560966491699e-01 -1.792292785644531250e+01 1.327061653137207031e-02 -7.635519504547119141e-01 6.457853317260742188e-01 8.777549490332603455e-03
-3.270326852798461914e-01 -5.086104869842529297e-01 -7.966059446334838867e-01 -1.794708251953125000e+01 9.448697566986083984e-01 -1.712995618581771851e-01 -2.784699797630310059e-01 -1.788741683959960938e+01 5.169093608856201172e-03 -8.439838886260986328e-01 5.362498164176940918e-01 -6.353103518486022949e-01
-2.853214144706726074e-01 -5.029629468917846680e-01 -8.160006403923034668e-01 -1.854719161987304688e+01 9.584797024726867676e-01 -1.574734300374984741e-01 -2.379886806011199951e-01 -1.756042861938476562e+01 -8.877515792846679688e-03 -8.500647544860839844e-01 5.266494154930114746e-01 -5.479472875595092773e-01
-2.639929056167602539e-01 -4.810287356376647949e-01 -8.359221220016479492e-01 -1.807077980041503906e+01 9.646259546279907227e-01 -1.487919986248016357e-01 -2.192003428936004639e-01 -1.777180480957031250e+01 -1.905378699302673340e-02 -8.642697334289550781e-01 5.028312802314758301e-01 -5.535848736763000488e-01
-3.243451118469238281e-01 -4.441232681274414062e-01 -8.351411819458007812e-01 -1.914783668518066406e+01 9.458214640617370605e-01 -1.617988348007202148e-01 -2.811990380287170410e-01 -1.743851470947265625e+01 -1.013660430908203125e-02 -8.810521364212036133e-01 4.728054404258728027e-01 -6.020557880401611328e-01
-6.993358135223388672e-01 -2.455458641052246094e-01 -6.713821291923522949e-01 -1.737377166748046875e+01 7.149387001991271973e-01 -2.207958698272705078e-01 -6.634469628334045410e-01 -1.884682083129882812e+01 1.501631736755371094e-02 -9.438657760620117188e-01 3.296046853065490723e-01 -1.373336672782897949e+00
-9.389363527297973633e-01 -1.128899753093719482e-01 -3.248484134674072266e-01 -2.024328041076660156e+01 3.421704769134521484e-01 -2.081036269664764404e-01 -9.164695739746093750e-01 -1.610080337524414062e+01 3.599259257316589355e-02 -9.715195298194885254e-01 2.340325117111206055e-01 -1.012894392013549805e+00
-9.363644719123840332e-01 -1.766955256462097168e-01 -3.037667870521545410e-01 -2.071477127075195312e+01 3.329814672470092773e-01 -1.708034873008728027e-01 -9.274396896362304688e-01 -1.560626983642578125e+01 1.116342544555664062e-01 -9.695305824279785156e-01 2.186288833618164062e-01 -7.289852499961853027e-01
-9.285688996315002441e-01 -1.733303964138031006e-01 -3.280307054519653320e-01 -2.111470413208007812e+01 3.559642434120178223e-01 -1.662988513708114624e-01 -9.195815920829772949e-01 -1.507712459564208984e+01 1.050277948379516602e-01 -9.708404541015625000e-01 2.160774469375610352e-01 -7.151828408241271973e-01
-8.976947069168090820e-01 -1.962754279375076294e-01 -3.943851888179779053e-01 -2.171796226501464844e+01 4.251364469528198242e-01 -1.496457159519195557e-01 -8.928973078727722168e-01 -1.468768215179443359e+01 1.161729097366333008e-01 -9.687428474426269531e-01 2.179529666900634766e-01 -5.993230938911437988e-01
-7.719026207923889160e-01 -2.365033924579620361e-01 -5.905923247337341309e-01 -2.154357147216796875e+01 6.242471337318420410e-01 -1.043188571929931641e-01 -7.741455435752868652e-01 -1.441762733459472656e+01 1.214930713176727295e-01 -9.663725495338439941e-01 2.279483079910278320e-01 -6.780689954757690430e-01
-4.574591219425201416e-01 -2.199856191873550415e-01 -8.618100881576538086e-01 -2.224507522583007812e+01 8.809993267059326172e-01 1.923029124736785889e-02 -4.728353023529052734e-01 -1.381950473785400391e+01 1.204398572444915771e-01 -9.753830432891845703e-01 1.849594414234161377e-01 -5.379830002784729004e-01
-3.051792979240417480e-01 -1.907112002372741699e-01 -9.330795407295227051e-01 -2.543911743164062500e+01 9.446216821670532227e-01 6.535989046096801758e-02 -3.224894106388092041e-01 -1.123296928405761719e+01 1.220159828662872314e-01 -9.795064330101013184e-01 1.603960990905761719e-01 -3.453933894634246826e-01
-2.050962448120117188e-01 -2.048477083444595337e-01 -9.571112394332885742e-01 -2.548677444458007812e+01 9.696676731109619141e-01 9.001545608043670654e-02 -2.268943041563034058e-01 -9.745066642761230469e+00 1.323190629482269287e-01 -9.746611118316650391e-01 1.802942305803298950e-01 -6.854984164237976074e-02
-1.776233911514282227e-01 -2.789982557296752930e-01 -9.442292451858520508e-01 -2.379573631286621094e+01 9.810173511505126953e-01 2.847790718078613281e-02 -1.933407038450241089e-01 -1.229829216003417969e+01 8.066558837890625000e-02 -9.601876735687255859e-01 2.679097652435302734e-01 -4.642620086669921875e-01
-2.734427750110626221e-01 -2.613326311111450195e-01 -9.260612130165100098e-01 -2.438217926025390625e+01 9.596127867698669434e-01 -7.369399070739746094e-03 -2.814261317253112793e-01 -1.170970821380615234e+01 6.674864888191223145e-02 -9.655196666717529297e-01 2.528206408023834229e-01 -5.939298868179321289e-01
-3.114304542541503906e-01 -2.319068014621734619e-01 -9.218344688415527344e-01 -2.499229431152343750e+01 9.483696222305297852e-01 -1.232293248176574707e-02 -3.174143433570861816e-01 -1.152149391174316406e+01 6.221339106559753418e-02 -9.729252457618713379e-01 2.236106991767883301e-01 -5.653316378593444824e-01
-3.240529000759124756e-01 -2.534089684486389160e-01 -9.113458395004272461e-01 -2.577958869934082031e+01 9.414465427398681641e-01 7.700771093368530273e-03 -3.372677564620971680e-01 -1.111505508422851562e+01 9.241873025894165039e-02 -9.674627780914306641e-01 2.362378239631652832e-01 -7.950063347816467285e-01
-3.732903599739074707e-01 -2.635622322559356689e-01 -8.892601728439331055e-01 -2.639034652709960938e+01 9.216183423995971680e-01 5.906254053115844727e-03 -3.884277343750000000e-01 -1.070809650421142578e+01 1.076983809471130371e-01 -9.646242856979370117e-01 2.403933405876159668e-01 -4.551254510879516602e-01
-3.347403407096862793e-01 -2.424072176218032837e-01 -9.106521606445312500e-01 -2.700606918334960938e+01 9.386041164398193359e-01 -9.135007858276367188e-04 -3.448182344436645508e-01 -1.089781379699707031e+01 8.251798152923583984e-02 -9.705406427383422852e-01 2.277950644493103027e-01 -1.871462017297744751e-01
-2.976969480514526367e-01 -3.296679854393005371e-01 -8.957414627075195312e-01 -2.775660514831542969e+01 9.522172212600708008e-01 -3.466829657554626465e-02 -3.035119175910949707e-01 -1.008837890625000000e+01 6.893289089202880859e-02 -9.432489871978759766e-01 3.242484927177429199e-01 -4.478513002395629883e-01
-2.105699181556701660e-01 -3.382077813148498535e-01 -9.173670411109924316e-01 -2.835941123962402344e+01 9.749674201011657715e-01 -3.127336502075195312e-03 -2.229237556457519531e-01 -9.573015213012695312e+00 7.252046465873718262e-02 -9.413097500801086426e-01 3.304087519645690918e-01 -4.162132441997528076e-01
-1.998467445373535156e-01 -3.929290771484375000e-01 -8.976325988769531250e-01 -2.902418708801269531e+01 9.783985614776611328e-01 -2.485698461532592773e-02 -2.068957090377807617e-01 -9.271090507507324219e+00 5.880796909332275391e-02 -9.191654920578002930e-01 3.894131183624267578e-01 -5.100761055946350098e-01
-1.897201538085937500e-01 -3.884351253509521484e-01 -9.018490910530090332e-01 -2.949340820312500000e+01 9.815263748168945312e-01 -4.430550336837768555e-02 -1.874465942382812500e-01 -9.026165008544921875e+00 3.302001953125000000e-02 -9.207605719566345215e-01 3.892464637756347656e-01 3.298325240612030029e-01
-1.862428784370422363e-01 -3.998733758926391602e-01 -8.970904946327209473e-01 -2.997994041442871094e+01 9.824143648147583008e-01 -5.968564748764038086e-02 -1.776250302791595459e-01 -8.855558395385742188e+00 1.736617088317871094e-02 -9.145888686180114746e-01 4.037430286407470703e-01 4.872143268585205078e-01
-1.107352972030639648e-01 -3.921781182289123535e-01 -9.132029414176940918e-01 -3.003155326843261719e+01 9.933171272277832031e-01 -8.357810974121093750e-02 -8.425976336002349854e-02 -7.017594337463378906e+00 -4.316836595535278320e-02 -9.162250757217407227e-01 3.988057672977447510e-01 -3.496821820735931396e-01
-4.930746555328369141e-01 -2.579813003540039062e-01 -8.305208683013916016e-01 -2.919727134704589844e+01 8.662245869636535645e-01 -2.345839440822601318e-01 -4.414887726306915283e-01 -8.580153465270996094e+00 -8.111816644668579102e-02 -9.372278451919555664e-01 3.390667736530303955e-01 -2.945323288440704346e-02
-2.625063657760620117e-01 -3.631992340087890625e-01 -8.937026262283325195e-01 -3.177453041076660156e+01 9.630738496780395508e-01 -1.510276794433593750e-01 -2.215465307235717773e-01 -6.766694068908691406e+00 -5.461013317108154297e-02 -9.196159839630126953e-01 3.890626430511474609e-01 -7.299012690782546997e-02
-2.491732537746429443e-01 -3.542423248291015625e-01 -9.014116525650024414e-01 -3.266356277465820312e+01 9.676641821861267090e-01 -1.315594017505645752e-01 -2.159986943006515503e-01 -6.686945915222167969e+00 -4.210931062698364258e-02 -9.258116483688354492e-01 3.754520714282989502e-01 1.760003119707107544e-01
-9.331926703453063965e-03 -3.393338322639465332e-01 -9.402977824211120605e-01 -3.360013198852539062e+01 9.995357394218444824e-01 -1.728394627571105957e-02 -3.670282661914825439e-03 -5.581573963165283203e+00 -1.506315916776657104e-02 -9.405115842819213867e-01 3.395437896251678467e-01 -5.253893136978149414e-01
6.204411387443542480e-03 -3.848790824413299561e-01 -9.226634502410888672e-01 -3.380204772949218750e+01 1.000020146369934082e+00 -1.783715933561325073e-02 1.417618989944458008e-02 -5.460253715515136719e+00 -2.179723978042602539e-02 -9.227344393730163574e-01 3.848602473735809326e-01 -3.702115714550018311e-01
-4.189309477806091309e-02 -3.781816363334655762e-01 -9.247056245803833008e-01 -3.444819259643554688e+01 9.994009733200073242e-01 -7.618159055709838867e-03 -4.216444492340087891e-02 -5.223296642303466797e+00 8.831918239593505859e-03 -9.257267713546752930e-01 3.784761428833007812e-01 -1.303778439760208130e-01
-1.132450103759765625e-01 -3.514852523803710938e-01 -9.293891787528991699e-01 -3.381938934326171875e+01 9.933278560638427734e-01 -4.232859611511230469e-02 -1.048856973648071289e-01 -4.097932815551757812e+00 -2.647638320922851562e-03 -9.351766109466552734e-01 3.543573617935180664e-01 -3.867009878158569336e-01
-8.056338131427764893e-02 -3.309758305549621582e-01 -9.399517178535461426e-01 -3.793022537231445312e+01 9.939845800399780273e-01 4.293465614318847656e-02 -1.006901264190673828e-01 -3.407365322113037109e+00 7.364249229431152344e-02 -9.426923394203186035e-01 3.252823352813720703e-01 -4.810684323310852051e-01
