-4.363949000835418701e-01 2.416148036718368530e-01 8.671661615371704102e-01 2.879535865783691406e+01 -8.993724584579467773e-01 -8.561734855175018311e-02 -4.289256930351257324e-01 -1.642582893371582031e+01 -2.935135364532470703e-02 -9.667284488677978516e-01 2.546727657318115234e-01 -1.982350468635559082e+00
-4.377336800098419189e-01 2.414108067750930786e-01 8.661579489707946777e-01 2.881240844726562500e+01 -8.992311358451843262e-01 -9.232194721698760986e-02 -4.284789562225341797e-01 -1.624251747131347656e+01 -2.352330088615417480e-02 -9.662056565284729004e-01 2.575015127658843994e-01 -1.932032465934753418e+00
-4.306641817092895508e-01 2.420311570167541504e-01 8.691552281379699707e-01 2.849925804138183594e+01 -9.025084972381591797e-01 -1.108554899692535400e-01 -4.165476560592651367e-01 -1.617043304443359375e+01 -4.400312900543212891e-03 -9.638929963111877441e-01 2.661429047584533691e-01 -2.032515048980712891e+00
-4.454249143600463867e-01 2.988186180591583252e-01 8.442068696022033691e-01 2.795997810363769531e+01 -8.952022790908813477e-01 -1.498293876647949219e-01 -4.196442961692810059e-01 -1.646955871582031250e+01 8.711218833923339844e-04 -9.428126811981201172e-01 3.341671228408813477e-01 -1.959029555320739746e+00
-4.235741794109344482e-01 3.061479628086090088e-01 8.522979617118835449e-01 2.778042221069335938e+01 -9.048632979393005371e-01 -9.478786587715148926e-02 -4.157000184059143066e-01 -1.666584968566894531e+01 -4.635071754455566406e-02 -9.473211169242858887e-01 3.169752359390258789e-01 -1.906218886375427246e+00
-4.375752806663513184e-01 3.216494917869567871e-01 8.396179080009460449e-01 2.746207237243652344e+01 -8.988210558891296387e-01 -1.321172416210174561e-01 -4.177556633949279785e-01 -1.606021881103515625e+01 -2.353260666131973267e-02 -9.376823306083679199e-01 3.468289077281951904e-01 -1.969497919082641602e+00
-5.838416814804077148e-01 3.150858879089355469e-01 7.484305500984191895e-01 2.636349678039550781e+01 -8.113965988159179688e-01 -1.893487125635147095e-01 -5.528676509857177734e-01 -1.649220466613769531e+01 -3.247234225273132324e-02 -9.301963448524475098e-01 3.661830127239227295e-01 -1.822463631629943848e+00
-5.693209171295166016e-01 3.135212063789367676e-01 7.595511078834533691e-01 2.559915733337402344e+01 -8.209342360496520996e-01 -1.728447675704956055e-01 -5.440724492073059082e-01 -1.664426803588867188e+01 -3.950321674346923828e-02 -9.333958625793457031e-01 3.558506071567535400e-01 -1.952473044395446777e+00
-5.248117446899414062e-01 3.595902025699615479e-01 7.718530297279357910e-01 2.566653251647949219e+01 -8.507500886917114258e-01 -1.897983103990554810e-01 -4.900460243225097656e-01 -1.696626663208007812e+01 -2.966153621673583984e-02 -9.133293032646179199e-01 4.056188464164733887e-01 -2.041732072830200195e+00
-4.696328639984130859e-01 5.050668716430664062e-01 7.238684296607971191e-01 2.586104583740234375e+01 -8.824107050895690918e-01 -2.404924631118774414e-01 -4.043152332305908203e-01 -1.605868148803710938e+01 -3.025197982788085938e-02 -8.284798264503479004e-01 5.588673353195190430e-01 -1.825002670288085938e+00
-6.349133849143981934e-01 5.289098024368286133e-01 5.634065866470336914e-01 2.379129409790039062e+01 -7.670487761497497559e-01 -3.403429388999938965e-01 -5.437604784965515137e-01 -1.705702209472656250e+01 -9.584729373455047607e-02 -7.773701548576354980e-01 6.215291023254394531e-01 -1.808228969573974609e+00
-6.951779127120971680e-01 5.478706359863281250e-01 4.655907154083251953e-01 2.229220771789550781e+01 -7.099924683570861816e-01 -4.230296313762664795e-01 -5.626497268676757812e-01 -1.805159568786621094e+01 -1.113706827163696289e-01 -7.216482758522033691e-01 6.833778619766235352e-01 -1.613335847854614258e+00
-5.869563817977905273e-01 6.241723299026489258e-01 5.157647132873535156e-01 2.312350082397460938e+01 -8.046347498893737793e-01 -3.798077106475830078e-01 -4.558936059474945068e-01 -1.423153114318847656e+01 -8.858855068683624268e-02 -6.828286647796630859e-01 7.253325581550598145e-01 -1.056359171867370605e+00
-7.643988132476806641e-01 5.055348873138427734e-01 4.004089534282684326e-01 2.276228904724121094e+01 -6.326578855514526367e-01 -4.682589769363403320e-01 -6.168874502182006836e-01 -1.838506889343261719e+01 -1.243745237588882446e-01 -7.244901061058044434e-01 6.774704456329345703e-01 -1.407959580421447754e+00
-6.761412620544433594e-01 5.298671722412109375e-01 5.115251541137695312e-01 2.231275177001953125e+01 -7.304612994194030762e-01 -3.913000822067260742e-01 -5.598192811012268066e-01 -1.891135597229003906e+01 -9.643892198801040649e-02 -7.523693442344665527e-01 6.518393158912658691e-01 -1.801323413848876953e+00
-6.430014967918395996e-01 4.454591274261474609e-01 6.227613687515258789e-01 2.250302505493164062e+01 -7.636370658874511719e-01 -3.111319541931152344e-01 -5.655952095985412598e-01 -1.827515792846679688e+01 -5.818676948547363281e-02 -8.392004370689392090e-01 5.405770540237426758e-01 -1.898890137672424316e+00
-7.335523962974548340e-01 2.052557170391082764e-01 6.478776931762695312e-01 2.291264533996582031e+01 -6.790719032287597656e-01 -2.573701441287994385e-01 -6.868966221809387207e-01 -2.053856658935546875e+01 2.567383646965026855e-02 -9.446919560432434082e-01 3.280363082885742188e-01 -2.035229206085205078e+00
-8.206562399864196777e-01 4.499365389347076416e-02 5.698922872543334961e-01 1.967412948608398438e+01 -5.678274035453796387e-01 -1.764250695705413818e-01 -8.036662936210632324e-01 -2.224333000183105469e+01 6.432315707206726074e-02 -9.832698702812194824e-01 1.702490150928497314e-01 -1.655015707015991211e+00
-8.344641327857971191e-01 4.743137210607528687e-02 5.492479205131530762e-01 2.027812385559082031e+01 -5.501439571380615234e-01 -1.350714117288589478e-01 -8.239638805389404297e-01 -2.101426506042480469e+01 3.506863117218017578e-02 -9.893429279327392578e-01 1.387087106704711914e-01 -1.542541027069091797e+00
-8.582409024238586426e-01 -2.553403377532958984e-02 5.129091739654541016e-01 2.055467987060546875e+01 -5.069400072097778320e-01 -1.168363690376281738e-01 -8.541249036788940430e-01 -2.067558288574218750e+01 8.166450262069702148e-02 -9.929318428039550781e-01 8.697056770324707031e-02 -1.514124870300292969e+00
-9.300888180732727051e-01 -4.956126213073730469e-03 3.680096268653869629e-01 2.062109184265136719e+01 -3.677401542663574219e-01 -3.189954161643981934e-02 -9.292849898338317871e-01 -1.996688079833984375e+01 1.656405627727508545e-02 -9.990305900573730469e-01 2.745103836059570312e-02 -1.673288702964782715e+00
-9.198441505432128906e-01 7.426112890243530273e-03 3.925670981407165527e-01 1.986215019226074219e+01 -3.895631730556488037e-01 -1.421479433774948120e-01 -9.100803732872009277e-01 -2.151522827148437500e+01 4.918728768825531006e-02 -9.898432493209838867e-01 1.337962895631790161e-01 -1.887873888015747070e+00
-9.207657575607299805e-01 3.746587038040161133e-02 3.880566954612731934e-01 1.659245300292968750e+01 -3.884294629096984863e-01 -1.737322509288787842e-01 -9.045658111572265625e-01 -2.393072891235351562e+01 3.328171372413635254e-02 -9.839318990707397461e-01 1.745590716600418091e-01 -1.838858842849731445e+00
-7.254946827888488770e-01 1.689336597919464111e-01 6.674403548240661621e-01 1.786316108703613281e+01 -6.871218681335449219e-01 -2.292055338621139526e-01 -6.893763542175292969e-01 -2.331919288635253906e+01 3.654693812131881714e-02 -9.583711028099060059e-01 2.824487090110778809e-01 -1.891664862632751465e+00
-6.275431513786315918e-01 2.356091588735580444e-01 7.420759797096252441e-01 1.845546340942382812e+01 -7.785820960998535156e-01 -1.872081607580184937e-01 -5.990906357765197754e-01 -2.205927848815917969e+01 -2.263993024826049805e-03 -9.536536335945129395e-01 3.009853959083557129e-01 -1.921076893806457520e+00
-6.500624418258666992e-01 1.949809193611145020e-01 7.344825863838195801e-01 1.781654167175292969e+01 -7.595131397247314453e-01 -1.848810315132141113e-01 -6.231645345687866211e-01 -2.328295707702636719e+01 1.430752873420715332e-02 -9.628365039825439453e-01 2.683315575122833252e-01 -1.934646844863891602e+00
-6.850532293319702148e-01 1.060849428176879883e-01 7.203932404518127441e-01 1.749280548095703125e+01 -7.273898124694824219e-01 -1.554713249206542969e-01 -6.684494018554687500e-01 -2.350274658203125000e+01 4.139813780784606934e-02 -9.823428988456726074e-01 1.836351603269577026e-01 -2.303275346755981445e+00
-8.044832944869995117e-01 6.100693345069885254e-02 5.908176898956298828e-01 1.608301925659179688e+01 -5.939616560935974121e-01 -8.954575657844543457e-02 -7.991492152214050293e-01 -2.317047691345214844e+01 4.477262496948242188e-03 -9.938349723815917969e-01 1.083967685699462891e-01 -1.774759054183959961e+00
-8.693094253540039062e-01 2.328108623623847961e-02 4.930098056793212891e-01 1.558404350280761719e+01 -4.922157227993011475e-01 -1.114626899361610413e-01 -8.633263707160949707e-01 -2.346827316284179688e+01 3.483355045318603516e-02 -9.935187697410583496e-01 1.084205061197280884e-01 -9.568189978599548340e-01
-8.471814393997192383e-01 2.768474817276000977e-02 5.309845805168151855e-01 1.452770805358886719e+01 -5.304504036903381348e-01 -9.929966926574707031e-02 -8.416959047317504883e-01 -2.206052589416503906e+01 2.931535243988037109e-02 -9.947829842567443848e-01 9.884160757064819336e-02 -8.092253208160400391e-01
-8.422015309333801270e-01 2.044878900051116943e-02 5.390586853027343750e-01 1.502240371704101562e+01 -5.379767417907714844e-01 -1.065666079521179199e-01 -8.360621333122253418e-01 -2.378686332702636719e+01 4.041201248764991760e-02 -9.941583275794982910e-01 1.007558554410934448e-01 -1.229686379432678223e+00
-8.479101657867431641e-01 -3.039652109146118164e-02 5.292556285858154297e-01 1.607786178588867188e+01 -5.257720947265625000e-01 -7.766546308994293213e-02 -8.473659753799438477e-01 -2.362428474426269531e+01 6.670534610748291016e-02 -9.968258738517761230e-01 4.982560873031616211e-02 -1.694083213806152344e+00
-8.516845107078552246e-01 6.938576698303222656e-03 5.244905352592468262e-01 1.625073051452636719e+01 -5.191261768341064453e-01 -1.503721475601196289e-01 -8.411639928817749023e-01 -2.304837417602539062e+01 7.294362783432006836e-02 -9.885190129280090332e-01 1.317664980888366699e-01 -1.484290361404418945e+00
-8.482866287231445312e-01 4.072749614715576172e-02 5.277960300445556641e-01 1.547265243530273438e+01 -5.276581048965454102e-01 -1.427861899137496948e-01 -8.373917341232299805e-01 -2.345018005371093750e+01 4.117631912231445312e-02 -9.892777800559997559e-01 1.425741910934448242e-01 -1.731760501861572266e+00
-8.877028226852416992e-01 -8.032694458961486816e-03 4.605200290679931641e-01 1.229170894622802734e+01 -4.513548612594604492e-01 -1.834307312965393066e-01 -8.733335733413696289e-01 -2.621543884277343750e+01 9.115849435329437256e-02 -9.831118583679199219e-01 1.588985621929168701e-01 -2.099449634552001953e+00
-8.977208733558654785e-01 1.291984319686889648e-02 4.403698444366455078e-01 1.345241260528564453e+01 -4.401012063026428223e-01 -9.637875854969024658e-02 -8.926689028739929199e-01 -2.811407279968261719e+01 3.083479404449462891e-02 -9.953783154487609863e-01 9.235748648643493652e-02 -2.414089679718017578e+00
-9.027197360992431641e-01 -7.545530796051025391e-03 4.303060173988342285e-01 1.090245342254638672e+01 -4.253443181514739990e-01 -1.346300244331359863e-01 -8.951730728149414062e-01 -2.717584609985351562e+01 6.463246047496795654e-02 -9.910192489624023438e-01 1.181399822235107422e-01 -2.464589595794677734e+00
-8.338742852210998535e-01 4.902887344360351562e-02 5.495054721832275391e-01 1.210275936126708984e+01 -5.510109066963195801e-01 -1.220999956130981445e-01 -8.254934549331665039e-01 -2.495482444763183594e+01 2.621537446975708008e-02 -9.912227392196655273e-01 1.290602087974548340e-01 -2.208058357238769531e+00
-8.274751901626586914e-01 1.176613569259643555e-02 5.613845586776733398e-01 1.321675109863281250e+01 -5.598299503326416016e-01 -1.017340868711471558e-01 -8.220047354698181152e-01 -2.483049774169921875e+01 4.803550243377685547e-02 -9.944956898689270020e-01 9.063603729009628296e-02 -2.304670095443725586e+00
-8.998224735260009766e-01 1.506876945495605469e-02 4.362714886665344238e-01 9.584324836730957031e+00 -4.350692927837371826e-01 -1.115340143442153931e-01 -8.932114243507385254e-01 -2.704815864562988281e+01 3.526604175567626953e-02 -9.936785101890563965e-01 1.070884466171264648e-01 -2.059758663177490234e+00
-9.267734289169311523e-01 -5.737841129302978516e-03 3.756399154663085938e-01 8.726133346557617188e+00 -3.718748986721038818e-01 -1.269988417625427246e-01 -9.196930527687072754e-01 -2.899506950378417969e+01 5.300629138946533203e-02 -9.918251633644104004e-01 1.157678365707397461e-01 -2.393217086791992188e+00
-9.361557960510253906e-01 -8.083395659923553467e-02 3.421900570392608643e-01 8.600546836853027344e+00 -3.350029885768890381e-01 -8.976993709802627563e-02 -9.379041194915771484e-01 -3.131469345092773438e+01 1.064940690994262695e-01 -9.925898313522338867e-01 5.686178803443908691e-02 -2.252677440643310547e+00
-9.064943790435791016e-01 -6.088818609714508057e-02 4.183407425880432129e-01 8.553359985351562500e+00 -4.148819446563720703e-01 -6.006431579589843750e-02 -9.078077673912048340e-01 -3.149940109252929688e+01 8.051444590091705322e-02 -9.965208172798156738e-01 2.925734221935272217e-02 -2.325150728225708008e+00
-9.356170892715454102e-01 -7.080705463886260986e-02 3.450966477394104004e-01 8.530222892761230469e+00 -3.420222699642181396e-01 -5.237144976854324341e-02 -9.382954835891723633e-01 -3.305416488647460938e+01 8.450785279273986816e-02 -9.960469603538513184e-01 2.475068718194961548e-02 -2.766562461853027344e+00
-9.260654449462890625e-01 -4.434674978256225586e-02 3.753628730773925781e-01 7.956368923187255859e+00 -3.723575174808502197e-01 -5.669069290161132812e-02 -9.260766506195068359e-01 -3.364896011352539062e+01 6.239998340606689453e-02 -9.971634149551391602e-01 3.598660230636596680e-02 -2.790881395339965820e+00
-9.422937035560607910e-01 -7.243752479553222656e-02 3.256283998489379883e-01 7.046763896942138672e+00 -3.201156854629516602e-01 -7.988482713699340820e-02 -9.438610076904296875e-01 -3.424030303955078125e+01 9.440290927886962891e-02 -9.940618872642517090e-01 5.215948820114135742e-02 -2.897390365600585938e+00
-9.434632062911987305e-01 -6.510436534881591797e-02 3.253650665283203125e-01 8.565088272094726562e+00 -3.230636715888977051e-01 -4.502141475677490234e-02 -9.455897212028503418e-01 -3.449590682983398438e+01 7.622352242469787598e-02 -9.970464706420898438e-01 2.147883176803588867e-02 -2.909192085266113281e+00
-9.353292584419250488e-01 -8.681273460388183594e-02 3.428301215171813965e-01 6.873935699462890625e+00 -3.404425382614135742e-01 -4.220104217529296875e-02 -9.391039609909057617e-01 -3.512434387207031250e+01 9.594106674194335938e-02 -9.951978325843811035e-01 9.829029440879821777e-03 -2.997550964355468750e+00
-9.201656579971313477e-01 -5.978775024414062500e-02 3.861910104751586914e-01 5.201217651367187500e+00 -3.845557868480682373e-01 -4.453402757644653320e-02 -9.220256805419921875e-01 -3.258006668090820312e+01 7.225903868675231934e-02 -9.974826574325561523e-01 1.825484633445739746e-02 -2.826576471328735352e+00
-8.521011471748352051e-01 2.810341119766235352e-02 5.224283337593078613e-01 7.503689765930175781e+00 -5.230278372764587402e-01 -7.068582624197006226e-02 -8.494660258293151855e-01 -2.329183769226074219e+01 1.309469342231750488e-02 -9.971729516983032227e-01 7.502178847789764404e-02 -1.947543978691101074e+00
-8.992997407913208008e-01 2.377676963806152344e-02 4.366622567176818848e-01 6.280181884765625000e+00 -4.355677664279937744e-01 -1.387053728103637695e-01 -8.893762230873107910e-01 -2.892345046997070312e+01 3.964596986770629883e-02 -9.899039864540100098e-01 1.351301074028015137e-01 -2.516689300537109375e+00
-9.739075899124145508e-01 -1.569688320159912109e-02 2.270956635475158691e-01 1.498518705368041992e+00 -2.219851613044738770e-01 -1.552315950393676758e-01 -9.622768759727478027e-01 -2.868006134033203125e+01 5.043947696685791016e-02 -9.879994988441467285e-01 1.476719379425048828e-01 -2.399533748626708984e+00
-9.725659489631652832e-01 -3.715753555297851562e-02 2.295226752758026123e-01 2.649419605731964111e-01 -2.270850241184234619e-01 -5.805528163909912109e-02 -9.720751047134399414e-01 -3.112375259399414062e+01 4.917964339256286621e-02 -9.977185726165771484e-01 4.751604795455932617e-02 -2.107017517089843750e+00
-9.680919647216796875e-01 -5.354100465774536133e-02 2.455601245164871216e-01 1.451400756835937500e+00 -2.448281943798065186e-01 -2.490532398223876953e-02 -9.695768952369689941e-01 -3.346387481689453125e+01 5.787098407745361328e-02 -9.985729455947875977e-01 1.097488403320312500e-02 -2.542526006698608398e+00
-9.910085797309875488e-01 -1.047443747520446777e-01 8.133900165557861328e-02 2.377405643463134766e+00 -7.915173470973968506e-02 -2.436590194702148438e-02 -9.968415498733520508e-01 -3.622051620483398438e+01 1.064027547836303711e-01 -9.945616126060485840e-01 1.591140031814575195e-02 -2.762012004852294922e+00
-9.863420128822326660e-01 -1.075305417180061340e-01 -1.248224973678588867e-01 2.571085214614868164e+00 1.289377957582473755e-01 -3.222091123461723328e-02 -9.908781051635742188e-01 -3.514558410644531250e+01 1.025934815406799316e-01 -9.939641356468200684e-01 4.565527290105819702e-02 -2.704909086227416992e+00
-9.596866965293884277e-01 -1.459191441535949707e-01 -2.394451797008514404e-01 1.468292593955993652e+00 2.550601363182067871e-01 -1.005650162696838379e-01 -9.618564248085021973e-01 -3.635347747802734375e+01 1.163733601570129395e-01 -9.840907454490661621e-01 1.336604356765747070e-01 -2.590309143066406250e+00
-8.872678279876708984e-01 -1.821821033954620361e-01 -4.233685731887817383e-01 9.064229726791381836e-01 4.441435635089874268e-01 -9.138548374176025391e-02 -8.914075493812561035e-01 -3.582641220092773438e+01 1.236646771430969238e-01 -9.794794321060180664e-01 1.619843840599060059e-01 -2.865944862365722656e+00
-8.743334412574768066e-01 -2.477165162563323975e-01 -4.171909093856811523e-01 1.708472132682800293e+00 4.688622057437896729e-01 -2.106015980243682861e-01 -8.576691746711730957e-01 -3.423481369018554688e+01 1.245799213647842407e-01 -9.453790783882141113e-01 3.002739250659942627e-01 -2.616251230239868164e+00
-8.992140293121337891e-01 -2.373578548431396484e-01 -3.675828576087951660e-01 1.264391303062438965e+00 4.278308451175689697e-01 -3.056318163871765137e-01 -8.505015969276428223e-01 -3.344411849975585938e+01 8.958536386489868164e-02 -9.220101237297058105e-01 3.765698373317718506e-01 -2.897786617279052734e+00
-9.148149490356445312e-01 -2.592424154281616211e-01 -3.102027177810668945e-01 1.689738035202026367e+00 3.934636116027832031e-01 -3.931514024734497070e-01 -8.309539556503295898e-01 -3.319800186157226562e+01 9.361553192138671875e-02 -8.818615674972534180e-01 4.613907337188720703e-01 -2.543532609939575195e+00
-8.482525348663330078e-01 -2.549980878829956055e-01 -4.640091061592102051e-01 1.878321021795272827e-01 5.252726674079895020e-01 -2.954329848289489746e-01 -7.982342839241027832e-01 -3.300413894653320312e+01 6.644955277442932129e-02 -9.205771088600158691e-01 3.844231963157653809e-01 -2.424327850341796875e+00
-8.424755930900573730e-01 -2.380009889602661133e-01 -4.830329418182373047e-01 -1.150047063827514648e+00 5.364735126495361328e-01 -2.855437994003295898e-01 -7.940429449081420898e-01 -3.216289520263671875e+01 5.095130205154418945e-02 -9.286482334136962891e-01 3.682773113250732422e-01 -2.262712478637695312e+00
-8.407254815101623535e-01 -1.970559656620025635e-01 -5.038920044898986816e-01 -1.310389518737792969e+00 5.351303815841674805e-01 -1.687849164009094238e-01 -8.276664018630981445e-01 -3.339684295654296875e+01 7.801160216331481934e-02 -9.656123518943786621e-01 2.474535852670669556e-01 -2.470540046691894531e+00
-8.918260335922241211e-01 -1.298972070217132568e-01 -4.331868588924407959e-01 -2.532577991485595703e+00 4.486505389213562012e-01 -1.362718194723129272e-01 -8.828629851341247559e-01 -3.328543472290039062e+01 5.565267801284790039e-02 -9.821698069572448730e-01 1.800283193588256836e-01 -2.055532693862915039e+00
-9.555566906929016113e-01 -1.452761739492416382e-01 -2.577796876430511475e-01 -2.677841424942016602e+00 2.760009765625000000e-01 -1.226304247975349426e-01 -9.533745646476745605e-01 -3.227438735961914062e+01 1.069552600383758545e-01 -9.816657900810241699e-01 1.572341620922088623e-01 -2.194076061248779297e+00
-9.925967454910278320e-01 -8.141380548477172852e-02 -8.942660689353942871e-02 -3.025583505630493164e+00 1.037308052182197571e-01 -1.888178139925003052e-01 -9.765202403068542480e-01 -3.252896499633789062e+01 6.259171664714813232e-02 -9.785463213920593262e-01 1.958665996789932251e-01 -2.548601865768432617e+00
-9.867272377014160156e-01 -1.307362318038940430e-01 -9.613946080207824707e-02 -4.372875213623046875e+00 1.182131767272949219e-01 -1.744827330112457275e-01 -9.772162437438964844e-01 -3.112140083312988281e+01 1.109256446361541748e-01 -9.756941199302673340e-01 1.877760589122772217e-01 -2.581186771392822266e+00
-9.870418310165405273e-01 -9.224718809127807617e-02 -1.300785541534423828e-01 -4.855176925659179688e+00 1.453058719635009766e-01 -1.820173263549804688e-01 -9.727449417114257812e-01 -3.107432174682617188e+01 6.594544649124145508e-02 -9.790800213813781738e-01 1.931685805320739746e-01 -2.090795755386352539e+00
-9.793565869331359863e-01 -1.057140827178955078e-01 -1.733409166336059570e-01 -5.792893409729003906e+00 1.900398731231689453e-01 -1.790230274200439453e-01 -9.651292562484741211e-01 -3.045092201232910156e+01 7.083648443222045898e-02 -9.781312942504882812e-01 1.955302506685256958e-01 -1.959507942199707031e+00
-9.778236150741577148e-01 -1.062434315681457520e-01 -1.787688136100769043e-01 -6.228287696838378906e+00 1.912099123001098633e-01 -1.214722990989685059e-01 -9.742624759674072266e-01 -3.013878822326660156e+01 8.197481930255889893e-02 -9.869023561477661133e-01 1.391327679157257080e-01 -1.996243476867675781e+00
-9.714046120643615723e-01 -1.253427863121032715e-01 -2.017199397087097168e-01 -6.509296417236328125e+00 2.219055145978927612e-01 -1.749856919050216675e-01 -9.589381217956542969e-01 -2.917850685119628906e+01 8.490531146526336670e-02 -9.768644571304321289e-01 1.977562755346298218e-01 -2.085470199584960938e+00
-9.427877068519592285e-01 -1.561539322137832642e-01 -2.938693165779113770e-01 -5.714990615844726562e+00 3.188358545303344727e-01 -1.716445684432983398e-01 -9.320393204689025879e-01 -2.903373908996582031e+01 9.511756896972656250e-02 -9.728603959083557129e-01 2.114353179931640625e-01 -2.140444993972778320e+00
-8.708239793777465820e-01 -2.431876510381698608e-01 -4.264983534812927246e-01 -5.971879482269287109e+00 4.799309372901916504e-01 -2.387886941432952881e-01 -8.442107439041137695e-01 -2.847612953186035156e+01 1.034962534904479980e-01 -9.404376149177551270e-01 3.248430192470550537e-01 -2.164286136627197266e+00
-7.972416281700134277e-01 -2.798360586166381836e-01 -5.342817306518554688e-01 -4.601419448852539062e+00 5.959947109222412109e-01 -2.322179079055786133e-01 -7.682550549507141113e-01 -2.763561248779296875e+01 9.112590551376342773e-02 -9.314122796058654785e-01 3.520612716674804688e-01 -2.454514265060424805e+00
-7.645198106765747070e-01 -3.047244548797607422e-01 -5.682346820831298828e-01 -4.774507522583007812e+00 6.400552392005920410e-01 -2.521169185638427734e-01 -7.256882786750793457e-01 -2.446654701232910156e+01 7.784301042556762695e-02 -9.180932641029357910e-01 3.879131972789764404e-01 -1.736362099647521973e+00
-7.271625399589538574e-01 -3.104665279388427734e-01 -6.123096346855163574e-01 -3.750599145889282227e+00 6.839219331741333008e-01 -2.508078813552856445e-01 -6.852005124092102051e-01 -2.003069877624511719e+01 5.917958915233612061e-02 -9.170086383819580078e-01 3.943136930465698242e-01 -1.569949626922607422e+00
-7.282431125640869141e-01 -2.578195631504058838e-01 -6.349478363990783691e-01 -5.699282169342041016e+00 6.852895021438598633e-01 -2.907994985580444336e-01 -6.676301956176757812e-01 -2.341779708862304688e+01 -1.238179206848144531e-02 -9.216061830520629883e-01 3.886173963546752930e-01 -1.588481664657592773e+00
-7.847656607627868652e-01 -2.382232248783111572e-01 -5.721960067749023438e-01 -5.413128852844238281e+00 6.193865537643432617e-01 -2.857981026172637939e-01 -7.309807538986206055e-01 -2.237828636169433594e+01 1.054686307907104492e-02 -9.283955097198486328e-01 3.716784417629241943e-01 -1.309005856513977051e+00
-6.564279794692993164e-01 -2.642607688903808594e-01 -7.069286108016967773e-01 -7.630905628204345703e+00 7.545524835586547852e-01 -2.463831901550292969e-01 -6.077978610992431641e-01 -2.326896476745605469e+01 -1.339796185493469238e-02 -9.322402477264404297e-01 3.610782623291015625e-01 -1.505284905433654785e+00
-6.975259780883789062e-01 -2.316420078277587891e-01 -6.778070926666259766e-01 -8.563269615173339844e+00 7.163414359092712402e-01 -2.118408679962158203e-01 -6.643443107604980469e-01 -2.490529060363769531e+01 1.025676727294921875e-02 -9.495344161987304688e-01 3.139653205871582031e-01 -2.001852989196777344e+00
-7.768113017082214355e-01 -1.909952461719512939e-01 -6.000884771347045898e-01 -1.066388702392578125e+01 6.287848949432373047e-01 -2.010594606399536133e-01 -7.511629462242126465e-01 -2.461943817138671875e+01 2.280958741903305054e-02 -9.608282446861267090e-01 2.763244807720184326e-01 -1.751622676849365234e+00
-8.366293907165527344e-01 -1.411687135696411133e-01 -5.297633409500122070e-01 -9.967389106750488281e+00 5.476824045181274414e-01 -1.753349304199218750e-01 -8.181537985801696777e-01 -2.491275596618652344e+01 2.257257699966430664e-02 -9.742231965065002441e-01 2.239575237035751343e-01 -1.905390620231628418e+00
-9.402803182601928711e-01 -9.781301021575927734e-02 -3.254963159561157227e-01 -1.055588054656982422e+01 3.395703732967376709e-01 -2.210383713245391846e-01 -9.142758250236511230e-01 -2.347533416748046875e+01 1.758754253387451172e-02 -9.705554246902465820e-01 2.407399415969848633e-01 -1.296892404556274414e+00
-9.796006679534912109e-01 -8.098363876342773438e-02 -1.830535978078842163e-01 -1.029081058502197266e+01 1.980736255645751953e-01 -2.607228755950927734e-01 -9.448674917221069336e-01 -2.340026473999023438e+01 2.853226661682128906e-02 -9.617854356765747070e-01 2.715336084365844727e-01 -1.253659725189208984e+00
-9.947733879089355469e-01 -8.520960807800292969e-02 -5.528670549392700195e-02 -9.747712135314941406e+00 7.186901569366455078e-02 -2.083765864372253418e-01 -9.752117991447448730e-01 -2.558647155761718750e+01 7.149899005889892578e-02 -9.742303490638732910e-01 2.132953703403472900e-01 -1.451747179031372070e+00
-9.907650351524353027e-01 -9.682548046112060547e-02 -9.650817513465881348e-02 -1.201461410522460938e+01 1.143027544021606445e-01 -1.982216835021972656e-01 -9.735202193260192871e-01 -2.397628211975097656e+01 7.489454746246337891e-02 -9.754393100738525391e-01 2.077549099922180176e-01 -1.478779196739196777e+00
-9.900358915328979492e-01 -9.863680601119995117e-02 -9.981471300125122070e-02 -1.174829292297363281e+01 1.189775466918945312e-01 -2.119659185409545898e-01 -9.700106382369995117e-01 -2.330891609191894531e+01 7.457005977630615234e-02 -9.721931219100952148e-01 2.216551899909973145e-01 -1.427922010421752930e+00
-9.850254654884338379e-01 -6.338346004486083984e-02 -1.612155437469482422e-01 -1.166321563720703125e+01 1.698805093765258789e-01 -1.767069697380065918e-01 -9.697493314743041992e-01 -2.502309417724609375e+01 3.312075138092041016e-02 -9.820058345794677734e-01 1.848519444465637207e-01 -1.410317420959472656e+00
-8.911844491958618164e-01 -1.330854892730712891e-01 -4.330325126647949219e-01 -1.416152477264404297e+01 4.498815536499023438e-01 -1.500082612037658691e-01 -8.804552555084228516e-01 -2.240515899658203125e+01 5.228647589683532715e-02 -9.796537160873413086e-01 1.938180029392242432e-01 -1.163616895675659180e+00
-6.896200180053710938e-01 -2.155877947807312012e-01 -6.913809776306152344e-01 -1.579560375213623047e+01 7.191286087036132812e-01 -8.748438954353332520e-02 -6.893994808197021484e-01 -2.239018440246582031e+01 8.774799108505249023e-02 -9.723966121673583984e-01 2.148380279541015625e-01 -1.807840347290039062e+00
-5.963143706321716309e-01 -2.316139340400695801e-01 -7.686091661453247070e-01 -1.574903392791748047e+01 7.970483899116516113e-01 -5.688858032226562500e-02 -6.012096405029296875e-01 -2.193164443969726562e+01 9.549316018819808960e-02 -9.709939360618591309e-01 2.185254245996475220e-01 -1.931888103485107422e+00
-6.182445287704467773e-01 -2.138791084289550781e-01 -7.560896873474121094e-01 -1.584126567840576172e+01 7.794961929321289062e-01 -4.691970348358154297e-02 -6.243075132369995117e-01 -2.150020790100097656e+01 9.816998243331909180e-02 -9.758834838867187500e-01 1.961064338684082031e-01 -1.800625085830688477e+00
-5.459182262420654297e-01 -2.709935903549194336e-01 -7.927282452583312988e-01 -1.618558692932128906e+01 8.318346142768859863e-01 -6.030495837330818176e-02 -5.519263744354248047e-01 -2.151768302917480469e+01 1.017309278249740601e-01 -9.604012370109558105e-01 2.581858634948730469e-01 -1.523765444755554199e+00
-4.889742136001586914e-01 -3.730406761169433594e-01 -7.888771295547485352e-01 -1.707753372192382812e+01 8.657129406929016113e-01 -9.641799330711364746e-02 -4.912110567092895508e-01 -1.983317565917968750e+01 1.072082519531250000e-01 -9.231013059616088867e-01 3.700213432312011719e-01 -1.439238190650939941e+00
-4.736500382423400879e-01 -4.740061163902282715e-01 -7.422245144844055176e-01 -1.699201393127441406e+01 8.791763782501220703e-01 -2.040431499481201172e-01 -4.307472109794616699e-01 -1.838580131530761719e+01 5.273902416229248047e-02 -8.565872311592102051e-01 5.134842991828918457e-01 -8.736351132392883301e-01
-4.679723680019378662e-01 -4.464543461799621582e-01 -7.628229260444641113e-01 -1.502447891235351562e+01 8.838953375816345215e-01 -2.226110696792602539e-01 -4.118750095367431641e-01 -1.754850387573242188e+01 1.405121386051177979e-02 -8.664841055870056152e-01 4.989199340343475342e-01 -6.994923353195190430e-01
-4.026691019535064697e-01 -4.571941196918487549e-01 -7.933894991874694824e-01 -1.705897331237792969e+01 9.153058528900146484e-01 -1.943514347076416016e-01 -3.526933789253234863e-01 -1.806022644042968750e+01 7.019519805908203125e-03 -8.680610060691833496e-01 4.969402551651000977e-01 -5.766630768775939941e-01
-3.225824832916259766e-01 -4.572944045066833496e-01 -8.285214304924011230e-01 -1.674971580505371094e+01 9.465411305427551270e-01 -1.663502156734466553e-01 -2.767508029937744141e-01 -1.674071121215820312e+01 -1.114305853843688965e-02 -8.734545707702636719e-01 4.863728880882263184e-01 -8.606790304183959961e-01
-3.644458949565887451e-01 -4.507097601890563965e-01 -8.148044943809509277e-01 -1.837811851501464844e+01 9.311797022819519043e-01 -1.653968691825866699e-01 -3.248153626918792725e-01 -1.652570152282714844e+01 1.142656803131103516e-02 -8.774101138114929199e-01 4.800927340984344482e-01 -7.259007096290588379e-01
-7.206406593322753906e-01 -2.800851464271545410e-01 -6.340177059173583984e-01 -1.700226020812988281e+01 6.921330094337463379e-01 -2.439261823892593384e-01 -6.789197325706481934e-01 -1.673645782470703125e+01 3.541445732116699219e-02 -9.282873272895812988e-01 3.699293732643127441e-01 -7.901576161384582520e-01
-9.128473401069641113e-01 -1.204531192779541016e-01 -3.902558684349060059e-01 -1.844063949584960938e+01 4.083203077316284180e-01 -2.524577975273132324e-01 -8.769875764846801758e-01 -1.662223243713378906e+01 7.034696638584136963e-03 -9.599221348762512207e-01 2.796657085418701172e-01 -7.998107075691223145e-01
-8.648403286933898926e-01 -1.480863094329833984e-01 -4.791311621665954590e-01 -2.152453804016113281e+01 5.014271140098571777e-01 -2.290872335433959961e-01 -8.342788219451904297e-01 -1.424004554748535156e+01 1.374295353889465332e-02 -9.619953632354736328e-01 2.723394930362701416e-01 -4.627504348754882812e-01
-8.572385907173156738e-01 -1.230187416076660156e-01 -4.993370175361633301e-01 -2.202964782714843750e+01 5.142376422882080078e-01 -2.140932083129882812e-01 -8.301967382431030273e-01 -1.356345367431640625e+01 -4.879474639892578125e-03 -9.693271517753601074e-01 2.470136135816574097e-01 -5.419941544532775879e-01
-8.405933976173400879e-01 -1.408249139785766602e-01 -5.232857465744018555e-01 -2.127974700927734375e+01 5.421254634857177734e-01 -2.212609350681304932e-01 -8.110293745994567871e-01 -1.381696319580078125e+01 -1.525864005088806152e-03 -9.647561311721801758e-01 2.618526220321655273e-01 -4.038706719875335693e-01
-7.572771906852722168e-01 -1.996618807315826416e-01 -6.214885115623474121e-01 -2.173587989807128906e+01 6.495639681816101074e-01 -1.376525908708572388e-01 -7.476597428321838379e-01 -1.385557937622070312e+01 6.386823952198028564e-02 -9.700641036033630371e-01 2.344819307327270508e-01 -7.233961224555969238e-01
-5.696159005165100098e-01 -2.131330221891403198e-01 -7.935480475425720215e-01 -2.053337669372558594e+01 8.128840327262878418e-01 -3.845755010843276978e-03 -5.824270248413085938e-01 -1.297992229461669922e+01 1.210340261459350586e-01 -9.772298336029052734e-01 1.753735840320587158e-01 -6.682733893394470215e-01
-4.055163860321044922e-01 -2.714341580867767334e-01 -8.729104399681091309e-01 -2.155130958557128906e+01 8.942263722419738770e-01 7.887881249189376831e-02 -4.403264820575714111e-01 -1.308110237121582031e+01 1.883462220430374146e-01 -9.592036604881286621e-01 2.108591794967651367e-01 -5.672597289085388184e-01
-3.997406363487243652e-01 -2.562177181243896484e-01 -8.800605535507202148e-01 -1.938630867004394531e+01 9.037145972251892090e-01 5.099960044026374817e-02 -4.253979623317718506e-01 -1.015079307556152344e+01 1.537959426641464233e-01 -9.653961062431335449e-01 2.110738903284072876e-01 -2.948647439479827881e-01
-3.187488317489624023e-01 -2.858297526836395264e-01 -9.033607840538024902e-01 -2.239401435852050781e+01 9.407818317413330078e-01 1.718840375542640686e-02 -3.373813629150390625e-01 -1.275839900970458984e+01 1.119557023048400879e-01 -9.580710530281066895e-01 2.634550034999847412e-01 -6.306389570236206055e-01
-2.463031858205795288e-01 -2.642765939235687256e-01 -9.322781562805175781e-01 -2.440963172912597656e+01 9.654378294944763184e-01 1.783433556556701660e-02 -2.600884735584259033e-01 -1.110221576690673828e+01 8.539402484893798828e-02 -9.643261432647705078e-01 2.508267760276794434e-01 -6.137907505035400391e-01
-3.115949928760528564e-01 -2.412910163402557373e-01 -9.194000959396362305e-01 -2.413917350769042969e+01 9.478384852409362793e-01 -1.400291919708251953e-02 -3.177539110183715820e-01 -1.178186035156250000e+01 6.387120485305786133e-02 -9.706028699874877930e-01 2.333663702011108398e-01 -4.769108593463897705e-01
-3.375331461429595947e-01 -2.857286334037780762e-01 -8.969113230705261230e-01 -2.469339561462402344e+01 9.362728595733642578e-01 -6.639361381530761719e-04 -3.519363403320312500e-01 -1.141031932830810547e+01 9.993670880794525146e-02 -9.582331776618957520e-01 2.672441601753234863e-01 -4.259678423404693604e-01
-4.311317801475524902e-01 -2.637727558612823486e-01 -8.627567887306213379e-01 -2.546221160888671875e+01 8.970678448677062988e-01 -2.248711138963699341e-02 -4.413553178310394287e-01 -1.136179447174072266e+01 9.700456261634826660e-02 -9.644953012466430664e-01 2.463608682155609131e-01 -4.890432059764862061e-01
-3.553626239299774170e-01 -2.569199204444885254e-01 -8.986890316009521484e-01 -2.597233390808105469e+01 9.296203851699829102e-01 -2.299666404724121094e-03 -3.673356175422668457e-01 -1.092003726959228516e+01 9.253533184528350830e-02 -9.661465883255004883e-01 2.394413352012634277e-01 -4.688808619976043701e-01
-3.017359972000122070e-01 -3.569748699665069580e-01 -8.840797543525695801e-01 -2.670019531250000000e+01 9.509412050247192383e-01 -4.568845033645629883e-02 -3.060682415962219238e-01 -1.007192611694335938e+01 6.890112161636352539e-02 -9.329995512962341309e-01 3.531451821327209473e-01 -4.156164824962615967e-01
-2.563467025756835938e-01 -3.527080416679382324e-01 -8.998188972473144531e-01 -2.699437904357910156e+01 9.646694660186767578e-01 -3.160405158996582031e-02 -2.622648477554321289e-01 -1.055478858947753906e+01 6.387120485305786133e-02 -9.347211718559265137e-01 3.484894037246704102e-01 -4.733762443065643311e-01
-2.424671947956085205e-01 -4.192845821380615234e-01 -8.748610019683837891e-01 -2.778050613403320312e+01 9.662711620330810547e-01 -2.468657493591308594e-02 -2.559100389480590820e-01 -9.927976608276367188e+00 8.593404293060302734e-02 -9.074960350990295410e-01 4.117577075958251953e-01 -1.971161961555480957e-01
-2.259810268878936768e-01 -3.709391057491302490e-01 -9.007895588874816895e-01 -2.796791076660156250e+01 9.709516167640686035e-01 -9.549960494041442871e-03 -2.394251972436904907e-01 -9.527051925659179688e+00 8.024242520332336426e-02 -9.285654425621032715e-01 3.620148599147796631e-01 -2.902082800865173340e-01
-1.960693001747131348e-01 -3.740030825138092041e-01 -9.064521789550781250e-01 -2.905203437805175781e+01 9.786237478256225586e-01 -2.010029554367065430e-02 -2.031860947608947754e-01 -9.551592826843261719e+00 5.781310796737670898e-02 -9.269176721572875977e-01 3.698920011520385742e-01 -2.069208323955535889e-01
-1.134378761053085327e-01 -3.960507512092590332e-01 -9.111416935920715332e-01 -2.982411956787109375e+01 9.933403134346008301e-01 -1.983141899108886719e-02 -1.148254871368408203e-01 -8.242933273315429688e+00 2.736154198646545410e-02 -9.182480573654174805e-01 3.960302770137786865e-01 6.400123238563537598e-02
-3.243718445301055908e-01 -3.830388784408569336e-01 -8.648192286491394043e-01 -3.041829109191894531e+01 9.453169107437133789e-01 -9.446430206298828125e-02 -3.126765787601470947e-01 -8.694700241088867188e+00 3.804707527160644531e-02 -9.188674092292785645e-01 3.925734758377075195e-01 -2.254713773727416992e-01
-2.619339823722839355e-01 -3.833723664283752441e-01 -8.856897354125976562e-01 -3.081240081787109375e+01 9.648160934448242188e-01 -8.526882529258728027e-02 -2.483892440795898438e-01 -7.489255905151367188e+00 1.971164345741271973e-02 -9.199749827384948730e-01 3.925929665565490723e-01 -1.095101237297058105e-01
-2.410655170679092407e-01 -3.640708923339843750e-01 -8.995893001556396484e-01 -3.295254898071289062e+01 9.696410298347473145e-01 -5.568587779998779297e-02 -2.373709678649902344e-01 -7.088900566101074219e+00 3.632083535194396973e-02 -9.294921159744262695e-01 3.666091859340667725e-01 -1.996773183345794678e-01
-1.159648597240447998e-02 -3.268377184867858887e-01 -9.450572133064270020e-01 -3.287917709350585938e+01 9.996499419212341309e-01 2.039027214050292969e-02 -1.898068189620971680e-02 -6.011162281036376953e+00 2.552413940429687500e-02 -9.450194239616394043e-01 3.266813457012176514e-01 9.286750853061676025e-02
1.135925948619842529e-02 -3.992836475372314453e-01 -9.165855646133422852e-01 -3.300745773315429688e+01 9.993712902069091797e-01 2.999186515808105469e-02 -5.724430084228515625e-04 -5.460124015808105469e+00 2.775084972381591797e-02 -9.163219332695007324e-01 3.997744023799896240e-01 2.369157224893569946e-01
-6.963729858398437500e-03 -3.814421892166137695e-01 -9.244422316551208496e-01 -3.498342514038085938e+01 9.986107349395751953e-01 4.588150978088378906e-02 -2.562785148620605469e-02 -5.272503852844238281e+00 5.171740055084228516e-02 -9.230805635452270508e-01 3.806085586547851562e-01 2.331681698560714722e-01
-2.588611841201782227e-02 -3.600536286830902100e-01 -9.323198199272155762e-01 -3.544275283813476562e+01 9.973334670066833496e-01 5.862283706665039062e-02 -5.055934190750122070e-02 -3.804521083831787109e+00 7.290631532669067383e-02 -9.310594797134399414e-01 3.571671843528747559e-01 1.845501959323883057e-01
-3.347986936569213867e-02 -3.729987144470214844e-01 -9.272732734680175781e-01 -3.644923400878906250e+01 9.966241121292114258e-01 5.831003189086914062e-02 -5.946810543537139893e-02 -3.812632799148559570e+00 7.637482881546020508e-02 -9.260691404342651367e-01 3.701539039611816406e-01 2.816917300224304199e-01
