-8.529053926467895508e-01 -1.060431823134422302e-01 -5.111821889877319336e-01 -5.896550655364990234e+00 5.167497992515563965e-01 -3.210928663611412048e-02 -8.555341362953186035e-01 -3.370648193359375000e+01 7.430986315011978149e-02 -9.938429594039916992e-01 8.218397945165634155e-02 -2.470350503921508789e+00
-8.530312180519104004e-01 -1.075204238295555115e-01 -5.106632709503173828e-01 -5.882900714874267578e+00 5.163542032241821289e-01 -3.213169425725936890e-02 -8.557720184326171875e-01 -3.368658065795898438e+01 7.560449838638305664e-02 -9.936834573745727539e-01 8.292796462774276733e-02 -2.478915929794311523e+00
-8.529487252235412598e-01 -1.098670437932014465e-01 -5.103014111518859863e-01 -5.891237735748291016e+00 5.164643526077270508e-01 -3.569709509611129761e-02 -8.555642366409301758e-01 -3.368481826782226562e+01 7.578203082084655762e-02 -9.933050274848937988e-01 8.719021081924438477e-02 -2.483404874801635742e+00
-8.545990586280822754e-01 -1.224387288093566895e-01 -5.046475529670715332e-01 -5.895791530609130859e+00 5.140654444694519043e-01 -6.198741123080253601e-02 -8.555081486701965332e-01 -3.369963073730468750e+01 7.346553355455398560e-02 -9.905384778976440430e-01 1.159158796072006226e-01 -2.491605758666992188e+00
-8.567202687263488770e-01 -1.452432870864868164e-01 -4.949089288711547852e-01 -5.923717021942138672e+00 5.103180408477783203e-01 -9.940657019615173340e-02 -8.542212247848510742e-01 -3.371763229370117188e+01 7.487269490957260132e-02 -9.843894839286804199e-01 1.592838764190673828e-01 -2.495183467864990234e+00
-8.566802144050598145e-01 -1.733318269252777100e-01 -4.858550727367401123e-01 -5.977839946746826172e+00 5.114029645919799805e-01 -1.619985997676849365e-01 -8.439333438873291016e-01 -3.371314239501953125e+01 6.757266819477081299e-02 -9.714486002922058105e-01 2.274233996868133545e-01 -2.530893087387084961e+00
-8.538322448730468750e-01 -2.047617286443710327e-01 -4.785843491554260254e-01 -6.007258415222167969e+00 5.159670114517211914e-01 -2.112010270357131958e-01 -8.301638364791870117e-01 -3.378364944458007812e+01 6.890825927257537842e-02 -9.557545781135559082e-01 2.859806120395660400e-01 -2.539336204528808594e+00
-8.556455373764038086e-01 -2.371318787336349487e-01 -4.600424170494079590e-01 -5.991796493530273438e+00 5.124586820602416992e-01 -2.636507749557495117e-01 -8.172357678413391113e-01 -3.394582748413085938e+01 7.250210642814636230e-02 -9.350169301033020020e-01 3.471119701862335205e-01 -2.488134860992431641e+00
-8.598979711532592773e-01 -2.700797915458679199e-01 -4.331653714179992676e-01 -5.984313011169433594e+00 5.052102208137512207e-01 -3.288218677043914795e-01 -7.978964447975158691e-01 -3.387165451049804688e+01 7.306145131587982178e-02 -9.049491286277770996e-01 4.192003309726715088e-01 -2.523479938507080078e+00
-8.603991866111755371e-01 -3.103548586368560791e-01 -4.042190015316009521e-01 -5.961995601654052734e+00 5.034261941909790039e-01 -3.943153023719787598e-01 -7.688156366348266602e-01 -3.384893035888671875e+01 7.921592891216278076e-02 -8.649827837944030762e-01 4.955093264579772949e-01 -2.555658578872680664e+00
-8.655437827110290527e-01 -3.244898915290832520e-01 -3.814973533153533936e-01 -5.990585327148437500e+00 4.950234889984130859e-01 -4.385951161384582520e-01 -7.500573992729187012e-01 -3.390435791015625000e+01 7.606317102909088135e-02 -8.380576968193054199e-01 5.402534604072570801e-01 -2.553146600723266602e+00
-9.089254140853881836e-01 -2.768217623233795166e-01 -3.118080496788024902e-01 -6.011425495147705078e+00 4.083520472049713135e-01 -4.398303627967834473e-01 -7.998735904693603516e-01 -3.365436553955078125e+01 8.427975326776504517e-02 -8.543530106544494629e-01 5.128137469291687012e-01 -2.631646394729614258e+00
-9.649507999420166016e-01 -1.813810169696807861e-01 -1.896600723266601562e-01 -6.286672592163085938e+00 2.545343935489654541e-01 -4.709110260009765625e-01 -8.446627259254455566e-01 -3.350802230834960938e+01 6.389274448156356812e-02 -8.633329272270202637e-01 5.005736351013183594e-01 -2.532341480255126953e+00
-9.977501034736633301e-01 -5.736581981182098389e-02 3.469732776284217834e-02 -6.352588653564453125e+00 -1.356139592826366425e-02 -3.341494500637054443e-01 -9.424225091934204102e-01 -3.332067871093750000e+01 6.565701961517333984e-02 -9.407726526260375977e-01 3.326196670532226562e-01 -2.471563816070556641e+00
-9.879859685897827148e-01 -4.131003841757774353e-02 1.489203721284866333e-01 -6.236670494079589844e+00 -1.401553153991699219e-01 -1.665170788764953613e-01 -9.760269522666931152e-01 -3.274559402465820312e+01 6.511749327182769775e-02 -9.851728081703186035e-01 1.587267071008682251e-01 -2.339721918106079102e+00
-9.802380204200744629e-01 -6.561774760484695435e-02 1.866222620010375977e-01 -6.328471183776855469e+00 -1.832497864961624146e-01 -5.417723581194877625e-02 -9.815722703933715820e-01 -3.254553604125976562e+01 7.451925426721572876e-02 -9.963729381561279297e-01 4.108215123414993286e-02 -2.326742172241210938e+00
-9.821212291717529297e-01 -4.431343451142311096e-02 1.829599887132644653e-01 -6.468806743621826172e+00 -1.824842989444732666e-01 -1.458609756082296371e-02 -9.831005334854125977e-01 -3.205770874023437500e+01 4.623323678970336914e-02 -9.989112019538879395e-01 6.238808855414390564e-03 -2.250478506088256836e+00
-9.843103885650634766e-01 -6.652783602476119995e-02 1.634233891963958740e-01 -6.583575725555419922e+00 -1.631207615137100220e-01 -9.992417879402637482e-03 -9.865555167198181152e-01 -3.172651290893554688e+01 6.726638972759246826e-02 -9.977345466613769531e-01 -1.016433117911219597e-03 -2.250902414321899414e+00
-9.900704622268676758e-01 -1.212000995874404907e-01 -7.121076434850692749e-02 -6.427148342132568359e+00 7.791089266538619995e-02 -5.146558955311775208e-02 -9.956309795379638672e-01 -3.097103881835937500e+01 1.170056685805320740e-01 -9.912930130958557129e-01 6.039737537503242493e-02 -1.418244481086730957e+00
-9.542710185050964355e-01 -1.116571575403213501e-01 -2.773078083992004395e-01 -6.407882690429687500e+00 2.828579843044281006e-01 -3.706724196672439575e-02 -9.584453701972961426e-01 -3.069169616699218750e+01 9.673824161291122437e-02 -9.930552244186401367e-01 6.695530563592910767e-02 -1.654966592788696289e+00
-8.660745620727539062e-01 -1.139919832348823547e-01 -4.867450296878814697e-01 -6.299170494079589844e+00 4.853501617908477783e-01 4.158089682459831238e-02 -8.733305931091308594e-01 -3.048599052429199219e+01 1.197919845581054688e-01 -9.926111102104187012e-01 1.931386440992355347e-02 -2.095118522644042969e+00
-8.392286896705627441e-01 -1.293489187955856323e-01 -5.281706452369689941e-01 -6.755256175994873047e+00 5.356385707855224609e-01 -2.920559607446193695e-02 -8.439421653747558594e-01 -2.999604415893554688e+01 9.373747557401657104e-02 -9.911689758300781250e-01 9.379443526268005371e-02 -2.102897167205810547e+00
-9.253145456314086914e-01 -1.208751723170280457e-01 -3.594191968441009521e-01 -7.253274440765380859e+00 3.717269897460937500e-01 -1.018933057785034180e-01 -9.227333664894104004e-01 -2.936458396911621094e+01 7.491313666105270386e-02 -9.874243736267089844e-01 1.392159461975097656e-01 -2.274105548858642578e+00
-9.376131892204284668e-01 -1.360781192779541016e-01 -3.199442028999328613e-01 -7.614771366119384766e+00 3.403038084506988525e-01 -1.706357747316360474e-01 -9.247035980224609375e-01 -2.896912574768066406e+01 7.123800367116928101e-02 -9.758924841880798340e-01 2.062982469797134399e-01 -2.014363527297973633e+00
-9.500558376312255859e-01 -1.471412032842636108e-01 -2.752152979373931885e-01 -8.053318023681640625e+00 2.996943891048431396e-01 -1.841811835765838623e-01 -9.360879063606262207e-01 -2.843554306030273438e+01 8.704762160778045654e-02 -9.718162417411804199e-01 2.190798223018646240e-01 -1.969835758209228516e+00
-9.656668901443481445e-01 -1.562318652868270874e-01 -2.075549364089965820e-01 -8.471871376037597656e+00 2.336251139640808105e-01 -1.728720366954803467e-01 -9.568357467651367188e-01 -2.787557601928710938e+01 1.136077865958213806e-01 -9.724745750427246094e-01 2.034364938735961914e-01 -1.882205367088317871e+00
-9.407220482826232910e-01 -1.417950987815856934e-01 -3.081173896789550781e-01 -8.908755302429199219e+00 3.328427374362945557e-01 -2.111600935459136963e-01 -9.190359711647033691e-01 -2.751843452453613281e+01 6.525271385908126831e-02 -9.671119451522827148e-01 2.458384186029434204e-01 -1.777427911758422852e+00
-9.086038470268249512e-01 -1.972128003835678101e-01 -3.681659400463104248e-01 -9.362721443176269531e+00 4.062415659427642822e-01 -2.126000970602035522e-01 -8.886895179748535156e-01 -2.700556564331054688e+01 9.698884189128875732e-02 -9.570309519767761230e-01 2.732853293418884277e-01 -1.885694384574890137e+00
-8.926044702529907227e-01 -1.827988922595977783e-01 -4.121188819408416748e-01 -9.995632171630859375e+00 4.462238848209381104e-01 -2.277251332998275757e-01 -8.654626607894897461e-01 -2.656068992614746094e+01 6.435579061508178711e-02 -9.564130306243896484e-01 2.848376929759979248e-01 -1.816951036453247070e+00
-9.065169692039489746e-01 -1.719729155302047729e-01 -3.855546414852142334e-01 -1.048508930206298828e+01 4.180782735347747803e-01 -2.388591915369033813e-01 -8.764455914497375488e-01 -2.606608772277832031e+01 5.863163247704505920e-02 -9.557047486305236816e-01 2.884280085563659668e-01 -1.955132126808166504e+00
-8.797437548637390137e-01 -1.781561225652694702e-01 -4.408074915409088135e-01 -1.104965496063232422e+01 4.743427634239196777e-01 -2.657023668289184570e-01 -8.392860889434814453e-01 -2.573242378234863281e+01 3.240033611655235291e-02 -9.474506974220275879e-01 3.182570934295654297e-01 -1.824431180953979492e+00
-9.164831042289733887e-01 -1.760417371988296509e-01 -3.592605888843536377e-01 -1.170301342010498047e+01 3.971323370933532715e-01 -2.916221022605895996e-01 -8.701968789100646973e-01 -2.528374862670898438e+01 4.842266067862510681e-02 -9.401944875717163086e-01 3.371785581111907959e-01 -1.882764458656311035e+00
-9.560473561286926270e-01 -1.259716451168060303e-01 -2.647727727890014648e-01 -1.222664356231689453e+01 2.906048893928527832e-01 -2.869315743446350098e-01 -9.128082990646362305e-01 -2.486761474609375000e+01 3.901628404855728149e-02 -9.496322274208068848e-01 3.109281361103057861e-01 -1.781778812408447266e+00
-9.888706803321838379e-01 -8.588650077581405640e-02 -1.214835271239280701e-01 -1.280577564239501953e+01 1.380006670951843262e-01 -2.243947237730026245e-01 -9.646775722503662109e-01 -2.437400436401367188e+01 5.559253320097923279e-02 -9.707062840461730957e-01 2.337498068809509277e-01 -1.831028223037719727e+00
-9.955346584320068359e-01 -9.433967620134353638e-02 -3.293349640443921089e-03 -1.353536128997802734e+01 1.413592603057622910e-02 -1.144953593611717224e-01 -9.933231472969055176e-01 -2.409729003906250000e+01 9.333270788192749023e-02 -9.889342188835144043e-01 1.153176724910736084e-01 -1.748457193374633789e+00
-9.876176118850708008e-01 -1.864104531705379486e-02 1.557689309120178223e-01 -1.409670734405517578e+01 -1.538449525833129883e-01 -7.928878068923950195e-02 -9.849086999893188477e-01 -2.389940834045410156e+01 3.071045503020286560e-02 -9.966773390769958496e-01 7.543914020061492920e-02 -1.874491691589355469e+00
-9.930235743522644043e-01 -1.107383742928504944e-01 4.051293805241584778e-02 -1.432329845428466797e+01 -2.847151271998882294e-02 -1.082322075963020325e-01 -9.937179088592529297e-01 -2.304435539245605469e+01 1.144275143742561340e-01 -9.879385828971862793e-01 1.043242216110229492e-01 -9.665484428405761719e-01
-9.265288710594177246e-01 -1.559465825557708740e-01 -3.423813581466674805e-01 -1.465244293212890625e+01 3.617469668388366699e-01 -1.192528456449508667e-01 -9.246177077293395996e-01 -2.275585746765136719e+01 1.033610254526138306e-01 -9.805403351783752441e-01 1.669043898582458496e-01 -6.680896282196044922e-01
-6.287572979927062988e-01 -1.603006422519683838e-01 -7.608994841575622559e-01 -1.548825168609619141e+01 7.666752934455871582e-01 3.566557541489601135e-02 -6.410436630249023438e-01 -2.306839942932128906e+01 1.298976391553878784e-01 -9.864237904548645020e-01 1.004735305905342102e-01 -2.734057664871215820e+00
-3.783945441246032715e-01 -2.077779471874237061e-01 -9.020231962203979492e-01 -1.574542808532714844e+01 9.193778038024902344e-01 2.883791923522949219e-02 -3.923173546791076660e-01 -2.243235397338867188e+01 1.075273826718330383e-01 -9.777507781982421875e-01 1.801143139600753784e-01 -1.664837121963500977e+00
-4.474644362926483154e-01 -3.094073534011840820e-01 -8.390725255012512207e-01 -1.600220489501953125e+01 8.896816372871398926e-01 -5.876590684056282043e-02 -4.527836441993713379e-01 -2.183222770690917969e+01 9.078572690486907959e-02 -9.491120576858520508e-01 3.015697300434112549e-01 -1.614675521850585938e+00
-5.471673607826232910e-01 -2.571544349193572998e-01 -7.965422272682189941e-01 -1.632894515991210938e+01 8.346906900405883789e-01 -9.663961827754974365e-02 -5.421736240386962891e-01 -2.125927162170410156e+01 6.244479864835739136e-02 -9.615260362625122070e-01 2.675223946571350098e-01 -1.318160891532897949e+00
-8.037337064743041992e-01 -1.250013858079910278e-01 -5.817102193832397461e-01 -1.682419013977050781e+01 5.931403636932373047e-01 -9.132055938243865967e-02 -7.999031543731689453e-01 -2.094423866271972656e+01 4.686689376831054688e-02 -9.879450201988220215e-01 1.475407779216766357e-01 -1.514242291450500488e+00
-9.445486664772033691e-01 -8.176765590906143188e-02 -3.180279731750488281e-01 -1.747751998901367188e+01 3.244763314723968506e-01 -8.368337154388427734e-02 -9.421847462654113770e-01 -2.030257797241210938e+01 5.042659118771553040e-02 -9.931319355964660645e-01 1.055746898055076599e-01 -1.615292787551879883e+00
-9.922789335250854492e-01 -6.170437857508659363e-02 -1.075875610113143921e-01 -1.822395515441894531e+01 1.110955551266670227e-01 -5.655314028263092041e-02 -9.921994209289550781e-01 -2.003606224060058594e+01 5.513863638043403625e-02 -9.964909553527832031e-01 6.297157704830169678e-02 -1.563109874725341797e+00
-9.914635419845581055e-01 -1.239523142576217651e-01 -4.044708609580993652e-02 -1.819035720825195312e+01 5.300483480095863342e-02 -9.974888712167739868e-02 -9.935997724533081055e-01 -1.947518730163574219e+01 1.191244497895240784e-01 -9.872618913650512695e-01 1.054674461483955383e-01 -9.202953577041625977e-01
-9.649172425270080566e-01 -1.292484849691390991e-01 -2.285378277301788330e-01 -1.863058090209960938e+01 2.390776723623275757e-01 -7.275620847940444946e-02 -9.682708382606506348e-01 -1.916301345825195312e+01 1.085199937224388123e-01 -9.889395236968994141e-01 1.011041551828384399e-01 -8.967369198799133301e-01
-9.414733052253723145e-01 -1.492722779512405396e-01 -3.022346794605255127e-01 -1.923636436462402344e+01 3.120948970317840576e-01 -4.719737544655799866e-02 -9.488778710365295410e-01 -1.892067337036132812e+01 1.273764520883560181e-01 -9.876690506935119629e-01 9.102217853069305420e-02 -1.044215559959411621e+00
-8.777233362197875977e-01 -1.563547402620315552e-01 -4.529403150081634521e-01 -1.966332817077636719e+01 4.636968076229095459e-01 -3.889901190996170044e-02 -8.851396441459655762e-01 -1.862170600891113281e+01 1.207768470048904419e-01 -9.869347810745239258e-01 1.066437810659408569e-01 -8.741018772125244141e-01
-8.396769165992736816e-01 -1.350153237581253052e-01 -5.260356664657592773e-01 -2.011530113220214844e+01 5.344550609588623047e-01 -3.343168646097183228e-02 -8.445354104042053223e-01 -1.821429634094238281e+01 9.643896669149398804e-02 -9.902793169021606445e-01 1.002314388751983643e-01 -8.873779177665710449e-01
-7.295204401016235352e-01 -1.632658839225769043e-01 -6.641867756843566895e-01 -2.058138465881347656e+01 6.736534833908081055e-01 -3.578229807317256927e-03 -7.390386462211608887e-01 -1.791644477844238281e+01 1.182831823825836182e-01 -9.865756034851074219e-01 1.125950142741203308e-01 -8.036721944808959961e-01
-6.339358091354370117e-01 -1.944948285818099976e-01 -7.485299706459045410e-01 -2.105850219726562500e+01 7.675997018814086914e-01 -4.006344452500343323e-02 -6.396760940551757812e-01 -1.747528266906738281e+01 9.442500025033950806e-02 -9.800850152969360352e-01 1.746918261051177979e-01 -1.155778050422668457e+00
-6.430420875549316406e-01 -2.079464942216873169e-01 -7.370584607124328613e-01 -2.159621047973632812e+01 7.615154981613159180e-01 -7.159491628408432007e-02 -6.441804170608520508e-01 -1.692406082153320312e+01 8.118541538715362549e-02 -9.755164384841918945e-01 2.043930292129516602e-01 -9.242712259292602539e-01
-5.819544792175292969e-01 -2.406886667013168335e-01 -7.767869830131530762e-01 -2.204559898376464844e+01 8.063896894454956055e-01 -4.723992571234703064e-02 -5.894948244094848633e-01 -1.632020950317382812e+01 1.051893681287765503e-01 -9.694522023200988770e-01 2.215803265571594238e-01 -1.023604750633239746e+00
-5.652853846549987793e-01 -3.177357614040374756e-01 -7.612466216087341309e-01 -2.257344055175781250e+01 8.215228319168090820e-01 -1.334836184978485107e-01 -5.543306469917297363e-01 -1.589649963378906250e+01 7.451670616865158081e-02 -9.387363791465759277e-01 3.364835679531097412e-01 -1.012657046318054199e+00
-5.275409221649169922e-01 -3.423123061656951904e-01 -7.775106430053710938e-01 -2.289847564697265625e+01 8.476749062538146973e-01 -1.516611725091934204e-01 -5.083760023117065430e-01 -1.552617740631103516e+01 5.610517039895057678e-02 -9.272654652595520020e-01 3.701770603656768799e-01 -1.019026994705200195e+00
-3.534559011459350586e-01 -4.289172887802124023e-01 -8.313235640525817871e-01 -2.328978347778320312e+01 9.306038618087768555e-01 -7.087281346321105957e-02 -3.591008484363555908e-01 -1.491912651062011719e+01 9.510632604360580444e-02 -9.005593061447143555e-01 4.242025017738342285e-01 -1.132769584655761719e+00
-2.751098573207855225e-01 -5.149052739143371582e-01 -8.119033575057983398e-01 -2.374614906311035156e+01 9.591731429100036621e-01 -8.938742429018020630e-02 -2.683223783969879150e-01 -1.434952163696289062e+01 6.558670103549957275e-02 -8.525739908218383789e-01 5.184746384620666504e-01 -8.485115766525268555e-01
-4.632398486137390137e-01 -4.834959805011749268e-01 -7.427250742912292480e-01 -2.387084007263183594e+01 8.839013576507568359e-01 -1.913090646266937256e-01 -4.267543852329254150e-01 -1.364922523498535156e+01 6.424398720264434814e-02 -8.541852831840515137e-01 5.159847140312194824e-01 -7.046847939491271973e-01
-5.355368852615356445e-01 -4.357639551162719727e-01 -7.234016656875610352e-01 -2.419902610778808594e+01 8.392161130905151367e-01 -1.788236647844314575e-01 -5.135546326637268066e-01 -1.326819705963134766e+01 9.442725777626037598e-02 -8.821178674697875977e-01 4.614668190479278564e-01 -7.317541241645812988e-01
-6.404887437820434570e-01 -3.522727787494659424e-01 -6.824060678482055664e-01 -2.432076072692871094e+01 7.618479132652282715e-01 -1.795023530721664429e-01 -6.223878860473632812e-01 -1.249406051635742188e+01 9.675680845975875854e-02 -9.185220003128051758e-01 3.833475410938262939e-01 -6.504125595092773438e-01
-7.077770233154296875e-01 -3.197396695613861084e-01 -6.299351453781127930e-01 -2.450694465637207031e+01 6.973338723182678223e-01 -1.735375076532363892e-01 -6.954209208488464355e-01 -1.191324520111083984e+01 1.130362823605537415e-01 -9.314780235290527344e-01 3.457911312580108643e-01 -4.366779327392578125e-01
-6.344002485275268555e-01 -3.298932909965515137e-01 -6.990756988525390625e-01 -2.446355628967285156e+01 7.610553503036499023e-01 -1.081565991044044495e-01 -6.396068334579467773e-01 -1.149434566497802734e+01 1.353923529386520386e-01 -9.378019571304321289e-01 3.196816444396972656e-01 -7.782011032104492188e-01
-2.755787670612335205e-01 -3.764840662479400635e-01 -8.844863772392272949e-01 -2.470754814147949219e+01 9.509243965148925781e-01 2.791651897132396698e-02 -3.081614375114440918e-01 -1.127407932281494141e+01 1.407096683979034424e-01 -9.260023236274719238e-01 3.503146469593048096e-01 -6.463018655776977539e-01
4.256021603941917419e-02 -3.113290369510650635e-01 -9.493485689163208008e-01 -2.475428581237792969e+01 9.903141856193542480e-01 1.388403922319412231e-01 -1.134613878093659878e-03 -1.071892738342285156e+01 1.321611404418945312e-01 -9.401050209999084473e-01 3.142226338386535645e-01 -4.814248979091644287e-01
8.255521208047866821e-02 -3.892548978328704834e-01 -9.174231886863708496e-01 -2.464832878112792969e+01 9.919196963310241699e-01 1.210785508155822754e-01 3.788627684116363525e-02 -1.018475818634033203e+01 9.633285552263259888e-02 -9.131377339363098145e-01 3.961052298545837402e-01 -5.881628394126892090e-01
1.015456300228834152e-02 -4.080141484737396240e-01 -9.129190444946289062e-01 -2.495152854919433594e+01 9.986798167228698730e-01 5.011250823736190796e-02 -1.128856092691421509e-02 -9.756113052368164062e+00 5.035452917218208313e-02 -9.115992188453674316e-01 4.079843461513519287e-01 -3.399047553539276123e-01
-2.559769749641418457e-01 -3.521537184715270996e-01 -9.002574682235717773e-01 -2.533607101440429688e+01 9.649454951286315918e-01 -3.727342933416366577e-02 -2.597899138927459717e-01 -9.300427436828613281e+00 5.793033912777900696e-02 -9.351996779441833496e-01 3.493503332138061523e-01 -2.455073893070220947e-01
-2.939388751983642578e-01 -3.485340774059295654e-01 -8.900133967399597168e-01 -2.595143699645996094e+01 9.482491016387939453e-01 1.066484954208135605e-02 -3.173483014106750488e-01 -9.134193420410156250e+00 1.200985759496688843e-01 -9.372353553771972656e-01 3.273623287677764893e-01 -9.689275920391082764e-02
-4.058035612106323242e-01 -3.070683479309082031e-01 -8.608324527740478516e-01 -2.665991783142089844e+01 9.107011556625366211e-01 -5.638387426733970642e-02 -4.091993868350982666e-01 -8.572194099426269531e+00 7.711511850357055664e-02 -9.500157237052917480e-01 3.025282919406890869e-01 -3.026208281517028809e-01
-4.396124482154846191e-01 -2.753991186618804932e-01 -8.549247384071350098e-01 -2.727608680725097656e+01 8.970499038696289062e-01 -8.672837167978286743e-02 -4.333356022834777832e-01 -8.272299766540527344e+00 4.519400745630264282e-02 -9.574097990989685059e-01 2.851736247539520264e-01 -3.316523134708404541e-01
-4.166370332241058350e-01 -2.415553331375122070e-01 -8.763929605484008789e-01 -2.791564750671386719e+01 9.063858389854431152e-01 -3.631121665239334106e-02 -4.208874404430389404e-01 -7.927608966827392578e+00 6.984470784664154053e-02 -9.697075486183166504e-01 2.340709418058395386e-01 -3.473082780838012695e-01
-4.075830876827239990e-01 -3.316204845905303955e-01 -8.508254289627075195e-01 -2.862008476257324219e+01 9.064952731132507324e-01 -3.450196608901023865e-02 -4.208038747310638428e-01 -7.727420330047607422e+00 1.101920232176780701e-01 -9.427817463874816895e-01 3.146748244762420654e-01 -3.643211722373962402e-01
-2.635501325130462646e-01 -3.207949399948120117e-01 -9.097427725791931152e-01 -2.934106445312500000e+01 9.572166204452514648e-01 2.984895370900630951e-02 -2.878286242485046387e-01 -7.532429695129394531e+00 1.194888353347778320e-01 -9.466781616210937500e-01 2.992036044597625732e-01 -3.353558480739593506e-01
-3.986806273460388184e-01 -3.011152446269989014e-01 -8.662467598915100098e-01 -3.000241279602050781e+01 9.114388823509216309e-01 -2.539947256445884705e-02 -4.106507599353790283e-01 -7.091474533081054688e+00 1.016509979963302612e-01 -9.532494544982910156e-01 2.845744192600250244e-01 -2.646041810512542725e-01
-2.799386978149414062e-01 -2.989010810852050781e-01 -9.123006463050842285e-01 -3.073890304565429688e+01 9.550798535346984863e-01 9.550930932164192200e-03 -2.961947321891784668e-01 -6.982886791229248047e+00 9.724624454975128174e-02 -9.542362689971923828e-01 2.828007042407989502e-01 -1.780640333890914917e-01
-2.243657857179641724e-01 -3.039814233779907227e-01 -9.258808493614196777e-01 -3.122725486755371094e+01 9.683445096015930176e-01 3.711844608187675476e-02 -2.468423992395401001e-01 -6.438299179077148438e+00 1.094027534127235413e-01 -9.519546031951904297e-01 2.860306203365325928e-01 -2.798794507980346680e-01
-1.395309120416641235e-01 -3.501828908920288086e-01 -9.262305498123168945e-01 -3.178910064697265625e+01 9.840604662895202637e-01 5.511156842112541199e-02 -1.690788269042968750e-01 -6.168804645538330078e+00 1.102545782923698425e-01 -9.350585937500000000e-01 3.369114100933074951e-01 -9.589569270610809326e-02
-2.158570885658264160e-01 -3.369802832603454590e-01 -9.164332747459411621e-01 -3.237164306640625000e+01 9.657298326492309570e-01 6.485441327095031738e-02 -2.513159811496734619e-01 -5.725552558898925781e+00 1.441232711076736450e-01 -9.392752647399902344e-01 3.114326596260070801e-01 -3.734140694141387939e-01
-1.121436245739459991e-02 -3.672076165676116943e-01 -9.300714135169982910e-01 -3.302938079833984375e+01 9.912809729576110840e-01 1.180389821529388428e-01 -5.855601653456687927e-02 -5.652767658233642578e+00 1.312869191169738770e-01 -9.226187467575073242e-01 3.626821935176849365e-01 -1.085502281785011292e-01
-2.709357254207134247e-02 -3.503953516483306885e-01 -9.362099766731262207e-01 -3.296072769165039062e+01 9.907720088958740234e-01 1.150106415152549744e-01 -7.171763479709625244e-02 -5.220905303955078125e+00 1.328036785125732422e-01 -9.295136928558349609e-01 3.440458178520202637e-01 -3.693385422229766846e-02
8.094175718724727631e-03 -3.606933057308197021e-01 -9.326493740081787109e-01 -3.337021636962890625e+01 9.821876883506774902e-01 1.779635995626449585e-01 -6.030164286494255066e-02 -5.163536071777343750e+00 1.877280175685882568e-01 -9.155486822128295898e-01 3.557089865207672119e-01 -2.384487986564636230e-01
2.009958028793334961e-02 -3.604378700256347656e-01 -9.325667023658752441e-01 -3.374342727661132812e+01 9.865280985832214355e-01 1.586155146360397339e-01 -4.004237428307533264e-02 -5.605414390563964844e+00 1.623523384332656860e-01 -9.191983342170715332e-01 3.587702214717864990e-01 -7.016066461801528931e-02
8.204046636819839478e-02 -2.683233022689819336e-01 -9.598292112350463867e-01 -3.373569107055664062e+01 9.913487434387207031e-01 1.209767460823059082e-01 5.091508105397224426e-02 -5.719360351562500000e+00 1.024552807211875916e-01 -9.557024836540222168e-01 2.759269773960113525e-01 -1.525101214647293091e-01
9.580039978027343750e-02 -1.802552044391632080e-01 -9.789434671401977539e-01 -3.359112167358398438e+01 9.897027611732482910e-01 1.223260387778282166e-01 7.432916015386581421e-02 -5.617934226989746094e+00 1.063520684838294983e-01 -9.759839177131652832e-01 1.901179850101470947e-01 -8.587308973073959351e-02
6.680835783481597900e-02 -1.695887893438339233e-01 -9.832477569580078125e-01 -3.362255859375000000e+01 9.927485585212707520e-01 1.099989339709281921e-01 4.848146066069602966e-02 -5.659486293792724609e+00 9.993431717157363892e-02 -9.793568253517150879e-01 1.757079213857650757e-01 -1.175862550735473633e-01
2.062207274138927460e-02 -1.247118413448333740e-01 -9.919787049293518066e-01 -3.362285232543945312e+01 9.956746697425842285e-01 9.246448427438735962e-02 9.074283763766288757e-03 -5.662753582000732422e+00 9.059112519025802612e-02 -9.878751635551452637e-01 1.260792165994644165e-01 -4.415575414896011353e-02
-9.754948318004608154e-02 -1.287067383527755737e-01 -9.868732094764709473e-01 -3.356142425537109375e+01 9.890418648719787598e-01 9.787493944168090820e-02 -1.105285584926605225e-01 -5.585704326629638672e+00 1.108159124851226807e-01 -9.868409633636474609e-01 1.177487075328826904e-01 -5.266690626740455627e-02
-2.418046072125434875e-02 -1.151361241936683655e-01 -9.930554628372192383e-01 -4.636823654174804688e+01 9.895505309104919434e-01 1.384835392236709595e-01 -4.015112295746803284e-02 2.715649366378784180e+00 1.421446651220321655e-01 -9.836492538452148438e-01 1.105844005942344666e-01 1.068729758262634277e+00
-2.594014629721641541e-02 -1.175010725855827332e-01 -9.927339553833007812e-01 -4.635920333862304688e+01 9.890289902687072754e-01 1.414502263069152832e-01 -4.258543998003005981e-02 2.710613250732421875e+00 1.454262733459472656e-01 -9.829472899436950684e-01 1.125427484512329102e-01 1.067940950393676758e+00
-2.811393886804580688e-02 -1.201974675059318542e-01 -9.923519492149353027e-01 -4.634886550903320312e+01 9.889925122261047363e-01 1.409284174442291260e-01 -4.508858919143676758e-02 2.743224859237670898e+00 1.452701091766357422e-01 -9.826962351799011230e-01 1.149123311042785645e-01 1.041572451591491699e+00
-3.467865288257598877e-02 -1.586979478597640991e-01 -9.867179989814758301e-01 -4.631921768188476562e+01 9.891088604927062988e-01 1.358622461557388306e-01 -5.661394074559211731e-02 2.806972980499267578e+00 1.430422514677047729e-01 -9.779346585273742676e-01 1.522580236196517944e-01 1.076302170753479004e+00
-1.023179143667221069e-01 -1.626023203134536743e-01 -9.813723564147949219e-01 -4.597929382324218750e+01 9.848477244377136230e-01 1.223082691431045532e-01 -1.229454278945922852e-01 3.233048677444458008e+00 1.400211751461029053e-01 -9.790817499160766602e-01 1.476241946220397949e-01 1.058302283287048340e+00
-1.943029463291168213e-01 -1.964152902364730835e-01 -9.610762596130371094e-01 -4.558474731445312500e+01 9.664155840873718262e-01 1.296541839838027954e-01 -2.218799293041229248e-01 3.564305782318115234e+00 1.681881397962570190e-01 -9.719108939170837402e-01 1.646266132593154907e-01 1.096846699714660645e+00
4.454057291150093079e-02 -2.518795430660247803e-01 -9.667330384254455566e-01 -4.549530792236328125e+01 9.898561239242553711e-01 1.418093442916870117e-01 8.657836355268955231e-03 3.987873792648315430e+00 1.349110454320907593e-01 -9.573122262954711914e-01 2.556408047676086426e-01 1.131126999855041504e+00
3.878956288099288940e-02 -2.937700450420379639e-01 -9.550887942314147949e-01 -4.514839935302734375e+01 9.917870759963989258e-01 1.278957426548004150e-01 9.412589133717119694e-04 4.500478744506835938e+00 1.218752637505531311e-01 -9.472813606262207031e-01 2.963184118270874023e-01 1.129143476486206055e+00
1.107655372470617294e-02 -3.270510435104370117e-01 -9.449417591094970703e-01 -4.492586135864257812e+01 9.929566383361816406e-01 1.150753498077392578e-01 -2.818902023136615753e-02 5.119140625000000000e+00 1.179587766528129578e-01 -9.379740357398986816e-01 3.260221481323242188e-01 1.206992030143737793e+00
-1.351844817399978638e-01 -3.208179175853729248e-01 -9.374438524246215820e-01 -4.481850814819335938e+01 9.832533597946166992e-01 7.327109575271606445e-02 -1.668657064437866211e-01 5.664991855621337891e+00 1.222210451960563660e-01 -9.443025588989257812e-01 3.055402040481567383e-01 1.289584636688232422e+00
-2.293273210525512695e-01 -2.699592709541320801e-01 -9.351635575294494629e-01 -4.477396011352539062e+01 9.660022258758544922e-01 5.470122024416923523e-02 -2.526806592941284180e-01 6.248925685882568359e+00 1.193680986762046814e-01 -9.613166451454162598e-01 2.482367604970932007e-01 1.357951402664184570e+00
-2.284886538982391357e-01 -2.252087444067001343e-01 -9.471399784088134766e-01 -4.467210769653320312e+01 9.634710550308227539e-01 8.729626238346099854e-02 -2.531855702400207520e-01 6.892858505249023438e+00 1.397013515233993530e-01 -9.703918695449829102e-01 1.970358937978744507e-01 1.372909665107727051e+00
-1.915226429700851440e-01 -2.489873021841049194e-01 -9.493811130523681641e-01 -4.482546234130859375e+01 9.677664637565612793e-01 1.132725700736045837e-01 -2.249387353658676147e-01 7.439610958099365234e+00 1.635457128286361694e-01 -9.618600010871887207e-01 2.192673087120056152e-01 1.487065076828002930e+00
-1.147835850715637207e-01 -2.032729089260101318e-01 -9.723707437515258789e-01 -4.492792892456054688e+01 9.825577139854431152e-01 1.209307014942169189e-01 -1.412664949893951416e-01 8.005795478820800781e+00 1.463051289319992065e-01 -9.716253280639648438e-01 1.858465075492858887e-01 1.539823293685913086e+00
1.176645327359437943e-02 -2.216509729623794556e-01 -9.750550389289855957e-01 -4.493456268310546875e+01 9.881955385208129883e-01 1.515326946973800659e-01 -2.252161316573619843e-02 8.512474060058593750e+00 1.527446508407592773e-01 -9.632801413536071777e-01 2.208175212144851685e-01 1.533623099327087402e+00
1.365854293107986450e-01 -1.563329994678497314e-01 -9.782149195671081543e-01 -4.489319610595703125e+01 9.823217988014221191e-01 1.489821374416351318e-01 1.133494004607200623e-01 9.155884742736816406e+00 1.280162930488586426e-01 -9.764037728309631348e-01 1.739181131124496460e-01 1.594473004341125488e+00
1.028648316860198975e-01 -1.911563575267791748e-01 -9.761546850204467773e-01 -4.470968627929687500e+01 9.876388311386108398e-01 1.363143324851989746e-01 7.738120108842849731e-02 9.721740722656250000e+00 1.182719767093658447e-01 -9.720482230186462402e-01 2.028154134750366211e-01 1.662564277648925781e+00
4.045194387435913086e-02 -1.655004322528839111e-01 -9.853797554969787598e-01 -4.447898864746093750e+01 9.858857989311218262e-01 1.669569611549377441e-01 1.243129558861255646e-02 1.041347026824951172e+01 1.624586284160614014e-01 -9.719747900962829590e-01 1.699182540178298950e-01 1.793428421020507812e+00
2.204193919897079468e-02 -1.647770702838897705e-01 -9.860843420028686523e-01 -4.429445266723632812e+01 9.952822327613830566e-01 9.683308750391006470e-02 6.066414061933755875e-03 1.086627388000488281e+01 9.448599815368652344e-02 -9.815660715103149414e-01 1.661340743303298950e-01 1.663452029228210449e+00
5.735456198453903198e-02 -2.109215110540390015e-01 -9.758188724517822266e-01 -4.411837005615234375e+01 9.930378794670104980e-01 1.127855330705642700e-01 3.398818522691726685e-02 1.124739170074462891e+01 1.028894037008285522e-01 -9.709745049476623535e-01 2.159218043088912964e-01 1.648808598518371582e+00
2.050911262631416321e-02 -2.351631075143814087e-01 -9.717395901679992676e-01 -4.400578308105468750e+01 9.965306520462036133e-01 8.322122693061828613e-02 8.926260052248835564e-04 1.150120162963867188e+01 8.065943419933319092e-02 -9.683865904808044434e-01 2.360540479421615601e-01 1.612227320671081543e+00
-2.685856819152832031e-02 -2.968197762966156006e-01 -9.545557498931884766e-01 -4.387077713012695312e+01 9.940504431724548340e-01 9.290274232625961304e-02 -5.685792863368988037e-02 1.179754924774169922e+01 1.055574417114257812e-01 -9.504036307334899902e-01 2.925585806369781494e-01 1.673632025718688965e+00
-3.198027238249778748e-02 -2.885155379772186279e-01 -9.569409489631652832e-01 -4.343202209472656250e+01 9.900361299514770508e-01 1.222191229462623596e-01 -6.993507593870162964e-02 1.215334224700927734e+01 1.371338367462158203e-01 -9.496427178382873535e-01 2.817322015762329102e-01 1.621193170547485352e+00
-7.260895334184169769e-03 -1.637605577707290649e-01 -9.864733815193176270e-01 -4.213671112060546875e+01 9.961388707160949707e-01 8.512654155492782593e-02 -2.146355994045734406e-02 1.381035900115966797e+01 8.748994767665863037e-02 -9.828203916549682617e-01 1.625101566314697266e-01 1.738538503646850586e+00
-1.355821453034877777e-02 -1.652694046497344971e-01 -9.861552119255065918e-01 -4.209338378906250000e+01 9.963315725326538086e-01 8.110805600881576538e-02 -2.729111723601818085e-02 1.383495140075683594e+01 8.449550718069076538e-02 -9.829075932502746582e-01 1.635634601116180420e-01 1.772113561630249023e+00
-1.679625362157821655e-02 -1.660997867584228516e-01 -9.859658479690551758e-01 -4.207611083984375000e+01 9.964156150817871094e-01 7.898797094821929932e-02 -3.028090670704841614e-02 1.385404586791992188e+01 8.290908485651016235e-02 -9.829403758049011230e-01 1.641777008771896362e-01 1.791000962257385254e+00
-2.543365210294723511e-02 -1.639486700296401978e-01 -9.861409664154052734e-01 -4.202646255493164062e+01 9.968672394752502441e-01 6.974353641271591187e-02 -3.730541095137596130e-02 1.406859016418457031e+01 7.489313185214996338e-02 -9.840003848075866699e-01 1.616611927747726440e-01 1.817468285560607910e+00
-2.429927513003349304e-02 -2.279204428195953369e-01 -9.733765721321105957e-01 -4.167343139648437500e+01 9.914402365684509277e-01 1.194440871477127075e-01 -5.271842703223228455e-02 1.452789974212646484e+01 1.282797008752822876e-01 -9.663257598876953125e-01 2.230671346187591553e-01 2.002940177917480469e+00
6.004820577800273895e-03 -2.545565068721771240e-01 -9.670392870903015137e-01 -4.122176742553710938e+01 9.958174228668212891e-01 8.968864381313323975e-02 -1.742533221840858459e-02 1.501818275451660156e+01 9.116816520690917969e-02 -9.628898501396179199e-01 2.540303468704223633e-01 1.827711701393127441e+00
3.376921266317367554e-02 -3.337014913558959961e-01 -9.420737624168395996e-01 -4.089459991455078125e+01 9.933193922042846680e-01 1.152785643935203552e-01 -5.227852147072553635e-03 1.553906917572021484e+01 1.103454679250717163e-01 -9.356036782264709473e-01 3.353650867938995361e-01 1.871151447296142578e+00
1.513953506946563721e-01 -3.365063369274139404e-01 -9.294314980506896973e-01 -4.054451370239257812e+01 9.818255305290222168e-01 1.600584238767623901e-01 1.019797772169113159e-01 1.604745292663574219e+01 1.144464910030364990e-01 -9.279789328575134277e-01 3.546226322650909424e-01 1.897404789924621582e+00
2.456524521112442017e-01 -3.889747560024261475e-01 -8.878927826881408691e-01 -4.014913940429687500e+01 9.595235586166381836e-01 2.277150452136993408e-01 1.657114326953887939e-01 1.640082359313964844e+01 1.377289593219757080e-01 -8.926614522933959961e-01 4.291692376136779785e-01 1.855329155921936035e+00
2.941787838935852051e-01 -4.102900028228759766e-01 -8.632038235664367676e-01 -3.984529876708984375e+01 9.488089084625244141e-01 2.340243756771087646e-01 2.121185511350631714e-01 1.700263977050781250e+01 1.149806082248687744e-01 -8.814162611961364746e-01 4.581318199634552002e-01 1.882642269134521484e+00
2.171506136655807495e-01 -4.010931849479675293e-01 -8.899269104003906250e-01 -3.953110504150390625e+01 9.708144664764404297e-01 1.838251054286956787e-01 1.540373414754867554e-01 1.766263961791992188e+01 1.018075644969940186e-01 -8.974032998085021973e-01 4.293048679828643799e-01 1.923167705535888672e+00
2.079186439514160156e-01 -3.338216841220855713e-01 -9.194198250770568848e-01 -3.923365783691406250e+01 9.761805534362792969e-01 1.303758919239044189e-01 1.734177768230438232e-01 1.827545356750488281e+01 6.197954714298248291e-02 -9.335765838623046875e-01 3.529778420925140381e-01 2.114880561828613281e+00
1.020561307668685913e-01 -1.858690381050109863e-01 -9.772600531578063965e-01 -3.869430541992187500e+01 9.861269593238830566e-01 1.481852978467941284e-01 7.479820400476455688e-02 1.863593101501464844e+01 1.309129148721694946e-01 -9.713360667228698730e-01 1.984136849641799927e-01 2.193483591079711914e+00
4.968547821044921875e-02 -1.181140467524528503e-01 -9.917562603950500488e-01 -3.822891235351562500e+01 9.882429242134094238e-01 1.495700925588607788e-01 3.169630095362663269e-02 1.910636138916015625e+01 1.445932984352111816e-01 -9.816710352897644043e-01 1.241568475961685181e-01 2.065254926681518555e+00
6.973452866077423096e-02 -1.293590068817138672e-01 -9.891426563262939453e-01 -3.768904876708984375e+01 9.916727542877197266e-01 1.166056245565414429e-01 5.466337129473686218e-02 1.936100387573242188e+01 1.082683950662612915e-01 -9.847179055213928223e-01 1.364132463932037354e-01 2.191702842712402344e+00
1.379702985286712646e-01 -1.531825065612792969e-01 -9.785188436508178711e-01 -3.717102432250976562e+01 9.834738969802856445e-01 1.381277889013290405e-01 1.170456409454345703e-01 1.971572113037109375e+01 1.172313094139099121e-01 -9.784966707229614258e-01 1.697085499763488770e-01 2.235306978225708008e+00
2.207786142826080322e-01 -1.431281268596649170e-01 -9.647647738456726074e-01 -3.658964920043945312e+01 9.702736139297485352e-01 1.327654719352722168e-01 2.023426890373229980e-01 1.992403793334960938e+01 9.912653267383575439e-02 -9.807587265968322754e-01 1.681852191686630249e-01 2.268414020538330078e+00
1.212698370218276978e-01 -1.245357096195220947e-01 -9.847763180732727051e-01 -3.584061050415039062e+01 9.835697412490844727e-01 1.487379223108291626e-01 1.023116633296012878e-01 1.988443565368652344e+01 1.337321251630783081e-01 -9.810034632682800293e-01 1.405269652605056763e-01 2.200956344604492188e+00
5.797582492232322693e-02 -1.931036114692687988e-01 -9.794641137123107910e-01 -3.513661575317382812e+01 9.954640269279479980e-01 8.531526476144790649e-02 4.210278391838073730e-02 1.985799598693847656e+01 7.543304562568664551e-02 -9.774620532989501953e-01 1.971739381551742554e-01 2.272061824798583984e+00
