7.646942138671875000e-01 -3.152370452880859375e-01 -5.620206594467163086e-01 -8.751337051391601562e+00 2.641461491584777832e-01 9.488722085952758789e-01 -1.728204935789108276e-01 -5.091772556304931641e+00 5.877654552459716797e-01 -1.630096510052680969e-02 8.088667392730712891e-01 -1.177703666687011719e+01
7.692204117774963379e-01 -3.026193380355834961e-01 -5.627797842025756836e-01 -8.709685325622558594e+00 2.554204761981964111e-01 9.529389739036560059e-01 -1.633031070232391357e-01 -5.099610328674316406e+00 5.857125520706176758e-01 -1.812839321792125702e-02 8.103154301643371582e-01 -1.173777198791503906e+01
7.702298760414123535e-01 -2.998591959476470947e-01 -5.628761649131774902e-01 -8.702142715454101562e+00 2.556747496128082275e-01 9.537284374237060547e-01 -1.582159847021102905e-01 -5.154629230499267578e+00 5.842731595039367676e-01 -2.205058187246322632e-02 8.112574219703674316e-01 -1.172129631042480469e+01
7.802646160125732422e-01 -2.438313066959381104e-01 -5.759627223014831543e-01 -1.086393260955810547e+01 2.340751886367797852e-01 9.677976369857788086e-01 -9.260800480842590332e-02 -5.013333320617675781e+00 5.799961686134338379e-01 -6.256014108657836914e-02 8.122133016586303711e-01 -1.181068229675292969e+01
8.716157078742980957e-01 -2.130291312932968140e-01 -4.414806365966796875e-01 -8.199875831604003906e+00 2.323060035705566406e-01 9.725841879844665527e-01 -1.066238991916179657e-02 -4.676376342773437500e+00 4.316482543945312500e-01 -9.326506406068801880e-02 8.972073793411254883e-01 -1.138910865783691406e+01
8.927544951438903809e-01 -2.108366638422012329e-01 -3.981695175170898438e-01 -7.776209831237792969e+00 2.196175158023834229e-01 9.752902388572692871e-01 -2.401528880000114441e-02 -4.694556236267089844e+00 3.933940231800079346e-01 -6.600545346736907959e-02 9.169976711273193359e-01 -1.087226104736328125e+01
9.103813171386718750e-01 -1.611746996641159058e-01 -3.810885846614837646e-01 -7.171675682067871094e+00 1.644857972860336304e-01 9.860846996307373047e-01 -2.410548552870750427e-02 -4.589886665344238281e+00 3.796705603599548340e-01 -4.073885828256607056e-02 9.242241382598876953e-01 -1.039517784118652344e+01
9.301384091377258301e-01 -1.533133387565612793e-01 -3.336732983589172363e-01 -6.712262153625488281e+00 1.549714207649230957e-01 9.876782894134521484e-01 -2.181590348482131958e-02 -4.456135749816894531e+00 3.329060971736907959e-01 -3.141792491078376770e-02 9.424362778663635254e-01 -9.867212295532226562e+00
9.496746659278869629e-01 -1.247680857777595520e-01 -2.873157262802124023e-01 -6.265473842620849609e+00 1.327278912067413330e-01 9.911176562309265137e-01 8.312995545566082001e-03 -4.424208641052246094e+00 2.837262153625488281e-01 -4.602942243218421936e-02 9.577998518943786621e-01 -9.705990791320800781e+00
9.576123952865600586e-01 -1.241462007164955139e-01 -2.599337100982666016e-01 -5.766686439514160156e+00 1.207363158464431763e-01 9.922578334808349609e-01 -2.910900488495826721e-02 -4.486208915710449219e+00 2.615350186824798584e-01 -3.508076770231127739e-03 9.651876688003540039e-01 -9.294432640075683594e+00
9.960148334503173828e-01 -4.537237808108329773e-02 -7.679130136966705322e-02 -2.063680171966552734e+00 4.106530919671058655e-02 9.975422620773315430e-01 -5.677010118961334229e-02 -4.272640705108642578e+00 7.917821407318115234e-02 5.339058861136436462e-02 9.954297542572021484e-01 -9.632139205932617188e+00
9.861992597579956055e-01 -8.986617624759674072e-02 -1.390538960695266724e-01 -2.046843290328979492e+00 7.741405069828033447e-02 9.926979541778564453e-01 -9.251488745212554932e-02 -4.583207607269287109e+00 1.463517844676971436e-01 8.047289401292800903e-02 9.859536290168762207e-01 -9.913470268249511719e+00
9.976905584335327148e-01 -3.335099294781684875e-02 5.915699526667594910e-02 -1.497679591178894043e+00 3.338947147130966187e-02 9.994419217109680176e-01 3.347790916450321674e-04 -3.845903873443603516e+00 -5.913503840565681458e-02 1.640948583371937275e-03 9.982483983039855957e-01 -8.132140159606933594e+00
9.868029952049255371e-01 -3.024388849735260010e-02 -1.590739190578460693e-01 -1.457140684127807617e+00 3.272272273898124695e-02 9.993801712989807129e-01 1.298633683472871780e-02 -3.523660659790039062e+00 1.585828959941864014e-01 -1.802030019462108612e-02 9.871811866760253906e-01 -7.462167739868164062e+00
9.999998807907104492e-01 4.896128084510564804e-04 2.682335325516760349e-04 2.478822708129882812e+00 -5.004394333809614182e-04 9.991106986999511719e-01 4.215559363365173340e-02 -2.691133260726928711e+00 -2.473174245096743107e-04 -4.215575382113456726e-02 9.991110563278198242e-01 -6.683074951171875000e+00
9.997213482856750488e-01 2.252312935888767242e-02 -7.093171123415231705e-03 -7.329906523227691650e-02 -2.228076756000518799e-02 9.992216229438781738e-01 3.255854174494743347e-02 -3.242677927017211914e+00 7.821001112461090088e-03 -3.239140659570693970e-02 9.994448423385620117e-01 -6.384121417999267578e+00
9.956499338150024414e-01 5.019535496830940247e-02 7.849480211734771729e-02 3.775108575820922852e+00 -5.681839585304260254e-02 9.947973489761352539e-01 8.455359935760498047e-02 -2.206237077713012695e+00 -7.384239882230758667e-02 -8.864571899175643921e-02 9.933222532272338867e-01 -6.059682846069335938e+00
9.965160489082336426e-01 1.386010739952325821e-02 8.224208652973175049e-02 1.561592340469360352e+00 -2.063890919089317322e-02 9.964053630828857422e-01 8.215631544589996338e-02 -2.466680526733398438e+00 -8.080802112817764282e-02 -8.356752246618270874e-02 9.932202100753784180e-01 -5.560555934906005859e+00
9.914754629135131836e-01 7.030873000621795654e-02 1.096877455711364746e-01 1.574150204658508301e+00 -8.364428579807281494e-02 9.889824390411376953e-01 1.221328675746917725e-01 -2.064756631851196289e+00 -9.989238530397415161e-02 -1.302663981914520264e-01 9.864341020584106445e-01 -4.927913188934326172e+00
9.917989969253540039e-01 3.625798225402832031e-02 1.225639283657073975e-01 2.580650329589843750e+00 -5.345679074525833130e-02 9.886944293975830078e-01 1.400917172431945801e-01 -2.332114934921264648e+00 -1.160985454916954041e-01 -1.454946100711822510e-01 9.825236201286315918e-01 -4.775073528289794922e+00
9.905413985252380371e-01 -9.152460843324661255e-03 1.369096487760543823e-01 4.298539087176322937e-02 -1.670602522790431976e-02 9.823061823844909668e-01 1.865339428186416626e-01 -1.770791411399841309e+00 -1.361945718526840210e-01 -1.870569735765457153e-01 9.728622436523437500e-01 -4.091435432434082031e+00
9.867169857025146484e-01 6.178654264658689499e-03 1.623305082321166992e-01 3.118511676788330078e+00 -3.518487140536308289e-02 9.836843609809875488e-01 1.764290779829025269e-01 -1.716196775436401367e+00 -1.585919857025146484e-01 -1.797975003719329834e-01 9.708356857299804688e-01 -3.540910720825195312e+00
9.909653663635253906e-01 -1.506250444799661636e-02 1.332710087299346924e-01 1.050199270248413086e+00 -1.484676497057080269e-03 9.923810362815856934e-01 1.232000067830085754e-01 -1.464503288269042969e+00 -1.341114640235900879e-01 -1.222850009799003601e-01 9.833923578262329102e-01 -3.044028282165527344e+00
9.905493855476379395e-01 -9.339053183794021606e-03 1.368375867605209351e-01 3.241900920867919922e+00 -8.426486514508724213e-03 9.916506409645080566e-01 1.286775320768356323e-01 -7.136388421058654785e-01 -1.368968188762664795e-01 -1.286145001649856567e-01 9.822003841400146484e-01 -2.565196037292480469e+00
9.959012269973754883e-01 1.839624717831611633e-02 8.855365961790084839e-02 1.921132087707519531e+00 -2.517952769994735718e-02 9.967822432518005371e-01 7.609942555427551270e-02 -7.721654772758483887e-01 -8.686830103397369385e-02 -7.801693677902221680e-02 9.931599497795104980e-01 -2.188439130783081055e+00
9.772050976753234863e-01 4.890018329024314880e-02 2.065881043672561646e-01 2.406527042388916016e+00 -6.142826005816459656e-02 9.966129064559936523e-01 5.466906353831291199e-02 -5.535774230957031250e-01 -2.032155692577362061e-01 -6.611321121454238892e-02 9.768992066383361816e-01 -1.661900162696838379e+00
9.890460968017578125e-01 1.525190379470586777e-02 1.468152999877929688e-01 2.850728034973144531e+00 -1.890092529356479645e-02 9.995454549789428711e-01 2.348708920180797577e-02 -3.815577030181884766e-01 -1.463901996612548828e-01 -2.600446715950965881e-02 9.888851046562194824e-01 -1.163403034210205078e+00
9.798727035522460938e-01 2.193285711109638214e-02 1.984160840511322021e-01 3.134500980377197266e+00 -3.426241129636764526e-02 9.976747035980224609e-01 5.892416834831237793e-02 -2.358957827091217041e-01 -1.966622024774551392e-01 -6.453631818294525146e-02 9.783453345298767090e-01 -5.114407539367675781e-01
9.570279121398925781e-01 6.998330354690551758e-02 2.814259827136993408e-01 3.886988639831542969e+00 -9.582512080669403076e-02 9.922485947608947754e-01 7.912157475948333740e-02 -8.042068034410476685e-02 -2.737072408199310303e-01 -1.026893481612205505e-01 9.563156366348266602e-01 -2.484063953161239624e-01
9.555741548538208008e-01 5.521333590149879456e-02 2.895349264144897461e-01 4.332013130187988281e+00 -9.640643745660781860e-02 9.868169426918029785e-01 1.299947798252105713e-01 1.660622358322143555e-01 -2.785403728485107422e-01 -1.521323770284652710e-01 9.482991099357604980e-01 3.014836311340332031e-01
9.559987783432006836e-01 6.318511813879013062e-02 2.864852249622344971e-01 4.959559440612792969e+00 -8.292223513126373291e-02 9.949082732200622559e-01 5.728094652295112610e-02 4.438126981258392334e-01 -2.814069390296936035e-01 -7.851624488830566406e-02 9.563709497451782227e-01 6.506201624870300293e-01
9.539972543716430664e-01 5.318048223853111267e-02 2.950640618801116943e-01 5.584120750427246094e+00 -7.125779241323471069e-02 9.961618185043334961e-01 5.084672942757606506e-02 5.695461034774780273e-01 -2.912274897098541260e-01 -6.953316926956176758e-02 9.541235566139221191e-01 9.192370176315307617e-01
9.490311741828918457e-01 7.840959727764129639e-02 3.052728772163391113e-01 6.150902748107910156e+00 -8.381824195384979248e-02 9.964704513549804688e-01 4.630186595022678375e-03 7.233879566192626953e-01 -3.038322627544403076e-01 -2.998166531324386597e-02 9.522538185119628906e-01 1.434646487236022949e+00
9.175125956535339355e-01 6.689742207527160645e-02 3.920407295227050781e-01 6.645021438598632812e+00 -1.016986966133117676e-01 9.924430847167968750e-01 6.866114586591720581e-02 8.886902332305908203e-01 -3.844843804836273193e-01 -1.028673499822616577e-01 9.173821210861206055e-01 1.910995602607727051e+00
9.573052525520324707e-01 2.657983824610710144e-02 2.878539264202117920e-01 7.477467060089111328e+00 -5.396611243486404419e-02 9.946908950805664062e-01 8.762424439191818237e-02 1.072082996368408203e+00 -2.839966416358947754e-01 -9.941773861646652222e-02 9.536571502685546875e-01 2.297979116439819336e+00
9.565577507019042969e-01 -1.291789230890572071e-03 2.915397584438323975e-01 7.922773838043212891e+00 -2.419086918234825134e-02 9.961898326873779297e-01 8.378566801548004150e-02 1.192634105682373047e+00 -2.905377447605133057e-01 -8.719848841428756714e-02 9.528825879096984863e-01 2.725143909454345703e+00
9.636405110359191895e-01 2.975687384605407715e-02 2.655425965785980225e-01 8.563448905944824219e+00 -5.257238447666168213e-02 9.954695105552673340e-01 7.922999560832977295e-02 1.370206356048583984e+00 -2.619818449020385742e-01 -9.030936658382415771e-02 9.608380794525146484e-01 3.162320613861083984e+00
9.481170773506164551e-01 1.643137075006961823e-02 3.174977898597717285e-01 9.031147003173828125e+00 -3.556701913475990295e-02 9.978768229484558105e-01 5.456779524683952332e-02 1.838210225105285645e+00 -3.159267008304595947e-01 -6.302905827760696411e-02 9.466879367828369141e-01 3.887984037399291992e+00
9.144971370697021484e-01 4.810875281691551208e-02 4.017217159271240234e-01 9.617879867553710938e+00 -7.205714285373687744e-02 9.963976740837097168e-01 4.471061751246452332e-02 1.873200535774230957e+00 -3.981236815452575684e-01 -6.983485072851181030e-02 9.146696329116821289e-01 4.016015052795410156e+00
9.269511103630065918e-01 9.958588331937789917e-02 3.617229461669921875e-01 1.006844139099121094e+01 -1.031946837902069092e-01 9.946168065071105957e-01 -9.382508695125579834e-03 1.824566841125488281e+00 -3.607106208801269531e-01 -2.863075956702232361e-02 9.322384595870971680e-01 4.401124000549316406e+00
9.055670499801635742e-01 1.024440526962280273e-01 4.116483032703399658e-01 1.074294185638427734e+01 -1.235998943448066711e-01 9.920156598091125488e-01 2.502705156803131104e-02 2.109946012496948242e+00 -4.057981669902801514e-01 -7.354339957237243652e-02 9.109992384910583496e-01 4.457324028015136719e+00
9.142799973487854004e-01 1.006437018513679504e-01 3.923806250095367432e-01 1.130118179321289062e+01 -1.327647864818572998e-01 9.895911216735839844e-01 5.552775040268898010e-02 2.091382980346679688e+00 -3.827069699764251709e-01 -1.028618887066841125e-01 9.181250929832458496e-01 4.331982135772705078e+00
9.232194423675537109e-01 7.846038788557052612e-02 3.761786520481109619e-01 1.200348377227783203e+01 -1.027236059308052063e-01 9.936981201171875000e-01 4.484755545854568481e-02 2.045000553131103516e+00 -3.702894449234008789e-01 -8.004659414291381836e-02 9.254613518714904785e-01 4.306345939636230469e+00
9.263424873352050781e-01 9.350753575563430786e-02 3.648902475833892822e-01 1.203818035125732422e+01 -1.246373578906059265e-01 9.902217388153076172e-01 6.265803426504135132e-02 1.812804818153381348e+00 -3.554634451866149902e-01 -1.035215631127357483e-01 9.289395809173583984e-01 3.614442348480224609e+00
8.818860650062561035e-01 1.310457438230514526e-01 4.528832435607910156e-01 1.230216884613037109e+01 -1.871389895677566528e-01 9.789777994155883789e-01 8.113376051187515259e-02 1.834225296974182129e+00 -4.327297508716583252e-01 -1.563026458024978638e-01 8.878706097602844238e-01 3.120653867721557617e+00
9.193369150161743164e-01 1.115265265107154846e-01 3.773358762264251709e-01 1.223132324218750000e+01 -1.436666697263717651e-01 9.879225492477416992e-01 5.803473666310310364e-02 1.644871950149536133e+00 -3.663068711757659912e-01 -1.075641363859176636e-01 9.242564439773559570e-01 2.811321973800659180e+00
9.003193378448486328e-01 1.725287437438964844e-01 3.995743989944458008e-01 1.205064582824707031e+01 -2.084625661373138428e-01 9.768559336662292480e-01 4.791851714253425598e-02 1.463076114654541016e+00 -3.820592761039733887e-01 -1.264381110668182373e-01 9.154474735260009766e-01 2.225002765655517578e+00
8.962356448173522949e-01 1.322043389081954956e-01 4.234197139739990234e-01 1.175598049163818359e+01 -1.801355034112930298e-01 9.807738661766052246e-01 7.505758851766586304e-02 1.267147183418273926e+00 -4.053561687469482422e-01 -1.435417979955673218e-01 9.028192162513732910e-01 2.003968954086303711e+00
9.155409336090087891e-01 1.098433658480644226e-01 3.869372606277465820e-01 1.120213985443115234e+01 -1.662364602088928223e-01 9.793182015419006348e-01 1.153290197253227234e-01 1.219123244285583496e+00 -3.662665486335754395e-01 -1.699114888906478882e-01 9.148656129837036133e-01 1.649478077888488770e+00
8.869628906250000000e-01 1.368810832500457764e-01 4.410893321037292480e-01 1.059169292449951172e+01 -2.105319648981094360e-01 9.698985219001770020e-01 1.223636418581008911e-01 9.885705113410949707e-01 -4.110624492168426514e-01 -2.013953626155853271e-01 8.890824317932128906e-01 1.424664735794067383e+00
8.692905902862548828e-01 1.214803159236907959e-01 4.791409671306610107e-01 9.937069892883300781e+00 -2.251902371644973755e-01 9.602240920066833496e-01 1.651026755571365356e-01 6.132705211639404297e-01 -4.400262534618377686e-01 -2.514201104640960693e-01 8.620700240135192871e-01 1.018077492713928223e+00
8.716419935226440430e-01 1.319774091243743896e-01 4.720407128334045410e-01 9.095386505126953125e+00 -2.373113930225372314e-01 9.562941789627075195e-01 1.708358377218246460e-01 6.122121810913085938e-01 -4.288633763790130615e-01 -2.609284222126007080e-01 8.648655414581298828e-01 8.833262920379638672e-01
8.793706893920898438e-01 1.348702907562255859e-01 4.566358923912048340e-01 7.101463794708251953e+00 -2.328120023012161255e-01 9.583745002746582031e-01 1.652776002883911133e-01 1.240821480751037598e+00 -4.153373241424560547e-01 -2.516507208347320557e-01 8.741663098335266113e-01 2.654935598373413086e+00
8.832961320877075195e-01 8.625143766403198242e-02 4.608123898506164551e-01 6.965052604675292969e+00 -1.592950075864791870e-01 9.796670079231262207e-01 1.219743043184280396e-01 9.629979729652404785e-01 -4.409226477146148682e-01 -1.811451166868209839e-01 8.790758252143859863e-01 1.599150657653808594e+00
9.052445292472839355e-01 8.239489793777465820e-02 4.168256223201751709e-01 7.299276351928710938e+00 -1.375052481889724731e-01 9.850347638130187988e-01 1.039151251316070557e-01 4.744844734668731689e-01 -4.020257592201232910e-01 -1.513847559690475464e-01 9.030274152755737305e-01 9.223471283912658691e-01
9.444969296455383301e-01 1.345696300268173218e-01 2.996940016746520996e-01 6.645193099975585938e+00 -1.536916643381118774e-01 9.872654676437377930e-01 4.105911031365394592e-02 3.832913637161254883e-01 -2.903518676757812500e-01 -8.484078943729400635e-02 9.531514644622802734e-01 7.328144907951354980e-01
9.990382790565490723e-01 3.499992191791534424e-03 4.373153299093246460e-02 1.708102941513061523e+00 -6.762121338397264481e-03 9.971846938133239746e-01 7.468560338020324707e-02 4.526504039764404297e+00 -4.334675893187522888e-02 -7.490947842597961426e-02 9.962478280067443848e-01 1.012864112854003906e+01
9.991412758827209473e-01 -1.376775675453245640e-03 4.141211137175559998e-02 1.551583170890808105e+00 -1.585153630003333092e-03 9.974470138549804688e-01 7.139784842729568481e-02 4.430389881134033203e+00 -4.140461236238479614e-02 -7.140236347913742065e-02 9.965879917144775391e-01 9.825761795043945312e+00
9.992818236351013184e-01 -1.942837028764188290e-03 3.786475956439971924e-02 1.462389588356018066e+00 -3.877549897879362106e-04 9.981098771095275879e-01 6.145533919334411621e-02 4.197115898132324219e+00 -3.791273385286331177e-02 -6.142577901482582092e-02 9.973913431167602539e-01 1.026639461517333984e+01
9.976321458816528320e-01 -6.722262501716613770e-02 -1.450978033244609833e-02 1.487712979316711426e+00 6.773307174444198608e-02 9.969735145568847656e-01 3.815238922834396362e-02 4.330652713775634766e+00 1.190111413598060608e-02 -3.904459625482559204e-02 9.991664886474609375e-01 9.917096138000488281e+00
9.763067364692687988e-01 -2.590899541974067688e-02 -2.148332595825195312e-01 1.111268877983093262e+00 3.628193587064743042e-02 9.983506798744201660e-01 4.448198527097702026e-02 4.637733936309814453e+00 2.133259922266006470e-01 -5.122246593236923218e-02 9.756371974945068359e-01 1.087642765045166016e+01
9.839625358581542969e-01 2.958059683442115784e-02 -1.759062409400939941e-01 1.934939175844192505e-01 -1.497522834688425064e-02 9.963713884353637695e-01 8.378499001264572144e-02 4.544180393218994141e+00 1.777464598417282104e-01 -7.980722188949584961e-02 9.808347225189208984e-01 1.047148323059082031e+01
9.696485400199890137e-01 6.139146909117698669e-02 -2.366695404052734375e-01 -4.885160028934478760e-01 -5.125477537512779236e-02 9.974950551986694336e-01 4.875108227133750916e-02 4.565376281738281250e+00 2.390698939561843872e-01 -3.514109924435615540e-02 9.703662395477294922e-01 1.092501831054687500e+01
9.564005136489868164e-01 8.468452841043472290e-02 -2.795116305351257324e-01 -1.159281373023986816e+00 -8.584873378276824951e-02 9.962749481201171875e-01 8.097518235445022583e-03 4.499716281890869141e+00 2.791561782360076904e-01 1.625137589871883392e-02 9.601082205772399902e-01 1.074415302276611328e+01
9.567488431930541992e-01 5.639521032571792603e-02 -2.853966653347015381e-01 -1.821319460868835449e+00 -6.426507234573364258e-02 9.977654218673706055e-01 -1.827746629714965820e-02 4.446446418762207031e+00 2.837282121181488037e-01 3.582798317074775696e-02 9.582353234291076660e-01 1.120126819610595703e+01
9.497787952423095703e-01 4.090626537799835205e-02 -3.102364540100097656e-01 -2.577491998672485352e+00 -3.739359602332115173e-02 9.991517663002014160e-01 1.726364530622959137e-02 4.529968738555908203e+00 3.106792569160461426e-01 -4.795757587999105453e-03 9.505027532577514648e-01 1.136293125152587891e+01
9.580810070037841797e-01 -2.567678131163120270e-02 -2.853447794914245605e-01 -3.512485742568969727e+00 2.459452487528324127e-02 9.996711015701293945e-01 -7.376556284725666046e-03 4.615033149719238281e+00 2.854401469230651855e-01 4.985766281606629491e-05 9.583966135978698730e-01 1.181595802307128906e+01
9.609047174453735352e-01 -2.516011893749237061e-02 -2.757337093353271484e-01 -4.354876518249511719e+00 2.535145357251167297e-02 9.996746182441711426e-01 -2.871044212952256203e-03 4.535091876983642578e+00 2.757158875465393066e-01 -4.231376573443412781e-03 9.612296819686889648e-01 1.137118721008300781e+01
9.740085005760192871e-01 -1.587550155818462372e-02 -2.259520590305328369e-01 -5.111805438995361328e+00 7.328935898840427399e-03 9.992269277572631836e-01 -3.861548751592636108e-02 4.067603588104248047e+00 2.263898700475692749e-01 3.595627099275588989e-02 9.733726978302001953e-01 1.153239250183105469e+01
9.668679833412170410e-01 -2.076981822028756142e-03 -2.552715837955474854e-01 -5.690596103668212891e+00 7.805415079928934574e-04 9.999867677688598633e-01 -5.178736988455057144e-03 4.454160213470458984e+00 2.552791237831115723e-01 4.807808436453342438e-03 9.668557047843933105e-01 1.140055370330810547e+01
9.733147621154785156e-01 1.604707725346088409e-02 -2.289121747016906738e-01 -6.365439414978027344e+00 -2.410559356212615967e-02 9.991827607154846191e-01 -3.245239704847335815e-02 4.631775379180908203e+00 2.282040119171142578e-01 3.710454329848289490e-02 9.729059934616088867e-01 1.137802791595458984e+01
9.647419452667236328e-01 -1.919583790004253387e-02 -2.624963521957397461e-01 -7.369116783142089844e+00 2.200220152735710144e-02 9.997279047966003418e-01 7.756102364510297775e-03 4.561955451965332031e+00 2.622762620449066162e-01 -1.325811725109815598e-02 9.649018049240112305e-01 1.173261642456054688e+01
9.681307673454284668e-01 8.911090344190597534e-02 -2.340584695339202881e-01 -8.074058532714843750e+00 -8.844641596078872681e-02 9.959915876388549805e-01 1.335489843040704727e-02 5.599783897399902344e+00 2.343098968267440796e-01 7.773085031658411026e-03 9.721307754516601562e-01 1.164524745941162109e+01
9.584093689918518066e-01 7.881589978933334351e-02 -2.742947041988372803e-01 -8.889681816101074219e+00 -7.866719365119934082e-02 9.968336820602416992e-01 1.155890524387359619e-02 5.292250156402587891e+00 2.743371725082397461e-01 1.049994025379419327e-02 9.615759849548339844e-01 1.210694789886474609e+01
9.822035431861877441e-01 7.039480656385421753e-02 -1.741269975900650024e-01 -9.125265121459960938e+00 -6.811943650245666504e-02 9.974957704544067383e-01 1.901697926223278046e-02 5.355591773986816406e+00 1.750296801328659058e-01 -6.817230954766273499e-03 9.845396280288696289e-01 1.216194248199462891e+01
9.701626896858215332e-01 5.786633491516113281e-02 -2.354476600885391235e-01 -9.889747619628906250e+00 -5.220542103052139282e-02 9.981795549392700195e-01 3.020941093564033508e-02 5.266326904296875000e+00 2.367673963308334351e-01 -1.701599359512329102e-02 9.714173674583435059e-01 1.225517749786376953e+01
9.739007949829101562e-01 7.341457903385162354e-02 -2.147731035947799683e-01 -1.038892364501953125e+01 -6.514760851860046387e-02 9.968458414077758789e-01 4.532587900757789612e-02 5.329763889312744141e+00 2.174232006072998047e-01 -3.014974109828472137e-02 9.756117463111877441e-01 1.222998428344726562e+01
9.771512150764465332e-01 4.298450052738189697e-02 -2.081533968448638916e-01 -1.103873157501220703e+01 -3.192325681447982788e-02 9.979084730148315430e-01 5.621149018406867981e-02 5.428672790527343750e+00 2.101344019174575806e-01 -4.828222468495368958e-02 9.764796495437622070e-01 1.251418876647949219e+01
9.802493453025817871e-01 9.128259867429733276e-02 -1.754396706819534302e-01 -8.702206611633300781e+00 -8.455853164196014404e-02 9.953820109367370605e-01 4.544235393404960632e-02 5.363899230957031250e+00 1.787775605916976929e-01 -2.970997616648674011e-02 9.834407567977905273e-01 1.171449470520019531e+01
9.350935220718383789e-01 -3.796725359279662371e-04 -3.544006943702697754e-01 -1.218728923797607422e+01 3.115013055503368378e-02 9.962173104286193848e-01 8.111959695816040039e-02 5.258243083953857422e+00 3.530298769474029541e-01 -8.689435571432113647e-02 9.315682649612426758e-01 1.329324340820312500e+01
9.598013758659362793e-01 -2.083064801990985870e-02 -2.799093723297119141e-01 -1.284715175628662109e+01 4.555403068661689758e-02 9.955817461013793945e-01 8.211350440979003906e-02 5.590857982635498047e+00 2.769614458084106445e-01 -9.156320989131927490e-02 9.565088748931884766e-01 1.348902225494384766e+01
9.779159426689147949e-01 -1.117144944146275520e-03 -2.089978307485580444e-01 -1.301078319549560547e+01 1.840265467762947083e-02 9.965627193450927734e-01 8.077847212553024292e-02 5.157142162322998047e+00 2.081891745328903198e-01 -8.284047245979309082e-02 9.745742678642272949e-01 1.466552639007568359e+01
9.534221291542053223e-01 1.620966941118240356e-02 -3.012033104896545410e-01 -1.395266914367675781e+01 3.270789980888366699e-02 9.871113896369934082e-01 1.566559225320816040e-01 5.646984577178955078e+00 2.998604178428649902e-01 -1.592109352350234985e-01 9.406036734580993652e-01 1.451330089569091797e+01
9.728987216949462891e-01 1.050369814038276672e-01 -2.059978395700454712e-01 -1.200659656524658203e+01 -9.521470963954925537e-02 9.938198924064636230e-01 5.705813691020011902e-02 5.901272773742675781e+00 2.107180953025817871e-01 -3.589774668216705322e-02 9.768873453140258789e-01 1.566532897949218750e+01
9.757447242736816406e-01 1.430890560150146484e-01 -1.656773835420608521e-01 -9.620096206665039062e+00 -1.265624016523361206e-01 9.862367510795593262e-01 1.063951849937438965e-01 7.583814144134521484e+00 1.786209195852279663e-01 -8.284573256969451904e-02 9.804239869117736816e-01 1.684147644042968750e+01
9.845438599586486816e-01 1.219939589500427246e-01 -1.256583631038665771e-01 -9.699602127075195312e+00 -1.115503385663032532e-01 9.899373650550842285e-01 8.706621825695037842e-02 6.522306442260742188e+00 1.350153088569641113e-01 -7.170336693525314331e-02 9.882457256317138672e-01 1.657381629943847656e+01
9.943438768386840820e-01 8.212926983833312988e-02 -6.733889877796173096e-02 -1.315059947967529297e+01 -7.476358860731124878e-02 9.916117191314697266e-01 1.054373458027839661e-01 6.311569213867187500e+00 7.543348520994186401e-02 -9.980669617652893066e-02 9.921435117721557617e-01 1.741961669921875000e+01
9.840982556343078613e-01 3.006234951317310333e-02 -1.750639975070953369e-01 -1.479607963562011719e+01 -1.758682914078235626e-02 9.972221255302429199e-01 7.238154858350753784e-02 6.634293079376220703e+00 1.767539530992507935e-01 -6.815146654844284058e-02 9.818929433822631836e-01 1.807085800170898438e+01
9.812801480293273926e-01 3.573796153068542480e-02 -1.892413645982742310e-01 -1.475939178466796875e+01 -2.110167220234870911e-02 9.966673254966735840e-01 7.880008965730667114e-02 6.648351192474365234e+00 1.914268583059310913e-01 -7.333167642354965210e-02 9.787637591361999512e-01 1.872648239135742188e+01
9.410816431045532227e-01 2.593393251299858093e-02 -3.371838927268981934e-01 -1.578959941864013672e+01 -8.562313392758369446e-03 9.985627532005310059e-01 5.290476232767105103e-02 6.762516975402832031e+00 3.380711674690246582e-01 -4.690039902925491333e-02 9.399511814117431641e-01 1.892373847961425781e+01
9.076660871505737305e-01 5.451230332255363464e-02 -4.161370694637298584e-01 -1.705056190490722656e+01 -3.474647924304008484e-02 9.978852272033691406e-01 5.492987483739852905e-02 6.801215171813964844e+00 4.182517826557159424e-01 -3.539845347404479980e-02 9.076412320137023926e-01 1.904041481018066406e+01
9.024565219879150391e-01 2.554221823811531067e-02 -4.300236105918884277e-01 -1.751096534729003906e+01 -5.341355688869953156e-03 9.988272190093994141e-01 4.811800271272659302e-02 6.830856323242187500e+00 4.307482838630676270e-01 -4.112700745463371277e-02 9.015344977378845215e-01 1.904180526733398438e+01
9.347614049911499023e-01 -2.145729027688503265e-02 -3.546286225318908691e-01 -1.839994812011718750e+01 7.616046816110610962e-02 9.870728254318237305e-01 1.410239785909652710e-01 6.858019828796386719e+00 3.470186889171600342e-01 -1.588317155838012695e-01 9.243111014366149902e-01 1.901065063476562500e+01
9.538170099258422852e-01 3.089412301778793335e-02 -2.987940907478332520e-01 -1.825084114074707031e+01 4.068149253726005554e-02 9.722470641136169434e-01 2.303920835256576538e-01 7.655820846557617188e+00 2.976196706295013428e-01 -2.319072932004928589e-01 9.260894060134887695e-01 1.945525932312011719e+01
9.766550660133361816e-01 5.826909095048904419e-02 -2.067599594593048096e-01 -1.658232498168945312e+01 -4.105880856513977051e-03 9.673956632614135742e-01 2.532368004322052002e-01 8.016178131103515625e+00 2.147745043039321899e-01 -2.464759945869445801e-01 9.450510144233703613e-01 1.925614738464355469e+01
9.276330471038818359e-01 1.459272950887680054e-01 -3.438067436218261719e-01 -1.707901000976562500e+01 -9.933701902627944946e-02 9.837553501129150391e-01 1.495262533426284790e-01 6.711434841156005859e+00 3.600414991378784180e-01 -1.045526489615440369e-01 9.270594716072082520e-01 2.012387847900390625e+01
8.602179884910583496e-01 5.144672468304634094e-02 -5.073257088661193848e-01 -1.986645698547363281e+01 1.463875640183687210e-02 9.919961094856262207e-01 1.254181563854217529e-01 6.951992034912109375e+00 5.097168684005737305e-01 -1.153134405612945557e-01 8.525793552398681641e-01 1.973665046691894531e+01
8.194356560707092285e-01 -7.138320710510015488e-03 -5.731263160705566406e-01 -2.071701431274414062e+01 5.392406508326530457e-02 9.964470863342285156e-01 6.468790769577026367e-02 6.422374725341796875e+00 5.706283450126647949e-01 -8.391279727220535278e-02 8.169095516204833984e-01 1.887988471984863281e+01
8.394839167594909668e-01 -3.829583525657653809e-02 -5.420340299606323242e-01 -2.155464363098144531e+01 9.071215987205505371e-02 9.933926463127136230e-01 7.030646502971649170e-02 5.950698375701904297e+00 5.357602238655090332e-01 -1.081899851560592651e-01 8.374106287956237793e-01 1.783871841430664062e+01
7.766336202621459961e-01 -9.562674164772033691e-02 -6.226530075073242188e-01 -2.190526199340820312e+01 1.551373600959777832e-01 9.870036244392395020e-01 4.191944748163223267e-02 5.918132781982421875e+00 6.105521321296691895e-01 -1.291526407003402710e-01 7.813743948936462402e-01 1.732557868957519531e+01
8.300461173057556152e-01 -8.418052643537521362e-02 -5.513044595718383789e-01 -2.134580993652343750e+01 1.370555311441421509e-01 9.890168309211730957e-01 5.533590912818908691e-02 5.540986061096191406e+00 5.405908226966857910e-01 -1.214908659458160400e-01 8.324670791625976562e-01 1.695508575439453125e+01
7.778097987174987793e-01 -1.059062406420707703e-01 -6.195127367973327637e-01 -2.202724838256835938e+01 1.693338006734848022e-01 9.845628142356872559e-01 4.429024085402488708e-02 5.486355781555175781e+00 6.052582859992980957e-01 -1.393540352582931519e-01 7.837364077568054199e-01 1.614159965515136719e+01
8.267257809638977051e-01 -1.059936136007308960e-01 -5.525299906730651855e-01 -2.278365135192871094e+01 1.958725899457931519e-01 9.748766422271728516e-01 1.060615777969360352e-01 5.531629562377929688e+00 5.274069905281066895e-01 -1.959091275930404663e-01 8.267174363136291504e-01 1.515172958374023438e+01
8.623058199882507324e-01 -8.312997221946716309e-02 -4.995180368423461914e-01 -2.334465026855468750e+01 1.859340965747833252e-01 9.695089459419250488e-01 1.596264690160751343e-01 5.214594364166259766e+00 4.710178673267364502e-01 -2.305237948894500732e-01 8.514698743820190430e-01 1.451947689056396484e+01
9.088332653045654297e-01 -6.789495795965194702e-02 -4.115967452526092529e-01 -2.307849502563476562e+01 1.676140725612640381e-01 9.629511237144470215e-01 2.112604975700378418e-01 5.793929576873779297e+00 3.820041120052337646e-01 -2.609902322292327881e-01 8.865422010421752930e-01 1.432671737670898438e+01
9.111206531524658203e-01 -7.189146429300308228e-02 -4.058217704296112061e-01 -2.296724700927734375e+01 1.523785442113876343e-01 9.736570119857788086e-01 1.696250587701797485e-01 5.075860977172851562e+00 3.829365670680999756e-01 -2.163871973752975464e-01 8.980735540390014648e-01 1.373396110534667969e+01
9.002549648284912109e-01 -4.786272346973419189e-02 -4.327231943607330322e-01 -2.319446945190429688e+01 1.362959444522857666e-01 9.749596118927001953e-01 1.757162958383560181e-01 4.961841583251953125e+00 4.134776592254638672e-01 -2.171675860881805420e-01 8.842366337776184082e-01 1.346559715270996094e+01
8.796626329421997070e-01 -6.393810361623764038e-02 -4.712814092636108398e-01 -2.357442092895507812e+01 1.621560156345367432e-01 9.718671441078186035e-01 1.708182543516159058e-01 4.593975543975830078e+00 4.471008181571960449e-01 -2.266844809055328369e-01 8.652828931808471680e-01 1.292066001892089844e+01
9.325065612792968750e-01 -7.903742603957653046e-03 -3.610650002956390381e-01 -2.235504722595214844e+01 9.949582070112228394e-02 9.666939973831176758e-01 2.358030080795288086e-01 5.106473922729492188e+00 3.471759557723999023e-01 -2.558126449584960938e-01 9.022353887557983398e-01 1.374426364898681641e+01
9.436917901039123535e-01 -2.962179481983184814e-02 -3.294954597949981689e-01 -2.402692222595214844e+01 1.105342432856559753e-01 9.669775366783142090e-01 2.296445518732070923e-01 4.702877044677734375e+00 3.118124604225158691e-01 -2.531345188617706299e-01 9.158035516738891602e-01 1.285880088806152344e+01
8.803319334983825684e-01 -4.241347312927246094e-02 -4.724593162536621094e-01 -2.244145774841308594e+01 1.329541951417922974e-01 9.781344532966613770e-01 1.599234044551849365e-01 5.568101406097412109e+00 4.553460776805877686e-01 -2.036002129316329956e-01 8.667219281196594238e-01 1.276493549346923828e+01
9.165075421333312988e-01 -3.824505209922790527e-02 -3.981834352016448975e-01 -2.483851623535156250e+01 1.146978288888931274e-01 9.787472486495971680e-01 1.699969619512557983e-01 5.025994777679443359e+00 3.832196891307830811e-01 -2.014749795198440552e-01 9.014161229133605957e-01 1.214726638793945312e+01
8.863939642906188965e-01 -6.507103890180587769e-02 -4.583355784416198730e-01 -2.576457977294921875e+01 1.454199552536010742e-01 9.790930747985839844e-01 1.422300040721893311e-01 3.934027433395385742e+00 4.394980967044830322e-01 -1.927230954170227051e-01 8.773251175880432129e-01 1.143390941619873047e+01
8.953685164451599121e-01 -3.996386006474494934e-02 -4.435293674468994141e-01 -2.583402824401855469e+01 1.278422921895980835e-01 9.771090149879455566e-01 1.700376719236373901e-01 4.374049186706542969e+00 4.265809953212738037e-01 -2.089484035968780518e-01 8.799818158149719238e-01 1.091245555877685547e+01
8.343342542648315430e-01 -3.768337517976760864e-02 -5.499697327613830566e-01 -2.716610145568847656e+01 1.716410070657730103e-01 9.658269882202148438e-01 1.942107677459716797e-01 3.911204099655151367e+00 5.238571166992187500e-01 -2.564334273338317871e-01 8.122904896736145020e-01 9.857155799865722656e+00
8.550792932510375977e-01 -1.104833185672760010e-01 -5.065895318984985352e-01 -2.695624351501464844e+01 2.065643370151519775e-01 9.687392115592956543e-01 1.373880803585052490e-01 4.477281093597412109e+00 4.755741357803344727e-01 -2.221206873655319214e-01 8.511708378791809082e-01 1.013641452789306641e+01
8.804458379745483398e-01 -5.136682838201522827e-02 -4.713551998138427734e-01 -2.658047866821289062e+01 1.528683602809906006e-01 9.717817306518554688e-01 1.796420216560363770e-01 3.861085414886474609e+00 4.488269984722137451e-01 -2.302201539278030396e-01 8.634541630744934082e-01 1.066269874572753906e+01
8.943391442298889160e-01 -7.290614396333694458e-02 -4.414091706275939941e-01 -2.681707763671875000e+01 1.590755283832550049e-01 9.739788174629211426e-01 1.614327579736709595e-01 4.242857933044433594e+00 4.181533753871917725e-01 -2.145932912826538086e-01 8.826647996902465820e-01 1.020260810852050781e+01
8.903527259826660156e-01 -9.733945876359939575e-02 -4.447438418865203857e-01 -2.814806747436523438e+01 1.836236864328384399e-01 9.706743955612182617e-01 1.551566869020462036e-01 3.955008268356323242e+00 4.165985286235809326e-01 -2.198096066713333130e-01 8.821164965629577637e-01 9.255368232727050781e+00
8.790964484214782715e-01 -8.193290233612060547e-02 -4.695486128330230713e-01 -2.829194259643554688e+01 1.450002491474151611e-01 9.843953847885131836e-01 9.970149397850036621e-02 3.096868753433227539e+00 4.540528953075408936e-01 -1.557319760322570801e-01 8.772590160369873047e-01 7.551251411437988281e+00
8.473143577575683594e-01 -1.108874008059501648e-01 -5.193859934806823730e-01 -2.831140136718750000e+01 1.663900911808013916e-01 9.841507673263549805e-01 6.133083626627922058e-02 2.864477396011352539e+00 5.043532848358154297e-01 -1.383870542049407959e-01 8.523353338241577148e-01 7.327259063720703125e+00
7.939402461051940918e-01 -1.854079663753509521e-01 -5.790353417396545410e-01 -2.836093711853027344e+01 2.054924517869949341e-01 9.781529307365417480e-01 -3.144616261124610901e-02 2.373056650161743164e+00 5.722159147262573242e-01 -9.402208775281906128e-02 8.146955966949462891e-01 6.515997886657714844e+00
7.952408790588378906e-01 -1.383767873048782349e-01 -5.902900695800781250e-01 -2.793714904785156250e+01 1.724539846181869507e-01 9.850159287452697754e-01 1.421133754774928093e-03 2.186178445816040039e+00 5.812487006187438965e-01 -1.029286012053489685e-01 8.071898818016052246e-01 6.610876083374023438e+00
7.649545669555664062e-01 -1.156961917877197266e-01 -6.336079239845275879e-01 -2.754032707214355469e+01 1.755429059267044067e-01 9.839426875114440918e-01 3.226517140865325928e-02 2.073848962783813477e+00 6.197011470794677734e-01 -1.359060108661651611e-01 7.729814052581787109e-01 5.730744838714599609e+00
7.948496341705322266e-01 -1.079726815223693848e-01 -5.971219539642333984e-01 -2.681723022460937500e+01 1.855919659137725830e-01 9.801430106163024902e-01 6.981640309095382690e-02 1.991234540939331055e+00 5.777268409729003906e-01 -1.663142293691635132e-01 7.991061806678771973e-01 5.400914669036865234e+00
7.704225182533264160e-01 -1.251097321510314941e-01 -6.251370906829833984e-01 -2.616410255432128906e+01 1.903524696826934814e-01 9.809698462486267090e-01 3.826854377985000610e-02 2.191725730895996094e+00 6.084530353546142578e-01 -1.484797894954681396e-01 7.795762419700622559e-01 5.038581371307373047e+00
7.881619334220886230e-01 -1.341631114482879639e-01 -6.006669998168945312e-01 -2.540777778625488281e+01 2.120045572519302368e-01 9.754055142402648926e-01 6.031693890690803528e-02 2.209817886352539062e+00 5.778016448020935059e-01 -1.748838871717453003e-01 7.972207665443420410e-01 4.902655124664306641e+00
7.592199444770812988e-01 -1.128320321440696716e-01 -6.409781575202941895e-01 -2.459759140014648438e+01 2.086046487092971802e-01 9.750854372978210449e-01 7.544091343879699707e-02 1.977288007736206055e+00 6.164965629577636719e-01 -1.909874528646469116e-01 7.638421654701232910e-01 4.800479412078857422e+00
7.716993093490600586e-01 -1.081316396594047546e-01 -6.267273426055908203e-01 -2.405072593688964844e+01 2.255346924066543579e-01 9.679245948791503906e-01 1.107043847441673279e-01 2.260463476181030273e+00 5.946543812751770020e-01 -2.267789095640182495e-01 7.713347077369689941e-01 5.363175392150878906e+00
7.503334283828735352e-01 -4.568089544773101807e-02 -6.594797372817993164e-01 -2.327879333496093750e+01 2.175017297267913818e-01 9.591253399848937988e-01 1.810294240713119507e-01 2.598699808120727539e+00 6.242538690567016602e-01 -2.792703211307525635e-01 7.295992374420166016e-01 5.255578041076660156e+00
7.298338413238525391e-01 -9.750602394342422485e-02 -6.766351461410522461e-01 -2.276720619201660156e+01 2.267246544361114502e-01 9.682806134223937988e-01 1.050171330571174622e-01 2.560891151428222656e+00 6.449326872825622559e-01 -2.300554066896438599e-01 7.287910580635070801e-01 4.924387931823730469e+00
