7.458987832069396973e-01 -3.287947475910186768e-01 -5.792484283447265625e-01 -9.799583435058593750e+00 2.972439527511596680e-01 9.425814747810363770e-01 -1.522694528102874756e-01 -4.850019931793212891e+00 5.960543155670166016e-01 -5.860069766640663147e-02 8.008027076721191406e-01 -1.195273971557617188e+01
7.496255636215209961e-01 -3.174814283847808838e-01 -5.807474255561828613e-01 -9.864398002624511719e+00 2.803519964218139648e-01 9.471512436866760254e-01 -1.559088826179504395e-01 -4.901498794555664062e+00 5.995540618896484375e-01 -4.594076424837112427e-02 7.990149855613708496e-01 -1.204034996032714844e+01
7.488637566566467285e-01 -3.125495314598083496e-01 -5.843938589096069336e-01 -9.901465415954589844e+00 2.806016802787780762e-01 9.483987689018249512e-01 -1.476565897464752197e-01 -4.913459300994873047e+00 6.003884673118591309e-01 -5.340687185525894165e-02 7.979233264923095703e-01 -1.180272293090820312e+01
7.855641245841979980e-01 -2.457173466682434082e-01 -5.679016709327697754e-01 -9.935337066650390625e+00 2.448228746652603149e-01 9.663079380989074707e-01 -7.944154739379882812e-02 -4.849374771118164062e+00 5.682879686355590820e-01 -7.662870734930038452e-02 8.192541003227233887e-01 -1.184270668029785156e+01
8.612508177757263184e-01 -2.346819788217544556e-01 -4.507461190223693848e-01 -8.261447906494140625e+00 2.388354390859603882e-01 9.698432087898254395e-01 -4.860251024365425110e-02 -5.200122833251953125e+00 4.485591948032379150e-01 -6.579522788524627686e-02 8.913282155990600586e-01 -1.215149021148681641e+01
8.705101609230041504e-01 -2.167482972145080566e-01 -4.418512880802154541e-01 -8.204510688781738281e+00 2.225283235311508179e-01 9.741281867027282715e-01 -3.944076970219612122e-02 -5.056387424468994141e+00 4.389683902263641357e-01 -6.399112939834594727e-02 8.962209820747375488e-01 -1.204531669616699219e+01
8.878880739212036133e-01 -1.692246347665786743e-01 -4.278038144111633301e-01 -7.976560592651367188e+00 1.682315915822982788e-01 9.849173426628112793e-01 -4.044273495674133301e-02 -4.888252258300781250e+00 4.281952977180480957e-01 -3.606190159916877747e-02 9.029662013053894043e-01 -1.111048030853271484e+01
9.130336046218872070e-01 -1.598666161298751831e-01 -3.752483725547790527e-01 -6.979988098144531250e+00 1.659516245126724243e-01 9.860000610351562500e-01 -1.628079079091548920e-02 -4.623911380767822266e+00 3.725975751876831055e-01 -4.740749672055244446e-02 9.267811179161071777e-01 -1.042406272888183594e+01
9.625839591026306152e-01 -1.138990223407745361e-01 -2.458839863538742065e-01 -4.498058319091796875e+00 1.161252334713935852e-01 9.932200908660888672e-01 -5.474417470395565033e-03 -4.872437000274658203e+00 2.448404729366302490e-01 -2.328377403318881989e-02 9.692836999893188477e-01 -1.074224758148193359e+01
9.506779909133911133e-01 -1.151906102895736694e-01 -2.879993915557861328e-01 -4.829679489135742188e+00 1.164562851190567017e-01 9.931135177612304688e-01 -1.279526855796575546e-02 -4.748014450073242188e+00 2.874898314476013184e-01 -2.137541584670543671e-02 9.575452208518981934e-01 -1.044310379028320312e+01
9.793201684951782227e-01 -4.627092927694320679e-02 -1.969500482082366943e-01 -2.564510107040405273e+00 5.053949728608131409e-02 9.985821247100830078e-01 1.669939979910850525e-02 -4.145412921905517578e+00 1.958984285593032837e-01 -2.630769647657871246e-02 9.802709817886352539e-01 -9.428077697753906250e+00
9.665916562080383301e-01 -9.665518999099731445e-02 -2.373995482921600342e-01 -2.534950017929077148e+00 9.259517490863800049e-02 9.953042864799499512e-01 -2.822060324251651764e-02 -3.828710317611694336e+00 2.390125095844268799e-01 5.295634269714355469e-03 9.710021615028381348e-01 -8.202209472656250000e+00
9.966059327125549316e-01 -2.750463783740997314e-02 -7.759685069322586060e-02 -5.391406416893005371e-01 2.997837774455547333e-02 9.990727901458740234e-01 3.089953958988189697e-02 -3.933483362197875977e+00 7.667475938796997070e-02 -3.312068805098533630e-02 9.965057969093322754e-01 -8.467287063598632812e+00
9.966483116149902344e-01 5.386319011449813843e-03 -8.162719011306762695e-02 5.668812990188598633e-01 -5.310491658747196198e-03 9.999845623970031738e-01 1.148430514149367809e-03 -3.938199281692504883e+00 8.163226395845413208e-02 -7.115761982277035713e-04 9.966622591018676758e-01 -7.924481868743896484e+00
9.945271611213684082e-01 3.100296109914779663e-02 -9.976717829704284668e-02 8.978927135467529297e-01 -2.947851084172725677e-02 9.994255900382995605e-01 1.672294735908508301e-02 -3.715593576431274414e+00 1.002283915877342224e-01 -1.369028072804212570e-02 9.948701262474060059e-01 -7.489737033843994141e+00
9.975603818893432617e-01 6.056620553135871887e-02 3.471920639276504517e-02 1.037672877311706543e+00 -6.244331970810890198e-02 9.964886903762817383e-01 5.578544363379478455e-02 -3.763772487640380859e+00 -3.121847286820411682e-02 -5.781737342476844788e-02 9.978392124176025391e-01 -7.428695201873779297e+00
9.970904588699340820e-01 7.619266957044601440e-02 -2.217440633103251457e-03 1.558705449104309082e+00 -7.594501227140426636e-02 9.955040812492370605e-01 5.660618096590042114e-02 -2.932503938674926758e+00 6.520234048366546631e-03 -5.627315118908882141e-02 9.983940720558166504e-01 -6.796446800231933594e+00
9.986836910247802734e-01 2.896981313824653625e-02 4.232675954699516296e-02 2.074636697769165039e+00 -3.396332636475563049e-02 9.918925166130065918e-01 1.224593743681907654e-01 -2.880361557006835938e+00 -3.843580186367034912e-02 -1.237358972430229187e-01 9.915704727172851562e-01 -6.038581371307373047e+00
9.899185299873352051e-01 1.140832006931304932e-01 8.394239842891693115e-02 1.567265748977661133e+00 -1.229926198720932007e-01 9.862935543060302734e-01 1.099902093410491943e-01 -2.561743021011352539e+00 -7.024371623992919922e-02 -1.192055717110633850e-01 9.903815984725952148e-01 -5.416521549224853516e+00
9.947500228881835938e-01 4.918153584003448486e-02 8.974517136812210083e-02 2.385656356811523438e+00 -6.495846062898635864e-02 9.810826778411865234e-01 1.823635846376419067e-01 -2.172889232635498047e+00 -7.907842844724655151e-02 -1.872350424528121948e-01 9.791265726089477539e-01 -4.590343952178955078e+00
9.779164195060729980e-01 3.896253556013107300e-02 2.053357809782028198e-01 2.924997806549072266e+00 -7.609683275222778320e-02 9.814099073410034180e-01 1.761916130781173706e-01 -1.845013976097106934e+00 -1.946533918380737305e-01 -1.879257708787918091e-01 9.627013802528381348e-01 -4.142532348632812500e+00
9.784619212150573730e-01 4.820167645812034607e-02 2.007223218679428101e-01 3.354277372360229492e+00 -8.720336109399795532e-02 9.778523445129394531e-01 1.902652680873870850e-01 -1.816849231719970703e+00 -1.871059238910675049e-01 -2.036709338426589966e-01 9.609941840171813965e-01 -3.822155714035034180e+00
9.861657023429870605e-01 -4.123864695429801941e-03 1.657109260559082031e-01 3.284209251403808594e+00 -2.195038460195064545e-02 9.876381754875183105e-01 1.552057266235351562e-01 -1.474844098091125488e+00 -1.643025875091552734e-01 -1.566956788301467896e-01 9.738847017288208008e-01 -3.138869047164916992e+00
9.860448837280273438e-01 -3.004866838455200195e-02 1.637421697378158569e-01 3.346235036849975586e+00 7.289764937013387680e-03 9.904243946075439453e-01 1.378605961799621582e-01 -9.409281611442565918e-01 -1.663172990083694458e-01 -1.347427666187286377e-01 9.768225550651550293e-01 -2.370419025421142578e+00
9.982436895370483398e-01 2.504205889999866486e-02 5.368380248546600342e-02 2.303245306015014648e+00 -3.026694618165493011e-02 9.946441650390625000e-01 9.882851690053939819e-02 -5.656878948211669922e-01 -5.092103779315948486e-02 -1.002799719572067261e-01 9.936553239822387695e-01 -1.856528878211975098e+00
9.770148992538452148e-01 5.330745875835418701e-02 2.063991576433181763e-01 3.454753398895263672e+00 -7.040362060070037842e-02 9.945894479751586914e-01 7.638679444789886475e-02 -3.214037716388702393e-01 -2.012104541063308716e-01 -8.916230499744415283e-02 9.754815697669982910e-01 -1.165045857429504395e+00
9.924455881118774414e-01 6.398803554475307465e-03 1.225216314196586609e-01 2.408248186111450195e+00 -1.070142164826393127e-02 9.993477463722229004e-01 3.449222445487976074e-02 -2.314231842756271362e-01 -1.222210377454757690e-01 -3.554278984665870667e-02 9.918663501739501953e-01 -7.394345402717590332e-01
9.824624061584472656e-01 1.473476551473140717e-02 1.858739852905273438e-01 3.946051836013793945e+00 -2.821579203009605408e-02 9.971413612365722656e-01 7.008919119834899902e-02 -1.596467047929763794e-01 -1.843098402023315430e-01 -7.410459965467453003e-02 9.800705909729003906e-01 -2.515875697135925293e-01
9.623378515243530273e-01 7.067690044641494751e-02 2.625066637992858887e-01 4.313599586486816406e+00 -1.023505851626396179e-01 9.887586832046508789e-01 1.090021878480911255e-01 7.218255102634429932e-02 -2.518513500690460205e-01 -1.317646950483322144e-01 9.587539434432983398e-01 2.403401583433151245e-01
9.640595316886901855e-01 6.361997872591018677e-02 2.579562962055206299e-01 4.005577087402343750e+00 -1.029922366142272949e-01 9.844782352447509766e-01 1.421089321374893188e-01 2.523581385612487793e-01 -2.449110746383666992e-01 -1.635685861110687256e-01 9.556482434272766113e-01 8.464188575744628906e-01
9.592335820198059082e-01 5.093447491526603699e-02 2.779886722564697266e-01 5.378463745117187500e+00 -6.785184890031814575e-02 9.963616728782653809e-01 5.157399550080299377e-02 4.228018522262573242e-01 -2.743501961231231689e-01 -6.833345443010330200e-02 9.591990709304809570e-01 1.484624147415161133e+00
9.559841752052307129e-01 4.979285970330238342e-02 2.891617715358734131e-01 5.322390079498291016e+00 -6.950807571411132812e-02 9.958755970001220703e-01 5.831085518002510071e-02 5.606759190559387207e-01 -2.850655913352966309e-01 -7.584338635206222534e-02 9.555028080940246582e-01 1.368813037872314453e+00
9.573880434036254883e-01 6.856938451528549194e-02 2.805457413196563721e-01 4.935599327087402344e+00 -8.076518028974533081e-02 9.962157011032104492e-01 3.213002905249595642e-02 9.698510766029357910e-01 -2.772807180881500244e-01 -5.341951549053192139e-02 9.593027234077453613e-01 3.092976808547973633e+00
9.438413381576538086e-01 3.332407772541046143e-02 3.287124037742614746e-01 5.703567981719970703e+00 -6.593136489391326904e-02 9.938870668411254883e-01 8.855212479829788208e-02 1.329575061798095703e+00 -3.237517476081848145e-01 -1.052515730261802673e-01 9.402691721916198730e-01 3.703636884689331055e+00
9.703738093376159668e-01 1.478420384228229523e-02 2.411546856164932251e-01 5.484697341918945312e+00 -4.094437882304191589e-02 9.937514662742614746e-01 1.038320139050483704e-01 1.261943340301513672e+00 -2.381130903959274292e-01 -1.106298342347145081e-01 9.649162292480468750e-01 2.651883840560913086e+00
9.673057794570922852e-01 2.692456357181072235e-02 2.521808743476867676e-01 6.780561923980712891e+00 -5.608843639492988586e-02 9.924387931823730469e-01 1.091808676719665527e-01 1.683049321174621582e+00 -2.473340928554534912e-01 -1.197556182742118835e-01 9.615011811256408691e-01 3.579069375991821289e+00
9.720829129219055176e-01 2.642752416431903839e-02 2.331431061029434204e-01 7.659822463989257812e+00 -5.004057660698890686e-02 9.941278696060180664e-01 9.595182538032531738e-02 1.345934987068176270e+00 -2.292382121086120605e-01 -1.049392372369766235e-01 9.676972031593322754e-01 3.922575950622558594e+00
9.553064107894897461e-01 2.390327490866184235e-02 2.946500778198242188e-01 7.886565685272216797e+00 -4.723266512155532837e-02 9.962630867958068848e-01 7.231499254703521729e-02 1.991059303283691406e+00 -2.918202579021453857e-01 -8.299993723630905151e-02 9.528650641441345215e-01 4.960922718048095703e+00
9.307006597518920898e-01 3.806788101792335510e-02 3.638002872467041016e-01 7.978143692016601562e+00 -6.577691435813903809e-02 9.957749843597412109e-01 6.407639384269714355e-02 2.064317941665649414e+00 -3.598231971263885498e-01 -8.356543630361557007e-02 9.292708635330200195e-01 5.135057926177978516e+00
9.177500009536743164e-01 1.007383018732070923e-01 3.841727375984191895e-01 1.028539276123046875e+01 -1.149125918745994568e-01 9.932762384414672852e-01 1.405686978250741959e-02 2.195725917816162109e+00 -3.801737129688262939e-01 -5.704684183001518250e-02 9.231541156768798828e-01 5.671666145324707031e+00
8.934691548347473145e-01 1.083429455757141113e-01 4.358614385128021240e-01 1.144040679931640625e+01 -1.328491419553756714e-01 9.907948970794677734e-01 2.604288235306739807e-02 2.144843578338623047e+00 -4.290274977684020996e-01 -8.117227256298065186e-02 8.996369838714599609e-01 4.915980339050292969e+00
9.109838008880615234e-01 8.051358908414840698e-02 4.045068323612213135e-01 1.139725112915039062e+01 -1.177040711045265198e-01 9.907256960868835449e-01 6.788384914398193359e-02 2.204167842864990234e+00 -3.952901065349578857e-01 -1.094533205032348633e-01 9.120120406150817871e-01 5.284089088439941406e+00
9.165552258491516113e-01 6.478293240070343018e-02 3.946260511875152588e-01 1.298975181579589844e+01 -9.018347412347793579e-02 9.948556423187255859e-01 4.613994434475898743e-02 2.212622642517089844e+00 -3.896070122718811035e-01 -7.787860184907913208e-02 9.176826477050781250e-01 5.265180587768554688e+00
9.209807515144348145e-01 9.670946747064590454e-02 3.774158358573913574e-01 1.300602912902832031e+01 -1.338043063879013062e-01 9.882953166961669922e-01 7.327140122652053833e-02 1.688453316688537598e+00 -3.659123778343200684e-01 -1.179815307259559631e-01 9.231408834457397461e-01 4.084647178649902344e+00
8.849962949752807617e-01 1.271581798791885376e-01 4.478978216648101807e-01 1.328153228759765625e+01 -1.862759590148925781e-01 9.783391356468200684e-01 9.030906856060028076e-02 2.046975851058959961e+00 -4.267121255397796631e-01 -1.633556336164474487e-01 8.895120024681091309e-01 3.920480251312255859e+00
8.959248661994934082e-01 1.035148501396179199e-01 4.319761693477630615e-01 1.391788101196289062e+01 -1.437748968601226807e-01 9.876975417137145996e-01 6.150791794061660767e-02 1.312673449516296387e+00 -4.202946424484252930e-01 -1.172138229012489319e-01 8.997852206230163574e-01 2.669472932815551758e+00
8.841924071311950684e-01 1.449505537748336792e-01 4.440644085407257080e-01 1.355010223388671875e+01 -1.827015727758407593e-01 9.822202324867248535e-01 4.316928982734680176e-02 1.127450227737426758e+00 -4.299114346504211426e-01 -1.193011701107025146e-01 8.949544429779052734e-01 1.948578357696533203e+00
8.897969126701354980e-01 1.139335334300994873e-01 4.419035017490386963e-01 1.289692115783691406e+01 -1.689220070838928223e-01 9.817810058593750000e-01 8.700726926326751709e-02 1.241780996322631836e+00 -4.239394962787628174e-01 -1.520662158727645874e-01 8.928326964378356934e-01 2.272363424301147461e+00
9.023861885070800781e-01 1.071988046169281006e-01 4.173811674118041992e-01 1.254510498046875000e+01 -1.713781207799911499e-01 9.779485464096069336e-01 1.193510815501213074e-01 1.345783829689025879e+00 -3.953831791877746582e-01 -1.792309433221817017e-01 9.008596539497375488e-01 1.893240094184875488e+00
8.971080780029296875e-01 1.239874064922332764e-01 4.240575730800628662e-01 1.120273017883300781e+01 -2.013638764619827271e-01 9.690729379653930664e-01 1.426513642072677612e-01 1.166617274284362793e+00 -3.932554721832275391e-01 -2.133631557226181030e-01 8.943298459053039551e-01 1.973496913909912109e+00
9.298807382583618164e-01 1.150312125682830811e-01 3.494123220443725586e-01 8.404094696044921875e+00 -2.001916766166687012e-01 9.551221132278442383e-01 2.183241397142410278e-01 8.458672165870666504e-01 -3.086173832416534424e-01 -2.729648947715759277e-01 9.111781716346740723e-01 2.484651088714599609e+00
9.537329077720642090e-01 8.960545808076858521e-02 2.869923412799835205e-01 6.476680755615234375e+00 -1.497147232294082642e-01 9.693331718444824219e-01 1.948830634355545044e-01 1.244446754455566406e+00 -2.607283890247344971e-01 -2.288335859775543213e-01 9.378998279571533203e-01 2.353455781936645508e+00
9.650371670722961426e-01 6.879175454378128052e-02 2.529242634773254395e-01 5.053442001342773438e+00 -1.214516609907150269e-01 9.724636673927307129e-01 1.989064961671829224e-01 1.821062207221984863e+00 -2.322762161493301392e-01 -2.226702868938446045e-01 9.468186497688293457e-01 4.093485355377197266e+00
9.255467653274536133e-01 4.648798331618309021e-02 3.757700622081756592e-01 6.618428707122802734e+00 -1.129269525408744812e-01 9.811590909957885742e-01 1.567635685205459595e-01 1.061519622802734375e+00 -3.614020943641662598e-01 -1.875265389680862427e-01 9.133574962615966797e-01 2.569208145141601562e+00
9.453712701797485352e-01 7.613822817802429199e-02 3.169791698455810547e-01 5.057052135467529297e+00 -1.330628246068954468e-01 9.777806997299194336e-01 1.619868129491806030e-01 6.391518712043762207e-01 -2.976023852825164795e-01 -1.953156888484954834e-01 9.344968795776367188e-01 2.159651756286621094e+00
9.512770771980285645e-01 1.157874315977096558e-01 2.857713401317596436e-01 5.582177639007568359e+00 -1.355730146169662476e-01 9.894856214523315430e-01 5.038104578852653503e-02 4.969317913055419922e-01 -2.769329547882080078e-01 -8.666917681694030762e-02 9.569726586341857910e-01 2.177870512008666992e+00
9.994083046913146973e-01 -2.315195975825190544e-03 3.432743996381759644e-02 1.621628642082214355e+00 -4.211020859656855464e-05 9.976500868797302246e-01 6.851320713758468628e-02 4.866454124450683594e+00 -3.440541774034500122e-02 -6.847401708364486694e-02 9.970594048500061035e-01 1.135854339599609375e+01
9.993758797645568848e-01 -1.524952240288257599e-02 3.185170516371726990e-02 1.759862780570983887e+00 1.289768889546394348e-02 9.972662925720214844e-01 7.275933027267456055e-02 4.738319873809814453e+00 -3.287401795387268066e-02 -7.230330258607864380e-02 9.968408942222595215e-01 1.104616451263427734e+01
9.996246099472045898e-01 -2.668642811477184296e-02 6.181029602885246277e-03 1.119214057922363281e+00 2.617346122860908508e-02 9.970675706863403320e-01 7.190931588411331177e-02 4.663227558135986328e+00 -8.081919513642787933e-03 -7.172055542469024658e-02 9.973920583724975586e-01 1.135829639434814453e+01
9.970611929893493652e-01 -7.038985192775726318e-02 -3.023036569356918335e-02 1.772530317306518555e+00 7.178977876901626587e-02 9.962624907493591309e-01 4.803090542554855347e-02 4.548576831817626953e+00 2.673634141683578491e-02 -5.005981773138046265e-02 9.983881115913391113e-01 1.122368144989013672e+01
9.760400056838989258e-01 -6.986103951930999756e-02 -2.060683369636535645e-01 6.487705707550048828e-01 7.976073026657104492e-02 9.960061311721801758e-01 4.012088105082511902e-02 4.607177257537841797e+00 2.024426311254501343e-01 -5.559544637799263000e-02 9.777145981788635254e-01 1.205991840362548828e+01
9.851857423782348633e-01 -2.315502800047397614e-02 -1.699194908142089844e-01 5.054503083229064941e-01 4.022303223609924316e-02 9.944021701812744141e-01 9.770526736974716187e-02 4.898716449737548828e+00 1.667058467864990234e-01 -1.030924990773200989e-01 9.806025028228759766e-01 1.202344989776611328e+01
9.756404757499694824e-01 -2.703509852290153503e-02 -2.177022695541381836e-01 -2.089675903320312500e+00 4.351763427257537842e-02 9.965069293975830078e-01 7.127678394317626953e-02 5.232871055603027344e+00 2.150149792432785034e-01 -7.901467382907867432e-02 9.734092354774475098e-01 1.259178829193115234e+01
9.821770787239074707e-01 1.002820301800966263e-02 -1.876876801252365112e-01 -1.639037132263183594e+00 3.858674317598342896e-03 9.972889423370361328e-01 7.347936183214187622e-02 4.998114585876464844e+00 1.879155039787292480e-01 -7.289370149374008179e-02 9.794762730598449707e-01 1.208974838256835938e+01
9.874352216720581055e-01 2.566105872392654419e-02 -1.559282392263412476e-01 -5.500461459159851074e-01 -1.935985498130321503e-02 9.989380836486816406e-01 4.180033504962921143e-02 4.843940258026123047e+00 1.568353176116943359e-01 -3.825624659657478333e-02 9.868835806846618652e-01 1.211890411376953125e+01
9.759613275527954102e-01 -1.138774678111076355e-02 -2.176481336355209351e-01 -2.018877983093261719e+00 2.620695903897285461e-02 9.975197315216064453e-01 6.532513350248336792e-02 4.837712287902832031e+00 2.163645178079605103e-01 -6.945876777172088623e-02 9.738386869430541992e-01 1.176685047149658203e+01
9.759317040443420410e-01 -6.065681576728820801e-02 -2.094711959362030029e-01 -2.530584812164306641e+00 7.231345027685165405e-02 9.962050318717956543e-01 4.843970760703086853e-02 4.775559425354003906e+00 2.057380676269531250e-01 -6.242201477289199829e-02 9.766142368316650391e-01 1.247812747955322266e+01
9.753389358520507812e-01 -7.287520170211791992e-02 -2.083332985639572144e-01 -2.642609834671020508e+00 8.501306921243667603e-02 9.951288104057312012e-01 4.990627989172935486e-02 4.073042392730712891e+00 2.036816924810409546e-01 -6.638660281896591187e-02 9.767836928367614746e-01 1.148724651336669922e+01
9.889836311340332031e-01 -3.149420768022537231e-02 -1.446397304534912109e-01 -3.520247220993041992e+00 3.394332900643348694e-02 9.993188977241516113e-01 1.449713483452796936e-02 3.976872444152832031e+00 1.440844386816024780e-01 -1.924696937203407288e-02 9.893782734870910645e-01 1.088748073577880859e+01
9.855973124504089355e-01 -2.159497141838073730e-02 -1.677258908748626709e-01 -4.232539653778076172e+00 2.767094969749450684e-02 9.990398883819580078e-01 3.397173434495925903e-02 4.232860088348388672e+00 1.668311357498168945e-01 -3.812351822853088379e-02 9.852481484413146973e-01 1.110939216613769531e+01
9.788345694541931152e-01 -2.550341002643108368e-02 -2.030582576990127563e-01 -5.068627834320068359e+00 2.707987464964389801e-02 9.996207952499389648e-01 4.985393024981021881e-03 4.475430011749267578e+00 2.028535306453704834e-01 -1.037853397428989410e-02 9.791540503501892090e-01 1.121037578582763672e+01
9.611754417419433594e-01 -4.053032770752906799e-02 -2.729469239711761475e-01 -7.630674362182617188e+00 5.114531144499778748e-02 9.981820583343505859e-01 3.188653662800788879e-02 4.477937221527099609e+00 2.711580693721771240e-01 -4.460855945944786072e-02 9.615004062652587891e-01 1.184474849700927734e+01
9.776324033737182617e-01 6.303241848945617676e-02 -2.006525248289108276e-01 -6.240525722503662109e+00 -6.262031942605972290e-02 9.980015158653259277e-01 8.405786938965320587e-03 5.109235286712646484e+00 2.007808685302734375e-01 4.347079433500766754e-03 9.796262979507446289e-01 1.263837337493896484e+01
9.672825336456298828e-01 3.029805608093738556e-02 -2.518850266933441162e-01 -7.606836318969726562e+00 -2.862367592751979828e-02 9.995369315147399902e-01 1.030718535184860229e-02 5.395837306976318359e+00 2.520808577537536621e-01 -2.759674796834588051e-03 9.677021503448486328e-01 1.299143409729003906e+01
9.781128168106079102e-01 4.092125967144966125e-02 -2.040111273527145386e-01 -9.118885040283203125e+00 -3.903194144368171692e-02 9.991501569747924805e-01 1.327905897051095963e-02 5.591985702514648438e+00 2.043813467025756836e-01 -5.026158411055803299e-03 9.788788557052612305e-01 1.349591636657714844e+01
9.684243202209472656e-01 2.685359492897987366e-02 -2.478590309619903564e-01 -8.950455665588378906e+00 -2.291025966405868530e-02 9.995611906051635742e-01 1.877987012267112732e-02 5.638651371002197266e+00 2.482542395591735840e-01 -1.250851340591907501e-02 9.686141014099121094e-01 1.381341075897216797e+01
9.732630252838134766e-01 5.130785331130027771e-02 -2.238893955945968628e-01 -9.673277854919433594e+00 -4.319231957197189331e-02 9.982243180274963379e-01 4.099832847714424133e-02 5.572763442993164062e+00 2.255949974060058594e-01 -3.023103624582290649e-02 9.737516045570373535e-01 1.381689739227294922e+01
9.611380100250244141e-01 2.212956175208091736e-02 -2.751800417900085449e-01 -1.064004039764404297e+01 -8.605808950960636139e-03 9.986993670463562012e-01 5.025720968842506409e-02 5.560439109802246094e+00 2.759343683719635010e-01 -4.593639820814132690e-02 9.600785374641418457e-01 1.368900394439697266e+01
9.763619899749755859e-01 3.550975024700164795e-02 -2.132041901350021362e-01 -1.035700035095214844e+01 -2.805728837847709656e-02 9.988882541656494141e-01 3.787888586521148682e-02 5.985774040222167969e+00 2.143120169639587402e-01 -3.100122511386871338e-02 9.762730002403259277e-01 1.425579547882080078e+01
9.148634672164916992e-01 -4.343070462346076965e-02 -4.014177322387695312e-01 -1.326738834381103516e+01 7.482160627841949463e-02 9.952141046524047852e-01 6.284844130277633667e-02 5.420024871826171875e+00 3.967673778533935547e-01 -8.753284066915512085e-02 9.137358069419860840e-01 1.358697414398193359e+01
9.421058893203735352e-01 -5.514847487211227417e-02 -3.307499289512634277e-01 -1.412616443634033203e+01 8.503038436174392700e-02 9.934327602386474609e-01 7.655833661556243896e-02 5.989035606384277344e+00 3.243556618690490723e-01 -1.002498567104339600e-01 9.406080245971679688e-01 1.474880027770996094e+01
9.617873430252075195e-01 -4.284049198031425476e-02 -2.704265415668487549e-01 -1.306804466247558594e+01 6.447575986385345459e-02 9.953454136848449707e-01 7.163044065237045288e-02 5.641016483306884766e+00 2.660990655422210693e-01 -8.632892370223999023e-02 9.600722789764404297e-01 1.509418773651123047e+01
9.349643588066101074e-01 -1.292441971600055695e-02 -3.545064628124237061e-01 -1.478972530364990234e+01 6.323259323835372925e-02 9.894040822982788086e-01 1.306977570056915283e-01 5.850138187408447266e+00 3.490608036518096924e-01 -1.446143984794616699e-01 9.258743524551391602e-01 1.547897338867187500e+01
9.693011045455932617e-01 4.611681774258613586e-02 -2.415152937173843384e-01 -1.221990203857421875e+01 -2.949071489274501801e-02 9.969682097434997559e-01 7.200918346643447876e-02 6.288548946380615234e+00 2.441038638353347778e-01 -6.267581880092620850e-02 9.677217602729797363e-01 1.671662330627441406e+01
9.878313541412353516e-01 1.047321185469627380e-01 -1.149791106581687927e-01 -9.150447845458984375e+00 -9.584395587444305420e-02 9.921527504920959473e-01 8.029070496559143066e-02 6.226171016693115234e+00 1.224861890077590942e-01 -6.829369813203811646e-02 9.901177287101745605e-01 1.620899772644042969e+01
9.888988137245178223e-01 1.004237830638885498e-01 -1.095124557614326477e-01 -9.630783081054687500e+00 -9.169840812683105469e-02 9.924040436744689941e-01 8.200562745332717896e-02 6.317331314086914062e+00 1.169161126017570496e-01 -7.105344533920288086e-02 9.905967712402343750e-01 1.652144622802734375e+01
9.738149642944335938e-01 2.973490394651889801e-02 -2.253907024860382080e-01 -1.354940319061279297e+01 -1.083633769303560257e-02 9.963536858558654785e-01 8.462768793106079102e-02 6.252570629119873047e+00 2.270851284265518188e-01 -7.996940612792968750e-02 9.705860614776611328e-01 1.806792068481445312e+01
9.616975784301757812e-01 4.691032227128744125e-03 -2.740712463855743408e-01 -1.491254711151123047e+01 1.180210616439580917e-02 9.982176423072814941e-01 5.849721655249595642e-02 6.456331253051757812e+00 2.738575637340545654e-01 -5.949101224541664124e-02 9.599283933639526367e-01 1.899845886230468750e+01
9.543948173522949219e-01 1.165157649666070938e-02 -2.983202636241912842e-01 -1.485660934448242188e+01 9.470025077462196350e-03 9.975535869598388672e-01 6.926168501377105713e-02 6.752486705780029297e+00 2.983970940113067627e-01 -6.892851740121841431e-02 9.519494175910949707e-01 1.934571838378906250e+01
9.187559485435485840e-01 -2.417100965976715088e-02 -3.940853476524353027e-01 -1.505193805694580078e+01 4.715984687209129333e-02 9.976968169212341309e-01 4.875313118100166321e-02 6.409708499908447266e+00 3.919994831085205078e-01 -6.337693333625793457e-02 9.177798628807067871e-01 1.809399986267089844e+01
8.958223462104797363e-01 1.574593130499124527e-03 -4.444096982479095459e-01 -1.573597908020019531e+01 2.219301089644432068e-02 9.985880851745605469e-01 4.827424511313438416e-02 6.405883312225341797e+00 4.438579380512237549e-01 -5.310839042067527771e-02 8.945220112800598145e-01 1.771179389953613281e+01
8.840349316596984863e-01 -3.953736647963523865e-02 -4.657463729381561279e-01 -1.693607711791992188e+01 6.376747786998748779e-02 9.973015785217285156e-01 3.637712448835372925e-02 6.502954006195068359e+00 4.630510509014129639e-01 -6.185825914144515991e-02 8.841702938079833984e-01 1.782129669189453125e+01
9.002614617347717285e-01 -4.298223555088043213e-02 -4.332239925861358643e-01 -1.849423217773437500e+01 1.138319671154022217e-01 9.837353229522705078e-01 1.389490216970443726e-01 7.069345951080322266e+00 4.202047586441040039e-01 -1.744054108858108521e-01 8.905112743377685547e-01 1.910600662231445312e+01
9.172602891921997070e-01 3.364560427144169807e-03 -3.982743024826049805e-01 -1.782939529418945312e+01 8.392556011676788330e-02 9.758795499801635742e-01 2.015333324670791626e-01 7.695025444030761719e+00 3.893457353115081787e-01 -2.182839214801788330e-01 8.948532938957214355e-01 2.039406585693359375e+01
9.241017699241638184e-01 3.298041224479675293e-02 -3.807197213172912598e-01 -1.618412399291992188e+01 5.916787683963775635e-02 9.719066619873046875e-01 2.278096526861190796e-01 8.117294311523437500e+00 3.775373101234436035e-01 -2.330460995435714722e-01 8.961892127990722656e-01 2.021697616577148438e+01
8.764823675155639648e-01 9.837060421705245972e-02 -4.712772071361541748e-01 -1.478338241577148438e+01 -4.115280881524085999e-02 9.906283617019653320e-01 1.302396506071090698e-01 6.149076938629150391e+00 4.796724021434783936e-01 -9.475839138031005859e-02 8.723160624504089355e-01 1.850972366333007812e+01
8.521768450736999512e-01 -3.699715249240398407e-03 -5.232396721839904785e-01 -1.762447166442871094e+01 5.652740597724914551e-02 9.947733283042907715e-01 8.502885699272155762e-02 5.908298015594482422e+00 5.201910138130187988e-01 -1.020374968647956848e-01 8.479324579238891602e-01 1.832287406921386719e+01
8.390858769416809082e-01 -3.605660796165466309e-02 -5.428026914596557617e-01 -1.791813659667968750e+01 7.621347904205322266e-02 9.957516789436340332e-01 5.166965723037719727e-02 5.577134609222412109e+00 5.386337041854858398e-01 -8.472380787134170532e-02 8.382694721221923828e-01 1.691466140747070312e+01
8.180699944496154785e-01 -7.002144306898117065e-02 -5.708415508270263672e-01 -2.006639099121093750e+01 1.297076493501663208e-01 9.894521236419677734e-01 6.451349705457687378e-02 5.538450241088867188e+00 5.603026151657104492e-01 -1.268187314271926880e-01 8.185222148895263672e-01 1.717897033691406250e+01
7.816702723503112793e-01 -1.094320639967918396e-01 -6.140162944793701172e-01 -2.060240173339843750e+01 1.781157106161117554e-01 9.826558232307434082e-01 5.161713808774948120e-02 5.303570270538330078e+00 5.977175831794738770e-01 -1.497130990028381348e-01 7.876039743423461914e-01 1.653183937072753906e+01
7.985044121742248535e-01 -8.636526763439178467e-02 -5.957610011100769043e-01 -2.142175483703613281e+01 1.474807113409042358e-01 9.875613451004028320e-01 5.450712144374847412e-02 5.500425338745117188e+00 5.836429595947265625e-01 -1.313875317573547363e-01 8.013099431991577148e-01 1.696550941467285156e+01
7.666397690773010254e-01 -9.030460566282272339e-02 -6.356960535049438477e-01 -2.189270019531250000e+01 1.548896282911300659e-01 9.868324398994445801e-01 4.660878330469131470e-02 5.275755882263183594e+00 6.231160163879394531e-01 -1.341945230960845947e-01 7.705313563346862793e-01 1.607259178161621094e+01
7.944633960723876953e-01 -1.035207062959671021e-01 -5.984238386154174805e-01 -2.374235534667968750e+01 2.000835537910461426e-01 9.749681353569030762e-01 9.697094559669494629e-02 5.543163299560546875e+00 5.734056234359741211e-01 -1.967759728431701660e-01 7.952890396118164062e-01 1.615776443481445312e+01
8.295268416404724121e-01 -7.972552627325057983e-02 -5.527472496032714844e-01 -2.318649673461914062e+01 1.923695504665374756e-01 9.699769616127014160e-01 1.487906426191329956e-01 5.845803737640380859e+00 5.242896676063537598e-01 -2.297574579715728760e-01 8.199585676193237305e-01 1.586681747436523438e+01
8.714990615844726562e-01 -7.315382361412048340e-02 -4.849100708961486816e-01 -2.241182899475097656e+01 1.796399354934692383e-01 9.677020311355590820e-01 1.768683940172195435e-01 5.962876796722412109e+00 4.563100934028625488e-01 -2.412499189376831055e-01 8.564928770065307617e-01 1.533627414703369141e+01
8.739606142044067383e-01 -9.386700391769409180e-02 -4.768452942371368408e-01 -2.290645980834960938e+01 1.800736188888549805e-01 9.738776087760925293e-01 1.383302807807922363e-01 5.556402683258056641e+00 4.514042735099792480e-01 -2.067623734474182129e-01 8.680341243743896484e-01 1.505864238739013672e+01
8.542577624320983887e-01 -7.166741043329238892e-02 -5.148854851722717285e-01 -2.235335922241210938e+01 1.700215339660644531e-01 9.744977951049804688e-01 1.464446038007736206e-01 5.389552593231201172e+00 4.912597835063934326e-01 -2.126428335905075073e-01 8.446578979492187500e-01 1.441944980621337891e+01
8.427275419235229492e-01 -8.471817523241043091e-02 -5.316320657730102539e-01 -2.359691810607910156e+01 1.910555511713027954e-01 9.703221321105957031e-01 1.482306718826293945e-01 5.478740215301513672e+00 5.032963752746582031e-01 -2.264898568391799927e-01 8.339031934738159180e-01 1.407070350646972656e+01
8.929042220115661621e-01 -5.601782351732254028e-02 -4.467483758926391602e-01 -2.169693374633789062e+01 1.493164151906967163e-01 9.729201793670654297e-01 1.764398068189620972e-01 5.117305278778076172e+00 4.247668683528900146e-01 -2.242495715618133545e-01 8.770893216133117676e-01 1.280957508087158203e+01
9.032745361328125000e-01 -6.086065247654914856e-02 -4.247253537178039551e-01 -2.116167831420898438e+01 1.525783985853195190e-01 9.707471728324890137e-01 1.853898018598556519e-01 4.757577419281005859e+00 4.010178744792938232e-01 -2.322615683078765869e-01 8.861370086669921875e-01 1.252965545654296875e+01
8.882429003715515137e-01 -2.160607092082500458e-02 -4.588652849197387695e-01 -2.191515541076660156e+01 9.346408396959304810e-02 9.864991903305053711e-01 1.344715058803558350e-01 5.412959575653076172e+00 4.497646093368530273e-01 -1.623309254646301270e-01 8.782708644866943359e-01 1.314467144012451172e+01
8.637472987174987793e-01 -4.285435751080513000e-02 -5.020997524261474609e-01 -2.266640472412109375e+01 1.287547647953033447e-01 9.820732474327087402e-01 1.376724541187286377e-01 4.954027652740478516e+00 4.871990382671356201e-01 -1.835617125034332275e-01 8.537811040878295898e-01 1.293825626373291016e+01
8.478299379348754883e-01 -9.651535749435424805e-02 -5.214110016822814941e-01 -2.457785034179687500e+01 1.798727661371231079e-01 9.773422479629516602e-01 1.115685403347015381e-01 4.547781467437744141e+00 4.988287389278411865e-01 -1.883782446384429932e-01 8.459805250167846680e-01 1.271741676330566406e+01
8.420630097389221191e-01 -5.839049443602561951e-02 -5.362099409103393555e-01 -2.388010406494140625e+01 1.495486795902252197e-01 9.804232120513916016e-01 1.280878037214279175e-01 4.375489711761474609e+00 5.182332992553710938e-01 -1.880475431680679321e-01 8.343098163604736328e-01 1.167403793334960938e+01
8.138211965560913086e-01 -7.620581984519958496e-02 -5.760969519615173340e-01 -2.499539184570312500e+01 2.053012400865554810e-01 9.651396274566650391e-01 1.623502969741821289e-01 4.114022731781005859e+00 5.436422228813171387e-01 -2.503975331783294678e-01 8.010962009429931641e-01 1.091295909881591797e+01
8.061845898628234863e-01 -1.386969536542892456e-01 -5.751776695251464844e-01 -2.694384193420410156e+01 2.269978225231170654e-01 9.702479839324951172e-01 8.420281857252120972e-02 3.781445264816284180e+00 5.463861823081970215e-01 -1.984469890594482422e-01 8.136833310127258301e-01 1.013938808441162109e+01
8.341420888900756836e-01 -7.351247966289520264e-02 -5.466284751892089844e-01 -2.454319000244140625e+01 1.765830367803573608e-01 9.745055437088012695e-01 1.384073048830032349e-01 3.663003921508789062e+00 5.225181579589843750e-01 -2.119764983654022217e-01 8.258575201034545898e-01 1.017624759674072266e+01
8.497648239135742188e-01 -9.574990719556808472e-02 -5.183936357498168945e-01 -2.501563644409179688e+01 1.698917895555496216e-01 9.806413650512695312e-01 9.736081212759017944e-02 3.904420614242553711e+00 4.990358054637908936e-01 -1.708038449287414551e-01 8.495817184448242188e-01 1.014469242095947266e+01
8.685860633850097656e-01 -1.254664212465286255e-01 -4.793916642665863037e-01 -2.562889289855957031e+01 1.962194293737411499e-01 9.754238128662109375e-01 1.002330929040908813e-01 3.612613201141357422e+00 4.550343751907348633e-01 -1.811274290084838867e-01 8.718584775924682617e-01 9.575835227966308594e+00
8.523574471473693848e-01 -1.020379811525344849e-01 -5.129086971282958984e-01 -2.555410385131835938e+01 1.611446291208267212e-01 9.843031764030456543e-01 7.197432965040206909e-02 3.392935752868652344e+00 4.975134730339050293e-01 -1.440000534057617188e-01 8.554207086563110352e-01 8.567664146423339844e+00
8.211451172828674316e-01 -1.414999216794967651e-01 -5.529001951217651367e-01 -2.582752418518066406e+01 1.928403228521347046e-01 9.805896282196044922e-01 3.544262796640396118e-02 2.956990003585815430e+00 5.371531248092651367e-01 -1.357249468564987183e-01 8.324930667877197266e-01 7.972328186035156250e+00
7.727242708206176758e-01 -2.034709304571151733e-01 -6.012466549873352051e-01 -2.642350769042968750e+01 2.340238541364669800e-01 9.718245267868041992e-01 -2.811141684651374817e-02 2.437752246856689453e+00 5.900262594223022461e-01 -1.189840659499168396e-01 7.985692024230957031e-01 7.088653087615966797e+00
7.961333394050598145e-01 -1.640842854976654053e-01 -5.824502110481262207e-01 -2.577271842956542969e+01 1.999685019254684448e-01 9.797986149787902832e-01 -2.692910609766840935e-03 2.373818874359130859e+00 5.711256861686706543e-01 -1.143269836902618408e-01 8.128620386123657227e-01 7.441247940063476562e+00
7.781780958175659180e-01 -1.508331298828125000e-01 -6.096625924110412598e-01 -2.577906990051269531e+01 1.976864039897918701e-01 9.802166819572448730e-01 9.817912243306636810e-03 2.172637224197387695e+00 5.961208939552307129e-01 -1.281617581844329834e-01 7.926002144813537598e-01 6.058875560760498047e+00
7.956779003143310547e-01 -1.350163519382476807e-01 -5.904810428619384766e-01 -2.623011398315429688e+01 2.069035917520523071e-01 9.767888188362121582e-01 5.545709282159805298e-02 2.090800285339355469e+00 5.692877173423767090e-01 -1.662992238998413086e-01 8.051438927650451660e-01 6.223272323608398438e+00
7.754392623901367188e-01 -1.496456265449523926e-01 -6.134331822395324707e-01 -2.624025535583496094e+01 2.034378945827484131e-01 9.789155721664428711e-01 1.836129836738109589e-02 2.033214807510375977e+00 5.977513194084167480e-01 -1.390336006879806519e-01 7.895334362983703613e-01 5.717404365539550781e+00
7.831833362579345703e-01 -1.729376763105392456e-01 -5.972573161125183105e-01 -2.585845375061035156e+01 2.336559742689132690e-01 9.719992876052856445e-01 2.494762837886810303e-02 2.136028528213500977e+00 5.762193799018859863e-01 -1.590912491083145142e-01 8.016616702079772949e-01 5.614642143249511719e+00
7.637883424758911133e-01 -1.328606605529785156e-01 -6.316451430320739746e-01 -2.529098510742187500e+01 2.173412740230560303e-01 9.743788838386535645e-01 5.785834789276123047e-02 2.061669826507568359e+00 6.077747941017150879e-01 -1.814735382795333862e-01 7.730957269668579102e-01 5.764918804168701172e+00
7.588409185409545898e-01 -1.449555307626724243e-01 -6.349397897720336914e-01 -2.558987426757812500e+01 2.572685778141021729e-01 9.623455405235290527e-01 8.777020126581192017e-02 2.490267276763916016e+00 5.983088612556457520e-01 -2.299538254737854004e-01 7.675597667694091797e-01 6.307622432708740234e+00
7.357453107833862305e-01 -8.759180456399917603e-02 -6.715707182884216309e-01 -2.352576828002929688e+01 2.560388743877410889e-01 9.539837837219238281e-01 1.560794115066528320e-01 3.182070255279541016e+00 6.269959211349487305e-01 -2.867834270000457764e-01 7.243150472640991211e-01 6.669194221496582031e+00
7.275516390800476074e-01 -1.164502277970314026e-01 -6.760976910591125488e-01 -2.419463729858398438e+01 2.465956062078475952e-01 9.640159606933593750e-01 9.932154417037963867e-02 3.033434867858886719e+00 6.402029395103454590e-01 -2.389842420816421509e-01 7.300871014595031738e-01 6.040823936462402344e+00
