9.993858337402343750e-01 -2.954592928290367126e-02 1.884316839277744293e-02 3.527982950210571289e+00 2.440100908279418945e-02 9.726570248603820801e-01 2.309607565402984619e-01 5.298669338226318359e+00 -2.515188977122306824e-02 -2.303591072559356689e-01 9.727805852890014648e-01 1.246119689941406250e+01
9.993963241577148438e-01 -2.948196418583393097e-02 1.837515458464622498e-02 3.533921003341674805e+00 2.439969405531883240e-02 9.722165465354919434e-01 2.328082472085952759e-01 5.296972751617431641e+00 -2.472827397286891937e-02 -2.322193831205368042e-01 9.723489880561828613e-01 1.242336845397949219e+01
9.994046092033386230e-01 -2.951479330658912659e-02 1.786676049232482910e-02 3.539045095443725586e+00 2.454574406147003174e-02 9.721744060516357422e-01 2.329687029123306274e-01 5.295239925384521484e+00 -2.424562908709049225e-02 -2.323914468288421631e-01 9.723200798034667969e-01 1.239261054992675781e+01
9.994087815284729004e-01 -3.128299117088317871e-02 1.426600944250822067e-02 3.537038087844848633e+00 2.702696807682514191e-02 9.712679386138916016e-01 2.364489436149597168e-01 5.297749042510986328e+00 -2.125294879078865051e-02 -2.359235435724258423e-01 9.715392589569091797e-01 1.240532398223876953e+01
9.972246885299682617e-01 -6.673745065927505493e-02 -3.300196304917335510e-02 3.616721153259277344e+00 7.269810140132904053e-02 9.684823155403137207e-01 2.382370531558990479e-01 5.291208267211914062e+00 1.606249250471591949e-02 -2.399750202894210815e-01 9.706461429595947266e-01 1.212938022613525391e+01
9.996061921119689941e-01 -1.428799703717231750e-02 2.415318787097930908e-02 2.674566745758056641e+00 6.636638659983873367e-03 9.566282629966735840e-01 2.912358641624450684e-01 5.496721267700195312e+00 -2.726680226624011993e-02 -2.909609377384185791e-01 9.563462138175964355e-01 1.215957260131835938e+01
9.999076128005981445e-01 -6.560912355780601501e-03 1.190047804266214371e-02 2.691945075988769531e+00 3.885733196511864662e-03 9.772056937217712402e-01 2.122592329978942871e-01 5.314082145690917969e+00 -1.302182767540216446e-02 -2.121934294700622559e-01 9.771409034729003906e-01 1.222288322448730469e+01
9.986663460731506348e-01 3.641880303621292114e-02 -3.659631684422492981e-02 1.872066020965576172e+00 -2.951074205338954926e-02 9.842704534530639648e-01 1.741860359907150269e-01 5.070773601531982422e+00 4.236432164907455444e-02 -1.728736907243728638e-01 9.840324521064758301e-01 1.215829372406005859e+01
9.947686195373535156e-01 7.698634266853332520e-02 -6.714537739753723145e-02 1.002212643623352051e+00 -7.008516788482666016e-02 9.925467371940612793e-01 9.969440102577209473e-02 5.030975818634033203e+00 7.432004064321517944e-02 -9.446699172258377075e-02 9.927499890327453613e-01 1.197458934783935547e+01
9.925601482391357422e-01 -1.305561978369951248e-03 -1.217477545142173767e-01 1.791664242744445801e+00 1.329776179045438766e-02 9.951230883598327637e-01 9.774003922939300537e-02 5.402938842773437500e+00 1.210264042019844055e-01 -9.863185882568359375e-02 9.877369999885559082e-01 1.193714046478271484e+01
9.911609292030334473e-01 -2.225825935602188110e-02 -1.307848989963531494e-01 -8.956464380025863647e-02 3.881353884935379028e-02 9.913424253463745117e-01 1.254342496395111084e-01 4.049242973327636719e+00 1.268606483936309814e-01 -1.294017583131790161e-01 9.834436774253845215e-01 1.184861946105957031e+01
9.962062239646911621e-01 -3.616095706820487976e-02 -7.915531843900680542e-02 -4.686833322048187256e-01 4.983530193567276001e-02 9.827209711074829102e-01 1.782585531473159790e-01 5.044253349304199219e+00 7.134157419204711914e-02 -1.815270930528640747e-01 9.807947278022766113e-01 1.162311840057373047e+01
9.955296516418457031e-01 -1.829586923122406006e-02 -9.266129136085510254e-02 -6.150621771812438965e-01 3.675437346100807190e-02 9.787735939025878906e-01 2.016219943761825562e-01 5.189177513122558594e+00 8.700556308031082153e-02 -2.041264027357101440e-01 9.750704765319824219e-01 1.219273757934570312e+01
9.944407939910888672e-01 -3.608572855591773987e-02 -9.892093390226364136e-02 -1.305348992347717285e+00 5.504441633820533752e-02 9.790143966674804688e-01 1.962169259786605835e-01 4.975008964538574219e+00 8.976437896490097046e-02 -2.005711942911148071e-01 9.755580425262451172e-01 1.164011859893798828e+01
9.863612651824951172e-01 -4.466983303427696228e-02 -1.584177166223526001e-01 -2.365901947021484375e+00 8.505643904209136963e-02 9.623301625251770020e-01 2.582366168498992920e-01 5.086859226226806641e+00 1.409147530794143677e-01 -2.681890130043029785e-01 9.530046582221984863e-01 1.159333038330078125e+01
9.895710945129394531e-01 8.776956237852573395e-03 -1.437773257493972778e-01 -2.714766263961791992e+00 1.978390850126743317e-02 9.804012775421142578e-01 1.960150003433227539e-01 5.072049140930175781e+00 1.426799148321151733e-01 -1.968152821063995361e-01 9.700031280517578125e-01 1.168220901489257812e+01
9.867525100708007812e-01 -7.337724789977073669e-03 -1.620661914348602295e-01 -3.178631305694580078e+00 3.807200491428375244e-02 9.815525412559509277e-01 1.873635649681091309e-01 4.820263862609863281e+00 1.577016562223434448e-01 -1.910516619682312012e-01 9.688289761543273926e-01 1.189677047729492188e+01
9.834914803504943848e-01 2.730633690953254700e-02 -1.788823604583740234e-01 -4.602941513061523438e+00 7.571390364319086075e-03 9.814733862876892090e-01 1.914490014314651489e-01 4.835354804992675781e+00 1.807960569858551025e-01 -1.896428018808364868e-01 9.650639891624450684e-01 1.124763298034667969e+01
9.762808084487915039e-01 5.390888825058937073e-02 -2.096888571977615356e-01 -5.082631111145019531e+00 -1.270763576030731201e-02 9.811033010482788086e-01 1.930669248104095459e-01 5.163825035095214844e+00 2.161344438791275024e-01 -1.858228445053100586e-01 9.585174918174743652e-01 1.138343238830566406e+01
9.734839797019958496e-01 6.109491735696792603e-02 -2.204459458589553833e-01 -6.275695800781250000e+00 -2.052712067961692810e-02 9.831182360649108887e-01 1.818165183067321777e-01 4.113389015197753906e+00 2.278325110673904419e-01 -1.724703460931777954e-01 9.583039283752441406e-01 1.212445259094238281e+01
9.535356163978576660e-01 2.921231649816036224e-02 -2.998605966567993164e-01 -6.182508468627929688e+00 3.025791235268115997e-02 9.809706211090087891e-01 1.917839348316192627e-01 5.028555870056152344e+00 2.997568845748901367e-01 -1.919459700584411621e-01 9.345065355300903320e-01 1.167751216888427734e+01
9.264664649963378906e-01 -3.046494722366333008e-02 -3.751422762870788574e-01 -7.030689716339111328e+00 1.043383777141571045e-01 9.784432649612426758e-01 1.782198250293731689e-01 4.722001552581787109e+00 3.616259694099426270e-01 -2.042564302682876587e-01 9.096735715866088867e-01 1.140255069732666016e+01
9.449355006217956543e-01 -2.920830063521862030e-02 -3.259502649307250977e-01 -7.730305671691894531e+00 8.804684132337570190e-02 9.819743633270263672e-01 1.672549247741699219e-01 4.660825729370117188e+00 3.151895403861999512e-01 -1.867440640926361084e-01 9.304741621017456055e-01 1.154755687713623047e+01
9.571142792701721191e-01 -5.414743721485137939e-02 -2.846053540706634521e-01 -8.559496879577636719e+00 1.045772731304168701e-01 9.807164669036865234e-01 1.651027351617813110e-01 4.389645099639892578e+00 2.701772153377532959e-01 -1.877855062484741211e-01 9.443202614784240723e-01 1.216132354736328125e+01
9.259056448936462402e-01 -1.152266003191471100e-02 -3.775790333747863770e-01 -8.789829254150390625e+00 8.470539003610610962e-02 9.804149270057678223e-01 1.777963936328887939e-01 4.655170917510986328e+00 3.681354224681854248e-01 -1.966057121753692627e-01 9.087477326393127441e-01 1.173777580261230469e+01
9.255744218826293945e-01 -5.469327419996261597e-02 -3.745940029621124268e-01 -9.359681129455566406e+00 1.264915615320205688e-01 9.773183465003967285e-01 1.698495894670486450e-01 4.893383979797363281e+00 3.568079173564910889e-01 -2.045914530754089355e-01 9.114990830421447754e-01 1.175988483428955078e+01
9.324816465377807617e-01 -1.031382591463625431e-03 -3.612160086631774902e-01 -1.048634910583496094e+01 7.299407571554183960e-02 9.799034595489501953e-01 1.856367588043212891e-01 4.622320652008056641e+00 3.537653684616088867e-01 -1.994694620370864868e-01 9.138172864913940430e-01 1.128104209899902344e+01
9.053432345390319824e-01 -5.241823196411132812e-02 -4.214331507682800293e-01 -1.089776515960693359e+01 1.163691729307174683e-01 9.849913716316223145e-01 1.274757683277130127e-01 5.095343112945556641e+00 4.084260463714599609e-01 -1.644511371850967407e-01 8.978552222251892090e-01 1.120573806762695312e+01
8.783502578735351562e-01 -6.928299367427825928e-02 -4.729701280593872070e-01 -1.174121665954589844e+01 1.211198791861534119e-01 9.894092082977294922e-01 7.999751716852188110e-02 3.319328069686889648e+00 4.624184668064117432e-01 -1.275520175695419312e-01 8.774392008781433105e-01 1.129850196838378906e+01
8.936455249786376953e-01 -8.980429172515869141e-02 -4.396963417530059814e-01 -1.153455543518066406e+01 1.287402808666229248e-01 9.898931980133056641e-01 5.947627872228622437e-02 3.826062202453613281e+00 4.299111664295196533e-01 -1.097573786973953247e-01 8.961750268936157227e-01 1.100140666961669922e+01
8.976809382438659668e-01 -8.809822797775268555e-02 -4.317494630813598633e-01 -1.239936447143554688e+01 1.255189925432205200e-01 9.903413653373718262e-01 5.889680609107017517e-02 3.309809923171997070e+00 4.223906695842742920e-01 -1.070632487535476685e-01 9.000687003135681152e-01 1.141932868957519531e+01
8.973209261894226074e-01 -1.058808118104934692e-01 -4.284908473491668701e-01 -1.306355571746826172e+01 1.579567193984985352e-01 9.835393428802490234e-01 8.774964511394500732e-02 4.531473159790039062e+00 4.121466279029846191e-01 -1.464225649833679199e-01 8.992750644683837891e-01 1.037939548492431641e+01
8.872441053390502930e-01 -8.502008020877838135e-02 -4.533976614475250244e-01 -1.391050243377685547e+01 1.537252813577651978e-01 9.811822772026062012e-01 1.168325841426849365e-01 4.350956439971923828e+00 4.349326789379119873e-01 -1.733577400445938110e-01 8.836178779602050781e-01 1.011772346496582031e+01
8.574792742729187012e-01 -9.380234032869338989e-02 -5.058956146240234375e-01 -1.367744541168212891e+01 1.610074192285537720e-01 9.827788472175598145e-01 9.067790955305099487e-02 4.610837459564208984e+00 4.886776804924011230e-01 -1.592074036598205566e-01 8.578152060508728027e-01 9.639646530151367188e+00
8.463928103446960449e-01 -1.027594283223152161e-01 -5.225510597229003906e-01 -1.474132442474365234e+01 1.463817358016967773e-01 9.883040785789489746e-01 4.274964705109596252e-02 3.658132076263427734e+00 5.120463967323303223e-01 -1.126749962568283081e-01 8.515354394912719727e-01 9.369804382324218750e+00
8.607334494590759277e-01 -7.530076056718826294e-02 -5.034555196762084961e-01 -1.495316982269287109e+01 1.164312437176704407e-01 9.919038414955139160e-01 5.069992318749427795e-02 3.435800552368164062e+00 4.955617785453796387e-01 -1.022570654749870300e-01 8.625323176383972168e-01 8.722171783447265625e+00
8.634840250015258789e-01 -1.113170385360717773e-01 -4.919387996196746826e-01 -1.520529174804687500e+01 1.350486278533935547e-01 9.907555580139160156e-01 1.285599824041128159e-02 3.099806070327758789e+00 4.859600067138671875e-01 -7.753662019968032837e-02 8.705348968505859375e-01 8.611405372619628906e+00
8.805662393569946289e-01 -5.487331748008728027e-02 -4.707357883453369141e-01 -1.534982776641845703e+01 8.965753018856048584e-02 9.946261048316955566e-01 5.177203193306922913e-02 3.257937431335449219e+00 4.653652310371398926e-01 -8.779370039701461792e-02 8.807539939880371094e-01 7.695433616638183594e+00
8.742336630821228027e-01 -7.768139243125915527e-02 -4.792505502700805664e-01 -1.572743415832519531e+01 9.882648289203643799e-02 9.949230551719665527e-01 1.900971680879592896e-02 2.994165182113647461e+00 4.753407239913940430e-01 -6.398157775402069092e-02 8.774722218513488770e-01 7.189237117767333984e+00
8.562820553779602051e-01 -8.196523040533065796e-02 -5.099634528160095215e-01 -1.586715316772460938e+01 1.141409352421760559e-01 9.929470419883728027e-01 3.206059336662292480e-02 2.880321502685546875e+00 5.037388801574707031e-01 -8.566059172153472900e-02 8.595984578132629395e-01 6.921200752258300781e+00
8.762800097465515137e-01 -1.156616657972335815e-01 -4.677131474018096924e-01 -1.611616134643554688e+01 1.471011191606521606e-01 9.886317849159240723e-01 3.111944720149040222e-02 2.381901741027832031e+00 4.587967097759246826e-01 -9.607051312923431396e-02 8.833322525024414062e-01 6.317337512969970703e+00
8.650148510932922363e-01 -7.128756493330001831e-02 -4.966562390327453613e-01 -1.624330902099609375e+01 1.112248748540878296e-01 9.924722909927368164e-01 5.126328021287918091e-02 2.428951025009155273e+00 4.892630875110626221e-01 -9.958403557538986206e-02 8.664321303367614746e-01 5.665072441101074219e+00
8.473925590515136719e-01 -1.013794094324111938e-01 -5.211987495422363281e-01 -1.618850517272949219e+01 1.314066350460052490e-01 9.911089539527893066e-01 2.086535282433032990e-02 2.346380710601806641e+00 5.144493579864501953e-01 -8.617009967565536499e-02 8.531802892684936523e-01 4.932542800903320312e+00
8.109573721885681152e-01 -1.160044670104980469e-01 -5.734904408454895020e-01 -1.600008773803710938e+01 1.660244315862655640e-01 9.854850172996520996e-01 3.542874380946159363e-02 1.827330112457275391e+00 5.610563158988952637e-01 -1.239446625113487244e-01 8.184457421302795410e-01 4.838521480560302734e+00
8.275355100631713867e-01 -1.598399430513381958e-01 -5.381785035133361816e-01 -1.614780044555664062e+01 2.124989926815032959e-01 9.764704108238220215e-01 3.673778101801872253e-02 1.438629269599914551e+00 5.196431875228881836e-01 -1.447642147541046143e-01 8.420298695564270020e-01 3.906849145889282227e+00
8.272845745086669922e-01 -1.673742979764938354e-01 -5.362706780433654785e-01 -1.612722587585449219e+01 2.263254225254058838e-01 9.729900956153869629e-01 4.546578228473663330e-02 1.293565511703491211e+00 5.141762495040893555e-01 -1.589848101139068604e-01 8.428206443786621094e-01 3.102596998214721680e+00
8.320763707160949707e-01 -1.683153212070465088e-01 -5.285062789916992188e-01 -1.592218589782714844e+01 2.224195897579193115e-01 9.741325378417968750e-01 3.994019329547882080e-02 1.077690839767456055e+00 5.081126093864440918e-01 -1.507834345102310181e-01 8.479893207550048828e-01 2.746068954467773438e+00
8.236797451972961426e-01 -1.696131378412246704e-01 -5.410943031311035156e-01 -1.582762050628662109e+01 2.143080383539199829e-01 9.765590429306030273e-01 2.011461742222309113e-02 7.621179223060607910e-01 5.249989032745361328e-01 -1.325288712978363037e-01 8.407212495803833008e-01 2.321274042129516602e+00
8.239409923553466797e-01 -1.137699037790298462e-01 -5.551375746726989746e-01 -1.599172115325927734e+01 1.684141010046005249e-01 9.845376014709472656e-01 4.819079488515853882e-02 3.468802571296691895e-01 5.410711765289306641e-01 -1.331993490457534790e-01 8.303613066673278809e-01 1.582620620727539062e+00
8.261560201644897461e-01 -1.442109793424606323e-01 -5.446738004684448242e-01 -1.598490524291992188e+01 2.187149971723556519e-01 9.729684591293334961e-01 7.413595914840698242e-02 4.542221724987030029e-01 5.192592740058898926e-01 -1.803761869668960571e-01 8.353646993637084961e-01 9.293783307075500488e-01
8.298661112785339355e-01 -1.097632944583892822e-01 -5.470596551895141602e-01 -1.600062370300292969e+01 1.677194535732269287e-01 9.841882586479187012e-01 5.695349350571632385e-02 2.288489192724227905e-01 5.321582555770874023e-01 -1.390163153409957886e-01 8.351538777351379395e-01 4.156101644039154053e-01
8.369733095169067383e-01 -1.188459619879722595e-01 -5.341827869415283203e-01 -1.612040710449218750e+01 1.700646132230758667e-01 9.842886328697204590e-01 4.747587069869041443e-02 -1.364318430423736572e-01 5.201477408409118652e-01 -1.305816173553466797e-01 8.440347909927368164e-01 -3.803926110267639160e-01
8.104441761970520020e-01 -1.230232790112495422e-01 -5.727525949478149414e-01 -1.621886634826660156e+01 1.686704754829406738e-01 9.853016734123229980e-01 2.703250758349895477e-02 -1.746292561292648315e-01 5.610085725784301758e-01 -1.185147762298583984e-01 8.192824125289916992e-01 -8.855570554733276367e-01
8.015712499618530273e-01 -1.352771073579788208e-01 -5.823947191238403320e-01 -1.627840042114257812e+01 1.752498000860214233e-01 9.844441413879394531e-01 1.253871712833642960e-02 -3.562687933444976807e-01 5.716388225555419922e-01 -1.121152862906455994e-01 8.128094673156738281e-01 -1.642532706260681152e+00
7.781078219413757324e-01 -1.445730775594711304e-01 -6.112665534019470215e-01 -1.618493461608886719e+01 2.038880884647369385e-01 9.785912036895751953e-01 2.808743156492710114e-02 -7.357559204101562500e-01 5.941194295883178711e-01 -1.464851200580596924e-01 7.909260988235473633e-01 -2.079734563827514648e+00
7.765913009643554688e-01 -1.482461839914321899e-01 -6.123145222663879395e-01 -1.597342681884765625e+01 1.930669099092483521e-01 9.811583161354064941e-01 7.318338844925165176e-03 -8.878073692321777344e-01 5.996926426887512207e-01 -1.239009648561477661e-01 7.905804514884948730e-01 -2.380351305007934570e+00
7.432083487510681152e-01 -1.785514056682586670e-01 -6.447950601577758789e-01 -1.616152191162109375e+01 2.394630163908004761e-01 9.708790183067321777e-01 7.163769565522670746e-03 -1.263770222663879395e+00 6.247389316558837891e-01 -1.597287654876708984e-01 7.643219232559204102e-01 -3.102718591690063477e+00
7.672214508056640625e-01 -1.682216823101043701e-01 -6.189287900924682617e-01 -1.599115180969238281e+01 2.197193354368209839e-01 9.755364060401916504e-01 7.217295933514833450e-03 -1.606390714645385742e+00 6.025735139846801758e-01 -1.415278762578964233e-01 7.854139804840087891e-01 -3.689425945281982422e+00
7.730230689048767090e-01 -1.712442636489868164e-01 -6.108278036117553711e-01 -1.609690856933593750e+01 2.303122729063034058e-01 9.729369878768920898e-01 1.870714873075485229e-02 -1.832761287689208984e+00 5.910934209823608398e-01 -1.551422327756881714e-01 7.915424704551696777e-01 -4.394417285919189453e+00
7.625888586044311523e-01 -1.438371390104293823e-01 -6.306893825531005859e-01 -1.607278060913085938e+01 1.793981045484542847e-01 9.837484359741210938e-01 -7.440465036779642105e-03 -2.006600141525268555e+00 6.215099692344665527e-01 -1.074704453349113464e-01 7.759996652603149414e-01 -5.074970245361328125e+00
7.293952703475952148e-01 -1.917664408683776855e-01 -6.566644310951232910e-01 -1.615999412536621094e+01 2.140000164508819580e-01 9.756912589073181152e-01 -4.722986742854118347e-02 -2.261475801467895508e+00 6.497587561607360840e-01 -1.060769706964492798e-01 7.527025938034057617e-01 -5.337996006011962891e+00
6.973018050193786621e-01 -2.103065997362136841e-01 -6.852309107780456543e-01 -1.621967315673828125e+01 2.363222688436508179e-01 9.699886441230773926e-01 -5.721733346581459045e-02 -2.549520969390869141e+00 6.766993999481201172e-01 -1.220375671982765198e-01 7.260749340057373047e-01 -6.321985244750976562e+00
6.910212039947509766e-01 -2.229578793048858643e-01 -6.875897049903869629e-01 -1.616096878051757812e+01 2.639431059360504150e-01 9.633861780166625977e-01 -4.712736979126930237e-02 -2.786069393157958984e+00 6.729218959808349609e-01 -1.489184796810150146e-01 7.245684862136840820e-01 -6.690603256225585938e+00
7.028498053550720215e-01 -1.663731485605239868e-01 -6.916084289550781250e-01 -1.618427658081054688e+01 1.974983364343643188e-01 9.796795248985290527e-01 -3.496303409337997437e-02 -3.433286428451538086e+00 6.833715438842773438e-01 -1.120177209377288818e-01 7.214259505271911621e-01 -7.229230403900146484e+00
7.016710042953491211e-01 -1.771086901426315308e-01 -6.901378631591796875e-01 -1.613916397094726562e+01 2.180251032114028931e-01 9.755217432975769043e-01 -2.867762930691242218e-02 -3.121622085571289062e+00 6.783235669136047363e-01 -1.303451508283615112e-01 7.231094837188720703e-01 -7.971978187561035156e+00
6.623283028602600098e-01 -1.737945377826690674e-01 -7.287774682044982910e-01 -1.613352966308593750e+01 2.167109400033950806e-01 9.755828380584716797e-01 -3.569981455802917480e-02 -3.476073026657104492e+00 7.171872854232788086e-01 -1.342890858650207520e-01 6.838191747665405273e-01 -8.282257080078125000e+00
6.692713499069213867e-01 -1.915057599544525146e-01 -7.179146409034729004e-01 -1.604262924194335938e+01 2.319779396057128906e-01 9.717717766761779785e-01 -4.296287894248962402e-02 -3.696330547332763672e+00 7.058767080307006836e-01 -1.377865523099899292e-01 6.948041915893554688e-01 -9.020001411437988281e+00
6.647199392318725586e-01 -2.173333168029785156e-01 -7.147823572158813477e-01 -1.621371841430664062e+01 2.687028646469116211e-01 9.622761607170104980e-01 -4.270180314779281616e-02 -3.924912691116333008e+00 6.970984339714050293e-01 -1.636792868375778198e-01 6.980422139167785645e-01 -9.530532836914062500e+00
6.600452661514282227e-01 -2.597157061100006104e-01 -7.049028873443603516e-01 -1.611580467224121094e+01 2.704779207706451416e-01 9.575662016868591309e-01 -9.954185038805007935e-02 -4.119949817657470703e+00 7.008438706398010254e-01 -1.249585077166557312e-01 7.022843360900878906e-01 -1.023897552490234375e+01
6.318699121475219727e-01 -2.973034083843231201e-01 -7.157869935035705566e-01 -1.626252746582031250e+01 2.638680636882781982e-01 9.508560895919799805e-01 -1.620069742202758789e-01 -4.368145942687988281e+00 7.287757396697998047e-01 -8.650594204664230347e-02 6.792662739753723145e-01 -1.063588237762451172e+01
6.241848468780517578e-01 -2.882699668407440186e-01 -7.261499166488647461e-01 -1.625351715087890625e+01 2.140562385320663452e-01 9.569749832153320312e-01 -1.959050446748733521e-01 -4.569571495056152344e+00 7.513808012008666992e-01 -3.315603733062744141e-02 6.590352654457092285e-01 -1.121758651733398438e+01
6.200679540634155273e-01 -3.036034405231475830e-01 -7.234229445457458496e-01 -1.632489585876464844e+01 2.305375188589096069e-01 9.518902301788330078e-01 -2.018848955631256104e-01 -4.869323253631591797e+00 7.499121427536010742e-01 -4.159379005432128906e-02 6.602286100387573242e-01 -1.186570644378662109e+01
6.227880120277404785e-01 -3.092203140258789062e-01 -7.186918258666992188e-01 -1.631062316894531250e+01 2.643979191780090332e-01 9.477232098579406738e-01 -1.786460578441619873e-01 -5.045643806457519531e+00 7.363619804382324219e-01 -7.876195013523101807e-02 6.719878315925598145e-01 -1.244444274902343750e+01
6.159944534301757812e-01 -3.306629657745361328e-01 -7.149915695190429688e-01 -1.635183906555175781e+01 2.681275308132171631e-01 9.414519667625427246e-01 -2.043915688991546631e-01 -5.272624492645263672e+00 7.407148480415344238e-01 -6.580484658479690552e-02 6.685889959335327148e-01 -1.296729183197021484e+01
5.960695147514343262e-01 -3.233574032783508301e-01 -7.349429130554199219e-01 -1.626114463806152344e+01 2.316192835569381714e-01 9.456588625907897949e-01 -2.282145023345947266e-01 -5.466566085815429688e+00 7.688001394271850586e-01 -3.419531509280204773e-02 6.385741829872131348e-01 -1.353152084350585938e+01
5.087807178497314453e-01 -3.625415265560150146e-01 -7.808366417884826660e-01 -1.604478836059570312e+01 2.457198500633239746e-01 9.304286837577819824e-01 -2.718898653984069824e-01 -5.627305984497070312e+00 8.250842094421386719e-01 -5.353468284010887146e-02 5.624678134918212891e-01 -1.408458614349365234e+01
5.465772151947021484e-01 -3.882393836975097656e-01 -7.419726252555847168e-01 -1.584760761260986328e+01 2.342585176229476929e-01 9.215472340583801270e-01 -3.096348047256469727e-01 -5.937795162200927734e+00 8.039752244949340820e-01 -4.574115388095378876e-03 5.946450829505920410e-01 -1.456131649017333984e+01
6.112775802612304688e-01 -3.989055454730987549e-01 -6.835305690765380859e-01 -1.556071186065673828e+01 2.197287380695343018e-01 9.152679443359375000e-01 -3.376443386077880859e-01 -6.050770282745361328e+00 7.603018879890441895e-01 5.620311200618743896e-02 6.471338272094726562e-01 -1.498333358764648438e+01
5.284805893898010254e-01 -3.591663539409637451e-01 -7.692253589630126953e-01 -1.525592136383056641e+01 2.360744327306747437e-01 9.325319528579711914e-01 -2.732272148132324219e-01 -6.141605377197265625e+00 8.154613375663757324e-01 -3.719917312264442444e-02 5.776149630546569824e-01 -1.525986671447753906e+01
5.299203991889953613e-01 -4.266879856586456299e-01 -7.328858375549316406e-01 -1.487108230590820312e+01 2.197953313589096069e-01 9.037770628929138184e-01 -3.672561645507812500e-01 -6.482019424438476562e+00 8.190692663192749023e-01 3.353164345026016235e-02 5.727139115333557129e-01 -1.569340038299560547e+01
5.321397185325622559e-01 -4.370208978652954102e-01 -7.251483201980590820e-01 -1.459324073791503906e+01 1.960967630147933960e-01 8.968136310577392578e-01 -3.965744972229003906e-01 -6.538682937622070312e+00 8.236342072486877441e-01 6.883374601602554321e-02 5.629285573959350586e-01 -1.612436676025390625e+01
6.552980542182922363e-01 -4.878614842891693115e-01 -5.766936540603637695e-01 -1.433374404907226562e+01 1.804081499576568604e-01 8.424454927444458008e-01 -5.076795220375061035e-01 -6.947837352752685547e+00 7.335102558135986328e-01 2.286411970853805542e-01 6.400671005249023438e-01 -1.620709228515625000e+01
6.177893280982971191e-01 -4.810743033885955811e-01 -6.220158934593200684e-01 -1.394410800933837891e+01 1.748957186937332153e-01 8.552727103233337402e-01 -4.877704679965972900e-01 -7.107978343963623047e+00 7.666471004486083984e-01 1.925514489412307739e-01 6.125162839889526367e-01 -1.630684089660644531e+01
6.126021146774291992e-01 -4.574528038501739502e-01 -6.445584893226623535e-01 -1.335868644714355469e+01 2.007004916667938232e-01 8.787941336631774902e-01 -4.329434335231781006e-01 -7.160924434661865234e+00 7.644853591918945312e-01 1.358588486909866333e-01 6.301622390747070312e-01 -1.649677467346191406e+01
7.185918092727661133e-01 -4.290333390235900879e-01 -5.473173260688781738e-01 -1.275098800659179688e+01 1.772857010364532471e-01 8.740297555923461914e-01 -4.523734450340270996e-01 -7.132400035858154297e+00 6.724549531936645508e-01 2.280402332544326782e-01 7.041320204734802246e-01 -1.662970352172851562e+01
6.774450540542602539e-01 -4.804047346115112305e-01 -5.570273995399475098e-01 -1.214748287200927734e+01 2.008880078792572021e-01 8.493140339851379395e-01 -4.881696999073028564e-01 -7.056690216064453125e+00 7.076101899147033691e-01 2.188079208135604858e-01 6.718711256980895996e-01 -1.647342681884765625e+01
6.833080053329467773e-01 -4.721353054046630859e-01 -5.569365620613098145e-01 -1.143515777587890625e+01 1.466507613658905029e-01 8.359953165054321289e-01 -5.287771821022033691e-01 -7.274463176727294922e+00 7.152507901191711426e-01 2.796424627304077148e-01 6.404812932014465332e-01 -1.652479171752929688e+01
6.932471394538879395e-01 -4.815987944602966309e-01 -5.361632108688354492e-01 -1.086744785308837891e+01 1.942022442817687988e-01 8.412597179412841797e-01 -5.045468807220458984e-01 -7.191541194915771484e+00 6.940416097640991211e-01 2.456516176462173462e-01 6.767284870147705078e-01 -1.653478622436523438e+01
6.983888149261474609e-01 -4.760862886905670166e-01 -5.344107747077941895e-01 -1.013344764709472656e+01 1.499003022909164429e-01 8.274143934249877930e-01 -5.412164926528930664e-01 -7.231594562530517578e+00 6.998448371887207031e-01 2.978712618350982666e-01 6.492224931716918945e-01 -1.672348213195800781e+01
6.809900999069213867e-01 -5.190649628639221191e-01 -5.165501832962036133e-01 -9.481905937194824219e+00 1.509617567062377930e-01 7.897447347640991211e-01 -5.945702791213989258e-01 -7.326850414276123047e+00 7.165634036064147949e-01 3.269170820713043213e-01 6.161671876907348633e-01 -1.669562149047851562e+01
7.128928899765014648e-01 -4.989744126796722412e-01 -4.927557110786437988e-01 -8.828061103820800781e+00 1.355737000703811646e-01 7.874658107757568359e-01 -6.012630462646484375e-01 -7.337260246276855469e+00 6.880432963371276855e-01 3.618314266204833984e-01 6.290265917778015137e-01 -1.683634185791015625e+01
7.714124321937561035e-01 -4.467170834541320801e-01 -4.531741440296173096e-01 -8.203397750854492188e+00 1.230360716581344604e-01 8.034313321113586426e-01 -5.825462937355041504e-01 -7.328464508056640625e+00 6.243276596069335938e-01 3.936266601085662842e-01 6.747392416000366211e-01 -1.675595283508300781e+01
8.211683630943298340e-01 -3.777873814105987549e-01 -4.277374148368835449e-01 -7.585820674896240234e+00 9.554671496152877808e-02 8.299474120140075684e-01 -5.495981574058532715e-01 -7.310584068298339844e+00 5.626308917999267578e-01 4.104436635971069336e-01 7.176228165626525879e-01 -1.672384452819824219e+01
8.547066450119018555e-01 -3.579734265804290771e-01 -3.759405910968780518e-01 -6.975223541259765625e+00 1.071577519178390503e-01 8.302695751190185547e-01 -5.469640493392944336e-01 -7.206851482391357422e+00 5.079305768013000488e-01 4.272089004516601562e-01 7.479967474937438965e-01 -1.659201240539550781e+01
8.305069208145141602e-01 -3.943251073360443115e-01 -3.934032320976257324e-01 -6.342693805694580078e+00 1.134728565812110901e-01 8.112426996231079102e-01 -5.735931396484375000e-01 -7.228772163391113281e+00 5.453277230262756348e-01 4.317324459552764893e-01 7.184877991676330566e-01 -1.650978660583496094e+01
8.572739362716674805e-01 -3.761307299137115479e-01 -3.515780568122863770e-01 -5.676811218261718750e+00 1.062132269144058228e-01 7.973707914352416992e-01 -5.940696001052856445e-01 -7.157139301300048828e+00 5.037858486175537109e-01 4.719380736351013184e-01 7.235152125358581543e-01 -1.653745269775390625e+01
8.743029832839965820e-01 -3.494545817375183105e-01 -3.368616402149200439e-01 -5.021940708160400391e+00 7.527372986078262329e-02 7.832374572753906250e-01 -6.171491146087646484e-01 -7.163330554962158203e+00 4.795082509517669678e-01 5.142184495925903320e-01 7.110915780067443848e-01 -1.653266906738281250e+01
8.964917063713073730e-01 -3.107575476169586182e-01 -3.158043324947357178e-01 -4.326175689697265625e+00 6.905633211135864258e-02 8.020725250244140625e-01 -5.932208895683288574e-01 -7.219813823699951172e+00 4.376458227634429932e-01 5.100093483924865723e-01 7.405110597610473633e-01 -1.659971237182617188e+01
9.046835899353027344e-01 -2.792521715164184570e-01 -3.218163549900054932e-01 -3.647099971771240234e+00 6.577744334936141968e-02 8.377677202224731445e-01 -5.420502424240112305e-01 -7.212670803070068359e+00 4.209760725498199463e-01 4.692157208919525146e-01 7.762833237648010254e-01 -1.666464614868164062e+01
9.329279661178588867e-01 -2.141525596380233765e-01 -2.894547879695892334e-01 -3.035798311233520508e+00 4.309456422924995422e-02 8.645321726799011230e-01 -5.007264018058776855e-01 -7.233287334442138672e+00 3.574748039245605469e-01 4.546676278114318848e-01 8.157751560211181641e-01 -1.657543563842773438e+01
9.452382922172546387e-01 -1.914375126361846924e-01 -2.643411457538604736e-01 -2.391473293304443359e+00 6.914602965116500854e-02 9.089901447296142578e-01 -4.110421836376190186e-01 -7.169969558715820312e+00 3.189723789691925049e-01 3.702546060085296631e-01 8.724495172500610352e-01 -1.649653434753417969e+01
9.683641791343688965e-01 -1.211755126714706421e-01 -2.181451171636581421e-01 -1.861782908439636230e+00 3.080703504383563995e-02 9.255498051643371582e-01 -3.773706555366516113e-01 -7.073219776153564453e+00 2.476322501897811890e-01 3.587118685245513916e-01 9.000023007392883301e-01 -1.616068840026855469e+01
9.427353143692016602e-01 -2.359691858291625977e-01 -2.357299178838729858e-01 -1.418056845664978027e+00 8.928531408309936523e-02 8.594912290573120117e-01 -5.032922029495239258e-01 -6.834079742431640625e+00 3.213692307472229004e-01 4.534241855144500732e-01 8.313413858413696289e-01 -1.577758884429931641e+01
9.370585083961486816e-01 -2.838541865348815918e-01 -2.033423632383346558e-01 -1.040175199508666992e+00 1.164996474981307983e-01 8.031455278396606445e-01 -5.842817425727844238e-01 -6.682213306427001953e+00 3.291643559932708740e-01 5.238169431686401367e-01 7.856632471084594727e-01 -1.535682392120361328e+01
9.478921294212341309e-01 -2.753037810325622559e-01 -1.603382676839828491e-01 -6.874912977218627930e-01 1.593708842992782593e-01 8.455212712287902832e-01 -5.096026659011840820e-01 -6.516286373138427734e+00 2.758649289608001709e-01 4.574950933456420898e-01 8.453382849693298340e-01 -1.496976375579833984e+01
9.472018480300903320e-01 -2.872866988182067871e-01 -1.423903405666351318e-01 -4.067796468734741211e-01 1.764360517263412476e-01 8.378046154975891113e-01 -5.166755914688110352e-01 -6.360462665557861328e+00 2.677293717861175537e-01 4.642733037471771240e-01 8.442578315734863281e-01 -1.447599887847900391e+01
9.738036990165710449e-01 -2.224296480417251587e-01 -4.723750799894332886e-02 -6.862419098615646362e-02 1.798179000616073608e-01 8.804283142089843750e-01 -4.387614727020263672e-01 -6.087985038757324219e+00 1.391827762126922607e-01 4.187733829021453857e-01 8.973610997200012207e-01 -1.382281208038330078e+01
9.826202392578125000e-01 -1.854331046342849731e-01 -8.480891585350036621e-03 2.374613881111145020e-01 1.699004024267196655e-01 9.168364405632019043e-01 -3.613099753856658936e-01 -5.860943794250488281e+00 7.477441430091857910e-02 3.535895943641662598e-01 9.324072003364562988e-01 -1.330563259124755859e+01
9.910825490951538086e-01 -1.326238363981246948e-01 1.289607770740985870e-02 3.374735116958618164e-01 1.311143934726715088e-01 9.533696770668029785e-01 -2.718369364738464355e-01 -5.479476928710937500e+00 2.375734038650989532e-02 2.711037993431091309e-01 9.622568488121032715e-01 -1.276497077941894531e+01
9.988225102424621582e-01 -4.561189562082290649e-02 1.653059199452400208e-02 4.686360359191894531e-01 4.836678504943847656e-02 9.627987146377563477e-01 -2.658557593822479248e-01 -5.196985244750976562e+00 -3.789448412135243416e-03 2.663422524929046631e-01 9.638710021972656250e-01 -1.225980091094970703e+01
9.951140880584716797e-01 -9.146235883235931396e-02 3.718240186572074890e-02 5.224097371101379395e-01 9.860834479331970215e-02 9.394986033439636230e-01 -3.280529081821441650e-01 -5.054974079132080078e+00 -4.928323905915021896e-03 3.301165401935577393e-01 9.439272880554199219e-01 -1.169724559783935547e+01
9.924521446228027344e-01 -7.885965704917907715e-02 9.391434490680694580e-02 1.029603362083435059e+00 1.073595732450485229e-01 9.288361072540283203e-01 -3.545948565006256104e-01 -5.131268501281738281e+00 -5.926778912544250488e-02 3.620011210441589355e-01 9.302915930747985840e-01 -1.112635326385498047e+01
9.928198456764221191e-01 -8.319490402936935425e-02 8.594913035631179810e-02 1.162797093391418457e+00 1.079904735088348389e-01 9.324082136154174805e-01 -3.448956012725830078e-01 -4.692323207855224609e+00 -5.144612118601799011e-02 3.517009317874908447e-01 9.346976876258850098e-01 -1.051480007171630859e+01
9.898209571838378906e-01 -8.599332720041275024e-02 1.134003251791000366e-01 1.239476084709167480e+00 1.111846938729286194e-01 9.646376967430114746e-01 -2.389811426401138306e-01 -4.401828765869140625e+00 -8.883946388959884644e-02 2.491568624973297119e-01 9.643797874450683594e-01 -1.002127838134765625e+01
9.842984080314636230e-01 -6.628152728080749512e-02 1.635948568582534790e-01 1.491090536117553711e+00 1.159328073263168335e-01 9.416434168815612793e-01 -3.160179853439331055e-01 -4.115163326263427734e+00 -1.331018358469009399e-01 3.300220370292663574e-01 9.345423579216003418e-01 -9.522395133972167969e+00
9.956133365631103516e-01 -5.081400275230407715e-02 7.856179773807525635e-02 1.751184940338134766e+00 7.477657496929168701e-02 9.368299841880798340e-01 -3.416986167430877686e-01 -3.816681146621704102e+00 -5.623598024249076843e-02 3.460743427276611328e-01 9.365202188491821289e-01 -8.820519447326660156e+00
9.928441047668457031e-01 -5.128616839647293091e-02 1.078430190682411194e-01 1.813594818115234375e+00 8.480549603700637817e-02 9.386144280433654785e-01 -3.343814909458160400e-01 -3.689995765686035156e+00 -8.407386392354965210e-02 3.411343395709991455e-01 9.362472891807556152e-01 -8.375662803649902344e+00
9.872954487800598145e-01 -2.445191144943237305e-02 1.570031344890594482e-01 2.107656240463256836e+00 5.374338477849960327e-02 9.812417626380920410e-01 -1.851387023925781250e-01 -3.466000795364379883e+00 -1.495310366153717041e-01 1.912244260311126709e-01 9.700895547866821289e-01 -7.829874515533447266e+00
9.866729974746704102e-01 -3.577056899666786194e-02 1.587360650300979614e-01 2.112415313720703125e+00 5.532996356487274170e-02 9.911621212959289551e-01 -1.205657348036766052e-01 -3.087094068527221680e+00 -1.530204862356185913e-01 1.277418434619903564e-01 9.799320101737976074e-01 -7.346145629882812500e+00
9.740080833435058594e-01 -2.702494338154792786e-02 2.248950004577636719e-01 2.234763145446777344e+00 4.913443699479103088e-02 9.944247603416442871e-01 -9.330157935619354248e-02 -2.872354984283447266e+00 -2.211196869611740112e-01 1.019265651702880859e-01 9.699057340621948242e-01 -6.628763198852539062e+00
9.976870417594909668e-01 -2.910508215427398682e-02 6.142836809158325195e-02 2.734702348709106445e+00 3.819967061281204224e-02 9.875640273094177246e-01 -1.525058001279830933e-01 -2.447781324386596680e+00 -5.622575804591178894e-02 1.544996052980422974e-01 9.863916039466857910e-01 -6.235569477081298828e+00
9.973237514495849609e-01 -5.917715374380350113e-03 -7.287129014730453491e-02 2.659165620803833008e+00 -5.280366167426109314e-03 9.882856607437133789e-01 -1.525240838527679443e-01 -2.745871543884277344e+00 7.292024046182632446e-02 1.525006741285324097e-01 9.856095910072326660e-01 -5.623930931091308594e+00
9.992592930793762207e-01 -1.947564631700515747e-02 -3.318931162357330322e-02 2.491308927536010742e+00 1.337779406458139420e-02 9.844905734062194824e-01 -1.749268323183059692e-01 -2.975199460983276367e+00 3.608137741684913635e-02 1.743533164262771606e-01 9.840219020843505859e-01 -5.290007114410400391e+00
9.967564940452575684e-01 2.975172363221645355e-02 -7.477399706840515137e-02 2.323665857315063477e+00 -4.325874522328376770e-02 9.815797805786132812e-01 -1.860908716917037964e-01 -2.242816448211669922e+00 6.786012649536132812e-02 1.887218654155731201e-01 9.796831011772155762e-01 -4.720808506011962891e+00
9.955259561538696289e-01 7.825304754078388214e-03 -9.416374564170837402e-02 2.478717088699340820e+00 -2.153568528592586517e-02 9.891265034675598145e-01 -1.454817950725555420e-01 -1.875910401344299316e+00 9.200142323970794678e-02 1.468588709831237793e-01 9.848696589469909668e-01 -3.902238607406616211e+00
9.987345337867736816e-01 4.919363185763359070e-02 1.045411545783281326e-02 2.239037036895751953e+00 -4.701874032616615295e-02 9.871013164520263672e-01 -1.530362069606781006e-01 -1.862417101860046387e+00 -1.784767769277095795e-02 1.523510068655014038e-01 9.881653189659118652e-01 -3.274160146713256836e+00
9.987509846687316895e-01 4.609930142760276794e-02 1.926973462104797363e-02 2.759218215942382812e+00 -4.412150382995605469e-02 9.947040677070617676e-01 -9.282797574996948242e-02 -1.349642634391784668e+00 -2.344698645174503326e-02 9.186179190874099731e-02 9.954957365989685059e-01 -3.017102479934692383e+00
9.966529011726379395e-01 6.108998879790306091e-02 5.432257056236267090e-02 2.597813606262207031e+00 -5.656068399548530579e-02 9.950810074806213379e-01 -8.133105188608169556e-02 -8.492901325225830078e-01 -5.902386456727981567e-02 7.798626273870468140e-02 9.952056407928466797e-01 -2.467882871627807617e+00
9.897565245628356934e-01 1.186273768544197083e-01 7.943207025527954102e-02 2.552965164184570312e+00 -1.178148165345191956e-01 9.929244518280029297e-01 -1.485588680952787399e-02 -4.933919608592987061e-01 -8.063235133886337280e-02 5.345386918634176254e-03 9.967295527458190918e-01 -2.058652162551879883e+00
9.875705242156982422e-01 1.250379681587219238e-01 9.523703157901763916e-02 2.824110269546508789e+00 -1.261494606733322144e-01 9.919947385787963867e-01 5.716924089938402176e-03 -4.926229715347290039e-01 -9.375979751348495483e-02 -1.765996962785720825e-02 9.954382181167602539e-01 -1.554790973663330078e+00
9.863672852516174316e-01 1.075101643800735474e-01 1.245849207043647766e-01 3.193293571472167969e+00 -1.124680563807487488e-01 9.930921792984008789e-01 3.344936296343803406e-02 8.201031014323234558e-04 -1.201281547546386719e-01 -4.700522124767303467e-02 9.916449785232543945e-01 -1.265512585639953613e+00
