9.607758522033691406e-01 1.239031553268432617e-02 -2.767738103866577148e-01 -8.006564974784851074e-01 -2.415195107460021973e-02 -9.915564656257629395e-01 -1.286899447441101074e-01 -9.758685827255249023e-01 -2.757986783981323242e-01 1.304258406162261963e-01 -9.525433182716369629e-01 -9.756983816623687744e-02
9.617590904235839844e-01 1.632547378540039062e-02 -2.742806673049926758e-01 -7.993381619453430176e-01 -2.038896083831787109e-02 -9.912139177322387695e-01 -1.302710175514221191e-01 -9.756570458412170410e-01 -2.742917537689208984e-01 1.306833624839782715e-01 -9.527979493141174316e-01 -9.627746045589447021e-02
9.615750312805175781e-01 1.497054100036621094e-02 -2.751336097717285156e-01 -7.975087761878967285e-01 -2.247428894042968750e-02 -9.906916618347167969e-01 -1.322127580642700195e-01 -9.788286089897155762e-01 -2.747092247009277344e-01 1.333057880401611328e-01 -9.522384405136108398e-01 -9.016567468643188477e-02
9.604043960571289062e-01 1.374721527099609375e-02 -2.776575088500976562e-01 -8.007442951202392578e-01 -2.620553970336914062e-02 -9.893537759780883789e-01 -1.394439935684204102e-01 -1.001048922538757324e+00 -2.765982151031494141e-01 1.413992643356323242e-01 -9.503277540206909180e-01 -8.808119595050811768e-02
9.613151550292968750e-01 1.364922523498535156e-02 -2.763232588768005371e-01 -7.994789481163024902e-01 -2.523720264434814453e-02 -9.904668331146240234e-01 -1.361007094383239746e-01 -9.901556968688964844e-01 -2.752665877342224121e-01 1.376023292541503906e-01 -9.514288306236267090e-01 -9.191945195198059082e-02
9.612156152725219727e-01 1.244580745697021484e-02 -2.753864526748657227e-01 -7.992315888404846191e-01 -2.540034055709838867e-02 -9.909782409667968750e-01 -1.328588128089904785e-01 -9.809980988502502441e-01 -2.743492126464843750e-01 1.346380710601806641e-01 -9.520722627639770508e-01 -9.324888885021209717e-02
9.619293212890625000e-01 1.222151517868041992e-02 -2.735607624053955078e-01 -7.943190932273864746e-01 -2.526113390922546387e-02 -9.910281300544738770e-01 -1.322003602981567383e-01 -9.794611930847167969e-01 -2.727213501930236816e-01 1.339949965476989746e-01 -9.529733657836914062e-01 -8.838839828968048096e-02
9.605708718299865723e-01 1.112437248229980469e-02 -2.784196138381958008e-01 -8.034820556640625000e-01 -2.612802386283874512e-02 -9.912850856781005859e-01 -1.292655467987060547e-01 -9.721682667732238770e-01 -2.773641049861907959e-01 1.311103105545043945e-01 -9.515822529792785645e-01 -1.007907539606094360e-01
9.608685374259948730e-01 1.277925074100494385e-02 -2.770607769489288330e-01 -7.994285225868225098e-01 -2.580720186233520508e-02 -9.905180931091308594e-01 -1.357030868530273438e-01 -9.897772669792175293e-01 -2.763591408729553223e-01 1.379910111427307129e-01 -9.509832262992858887e-01 -9.164045751094818115e-02
9.612804651260375977e-01 1.214031875133514404e-02 -2.757427394390106201e-01 -7.942636013031005859e-01 -2.703915536403656006e-02 -9.903315901756286621e-01 -1.375228166580200195e-01 -9.964329600334167480e-01 -2.750271558761596680e-01 1.397275477647781372e-01 -9.514156579971313477e-01 -8.641125261783599854e-02
9.604866504669189453e-01 1.312292367219924927e-02 -2.785230875015258789e-01 -7.995116710662841797e-01 -2.384674549102783203e-02 -9.915063977241516113e-01 -1.292212009429931641e-01 -9.760650396347045898e-01 -2.773883342742919922e-01 1.304981708526611328e-01 -9.514964222908020020e-01 -8.976787328720092773e-02
9.606742858886718750e-01 1.195013523101806641e-02 -2.780696749687194824e-01 -7.963370084762573242e-01 -2.479070425033569336e-02 -9.918079376220703125e-01 -1.278871297836303711e-01 -9.780647158622741699e-01 -2.773306667804718018e-01 1.295938491821289062e-01 -9.519329667091369629e-01 -8.538784086704254150e-02
9.605515003204345703e-01 1.319813728332519531e-02 -2.779238224029541016e-01 -7.992721199989318848e-01 -2.305662631988525391e-02 -9.916321635246276855e-01 -1.268731355667114258e-01 -9.776846170425415039e-01 -2.774769365787506104e-01 1.281744837760925293e-01 -9.526078104972839355e-01 -9.018848836421966553e-02
9.600412845611572266e-01 1.092946529388427734e-02 -2.800188064575195312e-01 -7.977652549743652344e-01 -2.499282360076904297e-02 -9.919380545616149902e-01 -1.244089603424072266e-01 -9.774453639984130859e-01 -2.787995338439941406e-01 1.262751817703247070e-01 -9.519343376159667969e-01 -8.609420806169509888e-02
9.594574570655822754e-01 1.551079750061035156e-02 -2.809761762619018555e-01 -7.959380149841308594e-01 -2.161401510238647461e-02 -9.913355112075805664e-01 -1.291301846504211426e-01 -9.983517527580261230e-01 -2.806580066680908203e-01 1.294955015182495117e-01 -9.510746598243713379e-01 -8.482494205236434937e-02
9.598270058631896973e-01 1.517868041992187500e-02 -2.808070182800292969e-01 -7.917420268058776855e-01 -2.055734395980834961e-02 -9.924778938293457031e-01 -1.242964267730712891e-01 -9.915146231651306152e-01 -2.804147005081176758e-01 1.250741481781005859e-01 -9.514223933219909668e-01 -8.375060558319091797e-02
9.595941901206970215e-01 1.611267030239105225e-02 -2.816364467144012451e-01 -7.951702475547790527e-01 -1.675772666931152344e-02 -9.934249520301818848e-01 -1.139852404594421387e-01 -9.779643416404724121e-01 -2.817071676254272461e-01 1.144126057624816895e-01 -9.522324204444885254e-01 -8.414410799741744995e-02
9.600295424461364746e-01 1.902961730957031250e-02 -2.794333696365356445e-01 -7.846081256866455078e-01 -1.437580585479736328e-02 -9.933056831359863281e-01 -1.162501573562622070e-01 -9.993855953216552734e-01 -2.795450091361999512e-01 1.154723167419433594e-01 -9.533876180648803711e-01 -7.820644229650497437e-02
9.581485986709594727e-01 1.712107658386230469e-02 -2.845264077186584473e-01 -7.905372381210327148e-01 -1.326070725917816162e-02 -9.944394826889038086e-01 -1.038411855697631836e-01 -9.826152324676513672e-01 -2.845717668533325195e-01 1.030357927083969116e-01 -9.532943964004516602e-01 -7.686178386211395264e-02
9.577396512031555176e-01 1.603496074676513672e-02 -2.870970964431762695e-01 -7.907951474189758301e-01 -1.069647073745727539e-02 -9.957445859909057617e-01 -9.037959575653076172e-02 -9.579159021377563477e-01 -2.875919640064239502e-01 8.948367834091186523e-02 -9.534736275672912598e-01 -8.012542128562927246e-02
9.575038552284240723e-01 2.276492118835449219e-02 -2.865470647811889648e-01 -7.874831557273864746e-01 -5.969226360321044922e-03 -9.951114654541015625e-01 -9.855055809020996094e-02 -9.906946420669555664e-01 -2.875074744224548340e-01 9.618479013442993164e-02 -9.530646204948425293e-01 -7.680791616439819336e-02
9.565562009811401367e-01 2.341055870056152344e-02 -2.887572050094604492e-01 -7.880386710166931152e-01 -2.920255064964294434e-03 -9.955817461013793945e-01 -9.112918376922607422e-02 -9.859760999679565430e-01 -2.898650169372558594e-01 8.803808689117431641e-02 -9.530213475227355957e-01 -7.578070461750030518e-02
9.569466114044189453e-01 2.392327785491943359e-02 -2.898541688919067383e-01 -7.853200435638427734e-01 7.876306772232055664e-04 -9.971723556518554688e-01 -7.876932621002197266e-02 -9.637917280197143555e-01 -2.906578183174133301e-01 7.498538494110107422e-02 -9.538738131523132324e-01 -7.644499093294143677e-02
9.549652338027954102e-01 2.625787258148193359e-02 -2.955406904220581055e-01 -7.887722253799438477e-01 1.143455505371093750e-03 -9.961807131767272949e-01 -8.578687906265258789e-02 -9.915800094604492188e-01 -2.969056367874145508e-01 8.155727386474609375e-02 -9.512344002723693848e-01 -7.015167176723480225e-02
9.550567269325256348e-01 2.669090032577514648e-02 -2.950369119644165039e-01 -7.767624855041503906e-01 -1.342296600341796875e-04 -9.956781864166259766e-01 -9.161972999572753906e-02 -1.021601796150207520e+00 -2.963354587554931641e-01 8.786034584045410156e-02 -9.512119293212890625e-01 -7.066270709037780762e-02
9.542102813720703125e-01 2.953529357910156250e-02 -2.976933717727661133e-01 -7.740713953971862793e-01 3.926724195480346680e-03 -9.964164495468139648e-01 -8.575373888015747070e-02 -1.022437095642089844e+00 -2.989253103733062744e-01 8.078044652938842773e-02 -9.507498741149902344e-01 -6.944003701210021973e-02
9.539723992347717285e-01 2.990807592868804932e-02 -2.985537350177764893e-01 -7.710152864456176758e-01 4.770606756210327148e-03 -9.961919188499450684e-01 -8.286486566066741943e-02 -1.031540393829345703e+00 -2.999929189682006836e-01 7.755464315414428711e-02 -9.507788419723510742e-01 -6.757099926471710205e-02
9.505467414855957031e-01 2.604071795940399170e-02 -3.092510700225830078e-01 -7.869544625282287598e-01 8.699424564838409424e-03 -9.986717700958251953e-01 -5.721953511238098145e-02 -9.918760061264038086e-01 -3.102240562438964844e-01 5.176159739494323730e-02 -9.495599269866943359e-01 -5.732412636280059814e-02
9.509763717651367188e-01 2.684438228607177734e-02 -3.077475428581237793e-01 -7.723858952522277832e-01 7.011532783508300781e-03 -9.981498718261718750e-01 -6.491869688034057617e-02 -1.033517241477966309e+00 -3.086246848106384277e-01 5.959236621856689453e-02 -9.490094780921936035e-01 -6.488205492496490479e-02
9.508295059204101562e-01 2.458751201629638672e-02 -3.079331815242767334e-01 -7.686244249343872070e-01 7.462620735168457031e-03 -9.984361529350280762e-01 -5.629342794418334961e-02 -1.031504273414611816e+00 -3.088924288749694824e-01 5.117136240005493164e-02 -9.495555758476257324e-01 -5.947526171803474426e-02
9.504495859146118164e-01 2.163678407669067383e-02 -3.106071949005126953e-01 -7.658791542053222656e-01 9.735643863677978516e-03 -9.991535544395446777e-01 -4.038631916046142578e-02 -1.008107542991638184e+00 -3.113672137260437012e-01 3.534704446792602539e-02 -9.498239755630493164e-01 -5.476696416735649109e-02
9.500709772109985352e-01 1.972472667694091797e-02 -3.123765885829925537e-01 -7.564432024955749512e-01 9.214997291564941406e-03 -9.991770982742309570e-01 -3.497149050235748291e-02 -1.002846956253051758e+00 -3.129746019840240479e-01 3.024595975875854492e-02 -9.490183591842651367e-01 -5.230471491813659668e-02
9.474287033081054688e-01 2.209717035293579102e-02 -3.191083073616027832e-01 -7.721921801567077637e-01 9.675323963165283203e-03 -9.991482496261596680e-01 -4.069966077804565430e-02 -1.031816720962524414e+00 -3.195481300354003906e-01 3.545475006103515625e-02 -9.467873573303222656e-01 -5.070665478706359863e-02
9.476426839828491211e-01 2.243033051490783691e-02 -3.185434639453887939e-01 -7.705458402633666992e-01 1.155967637896537781e-02 -9.994160532951354980e-01 -3.592427074909210205e-02 -1.030457377433776855e+00 -3.188758790493011475e-01 3.032690286636352539e-02 -9.472867250442504883e-01 -4.909731075167655945e-02
9.473283290863037109e-01 2.245964109897613525e-02 -3.201296627521514893e-01 -7.709741592407226562e-01 1.283712685108184814e-02 -9.992276430130004883e-01 -3.212563693523406982e-02 -1.034564375877380371e+00 -3.210246264934539795e-01 2.634960412979125977e-02 -9.468914866447448730e-01 -4.640046134591102600e-02
9.453403949737548828e-01 1.786053180694580078e-02 -3.252321481704711914e-01 -7.770251631736755371e-01 1.297645270824432373e-02 -9.998374581336975098e-01 -1.679491996765136719e-02 -1.042953252792358398e+00 -3.253632187843322754e-01 1.154768466949462891e-02 -9.458196759223937988e-01 -3.899429738521575928e-02
9.455394148826599121e-01 1.622933149337768555e-02 -3.247927427291870117e-01 -7.671694159507751465e-01 1.468646526336669922e-02 -9.995957016944885254e-01 -6.031721830368041992e-03 -1.042898058891296387e+00 -3.248642086982727051e-01 1.256585121154785156e-03 -9.458611011505126953e-01 -3.159787505865097046e-02
9.446757435798645020e-01 1.405507326126098633e-02 -3.273530602455139160e-01 -7.721332907676696777e-01 1.541566848754882812e-02 -9.996924400329589844e-01 1.697897911071777344e-03 -1.043199062347412109e+00 -3.273028135299682617e-01 -6.535172462463378906e-03 -9.450718760490417480e-01 -3.285064920783042908e-02
9.458926916122436523e-01 1.410666108131408691e-02 -3.244304656982421875e-01 -7.615875601768493652e-01 1.731969416141510010e-02 -9.995492696762084961e-01 7.143601775169372559e-03 -1.046106576919555664e+00 -3.237261772155761719e-01 -1.256680488586425781e-02 -9.457106590270996094e-01 -3.192610666155815125e-02
9.449042677879333496e-01 1.481249183416366577e-02 -3.256160020828247070e-01 -7.569571137428283691e-01 2.033545076847076416e-02 -9.999603629112243652e-01 1.326503604650497437e-02 -1.046681046485900879e+00 -3.251485228538513184e-01 -1.920681446790695190e-02 -9.456146955490112305e-01 -1.719270274043083191e-02
9.440040588378906250e-01 1.006251573562622070e-02 -3.307987749576568604e-01 -7.697867751121520996e-01 1.692384481430053711e-02 -9.996889829635620117e-01 1.760002970695495605e-02 -1.048077821731567383e+00 -3.301847279071807861e-01 -2.220124006271362305e-02 -9.436046481132507324e-01 -1.773452013731002808e-02
9.430928230285644531e-01 9.489536285400390625e-03 -3.323328495025634766e-01 -7.680799961090087891e-01 1.808452606201171875e-02 -9.997637867927551270e-01 2.266509085893630981e-02 -1.054889082908630371e+00 -3.318889141082763672e-01 -2.735692262649536133e-02 -9.430555701255798340e-01 -6.407488137483596802e-03
9.421043992042541504e-01 6.175026297569274902e-03 -3.342916071414947510e-01 -7.530463933944702148e-01 1.920294761657714844e-02 -9.993541836738586426e-01 3.608965873718261719e-02 -1.057987332344055176e+00 -3.337948322296142578e-01 -4.041986167430877686e-02 -9.417318105697631836e-01 1.689337193965911865e-03
9.411776065826416016e-01 2.377882599830627441e-03 -3.385214805603027344e-01 -7.559872269630432129e-01 1.839697360992431641e-02 -9.991610050201416016e-01 4.430031776428222656e-02 -1.056562781333923340e+00 -3.383420109748840332e-01 -4.780846834182739258e-02 -9.398242235183715820e-01 7.680758833885192871e-03
9.410816431045532227e-01 1.677632331848144531e-03 -3.382481932640075684e-01 -7.500552535057067871e-01 1.963186264038085938e-02 -9.985253810882568359e-01 4.951506108045578003e-02 -1.067613959312438965e+00 -3.376824855804443359e-01 -5.320897698402404785e-02 -9.394952058792114258e-01 1.309897378087043762e-02
9.396049380302429199e-01 3.670454025268554688e-04 -3.426423370838165283e-01 -7.525327801704406738e-01 2.113163471221923828e-02 -9.985762834548950195e-01 5.696714669466018677e-02 -1.073742628097534180e+00 -3.421139717102050781e-01 -6.066097319126129150e-02 -9.377719163894653320e-01 1.752114482223987579e-02
9.386495947837829590e-01 3.280146047472953796e-03 -3.450832366943359375e-01 -7.527858018875122070e-01 2.804687619209289551e-02 -9.973428845405578613e-01 6.683997809886932373e-02 -1.079803705215454102e+00 -3.439075052738189697e-01 -7.240606099367141724e-02 -9.362787008285522461e-01 2.632614970207214355e-02
9.393759369850158691e-01 3.108663484454154968e-03 -3.428637087345123291e-01 -7.494271993637084961e-01 2.956774272024631500e-02 -9.966691136360168457e-01 7.196842879056930542e-02 -1.080513477325439453e+00 -3.417351245880126953e-01 -7.781351357698440552e-02 -9.367305040359497070e-01 3.405744209885597229e-02
9.394973516464233398e-01 1.119676977396011353e-03 -3.428111076354980469e-01 -7.406171560287475586e-01 2.879256196320056915e-02 -9.966764450073242188e-01 7.559907436370849609e-02 -1.091472148895263672e+00 -3.417911231517791748e-01 -8.096168935298919678e-02 -9.365504384040832520e-01 3.721200674772262573e-02
9.389345645904541016e-01 1.100450754165649414e-05 -3.446114063262939453e-01 -7.346543073654174805e-01 3.130432963371276855e-02 -9.958810210227966309e-01 8.533506840467453003e-02 -1.085373640060424805e+00 -3.430299162864685059e-01 -9.090542048215866089e-02 -9.351459741592407227e-01 4.696315526962280273e-02
9.389107823371887207e-01 -6.891071796417236328e-03 -3.433694541454315186e-01 -7.308326959609985352e-01 3.018432855606079102e-02 -9.942711591720581055e-01 1.026949882507324219e-01 -1.086806535720825195e+00 -3.421812057495117188e-01 -1.065788269042968750e-01 -9.334371089935302734e-01 5.453741550445556641e-02
9.384345412254333496e-01 -1.234470307826995850e-02 -3.447709381580352783e-01 -7.231826186180114746e-01 2.720999717712402344e-02 -9.933704137802124023e-01 1.093660593032836914e-01 -1.089273452758789062e+00 -3.437532186508178711e-01 -1.121345758438110352e-01 -9.320585727691650391e-01 6.562152504920959473e-02
9.373609423637390137e-01 -1.598826050758361816e-02 -3.472840487957000732e-01 -7.252310514450073242e-01 2.416896820068359375e-02 -9.932336211204528809e-01 1.109645068645477295e-01 -1.095077037811279297e+00 -3.468230962753295898e-01 -1.125049293041229248e-01 -9.311516284942626953e-01 6.985571980476379395e-02
9.375674724578857422e-01 -1.453337818384170532e-02 -3.473138511180877686e-01 -7.165109515190124512e-01 2.485907077789306641e-02 -9.938579201698303223e-01 1.081507205963134766e-01 -1.115632414817810059e+00 -3.465557694435119629e-01 -1.104765832424163818e-01 -9.315623044967651367e-01 7.501114159822463989e-02
9.374494552612304688e-01 -1.488976180553436279e-02 -3.473479747772216797e-01 -7.121673226356506348e-01 2.283704280853271484e-02 -9.943351149559020996e-01 1.041469573974609375e-01 -1.147119641304016113e+00 -3.468261957168579102e-01 -1.056630015373229980e-01 -9.322246313095092773e-01 6.878793984651565552e-02
9.376090168952941895e-01 -2.089375257492065430e-02 -3.474170863628387451e-01 -6.977941393852233887e-01 2.167087793350219727e-02 -9.930126667022705078e-01 1.171073019504547119e-01 -1.148288965225219727e+00 -3.472953438758850098e-01 -1.172674894332885742e-01 -9.305523633956909180e-01 8.173200488090515137e-02
9.362668991088867188e-01 -2.540029585361480713e-02 -3.505703806877136230e-01 -6.973228454589843750e-01 1.946210861206054688e-02 -9.923142194747924805e-01 1.237493753433227539e-01 -1.146983623504638672e+00 -3.509608805179595947e-01 -1.226053014397621155e-01 -9.282617568969726562e-01 8.605602383613586426e-02
9.343039393424987793e-01 -2.826274186372756958e-02 -3.550806045532226562e-01 -6.955660581588745117e-01 2.015233039855957031e-02 -9.913235306739807129e-01 1.320036947727203369e-01 -1.149916410446166992e+00 -3.554445207118988037e-01 -1.303732395172119141e-01 -9.254999160766601562e-01 9.412765502929687500e-02
9.328800439834594727e-01 -3.011576086282730103e-02 -3.590426445007324219e-01 -6.888766884803771973e-01 2.156436443328857422e-02 -9.901324510574340820e-01 1.391199231147766113e-01 -1.162301421165466309e+00 -3.599582612514495850e-01 -1.374795436859130859e-01 -9.226173162460327148e-01 9.919145703315734863e-02
9.318767189979553223e-01 -3.390562534332275391e-02 -3.602434098720550537e-01 -6.796791553497314453e-01 1.964205503463745117e-02 -9.894604086875915527e-01 1.439358592033386230e-01 -1.162495136260986328e+00 -3.611055314540863037e-01 -1.412001997232437134e-01 -9.217112064361572266e-01 1.067810133099555969e-01
9.320690631866455078e-01 -3.730410337448120117e-02 -3.615131378173828125e-01 -6.736403703689575195e-01 1.859378814697265625e-02 -9.886079430580139160e-01 1.500190943479537964e-01 -1.167063951492309570e+00 -3.627240657806396484e-01 -1.465030908584594727e-01 -9.203875660896301270e-01 1.134896427392959595e-01
9.331157803535461426e-01 -4.890716075897216797e-02 -3.558960556983947754e-01 -6.498841643333435059e-01 1.262503862380981445e-02 -9.855060577392578125e-01 1.681951284408569336e-01 -1.170014858245849609e+00 -3.593476116657257080e-01 -1.614440083503723145e-01 -9.190853238105773926e-01 1.127904653549194336e-01
9.282699823379516602e-01 -5.756539106369018555e-02 -3.672634065151214600e-01 -6.674243211746215820e-01 8.667349815368652344e-03 -9.839352965354919434e-01 1.763316094875335693e-01 -1.168842196464538574e+00 -3.713440895080566406e-01 -1.669285893440246582e-01 -9.134464263916015625e-01 1.293776035308837891e-01
9.301387667655944824e-01 -6.084051728248596191e-02 -3.624456524848937988e-01 -6.497935652732849121e-01 3.535151481628417969e-03 -9.846376180648803711e-01 1.747185289859771729e-01 -1.188221931457519531e+00 -3.673894703388214111e-01 -1.638284027576446533e-01 -9.156278371810913086e-01 1.120178401470184326e-01
9.300907850265502930e-01 -6.810843944549560547e-02 -3.606030344963073730e-01 -6.341988444328308105e-01 -2.341270446777343750e-03 -9.837222695350646973e-01 1.798290014266967773e-01 -1.204013466835021973e+00 -3.669210076332092285e-01 -1.663690656423568726e-01 -9.152253866195678711e-01 1.155918240547180176e-01
9.295365214347839355e-01 -7.069194316864013672e-02 -3.624373376369476318e-01 -6.326423287391662598e-01 -3.468848764896392822e-03 -9.830158948898315430e-01 1.829560250043869019e-01 -1.205277442932128906e+00 -3.691769540309906006e-01 -1.687618941068649292e-01 -9.137645363807678223e-01 1.167691051959991455e-01
9.263997077941894531e-01 -7.457643747329711914e-02 -3.686556220054626465e-01 -6.328612565994262695e-01 5.521476268768310547e-04 -9.795372486114501953e-01 1.997132301330566406e-01 -1.192813634872436523e+00 -3.759376108646392822e-01 -1.852636039257049561e-01 -9.076534509658813477e-01 1.392811238765716553e-01
9.271367192268371582e-01 -7.514119148254394531e-02 -3.673624098300933838e-01 -6.291965246200561523e-01 1.110315322875976562e-03 -9.793020486831665039e-01 2.028294205665588379e-01 -1.209760546684265137e+00 -3.751208186149597168e-01 -1.887413263320922852e-01 -9.075763225555419922e-01 1.350933611392974854e-01
9.266974925994873047e-01 -7.792770862579345703e-02 -3.669327795505523682e-01 -6.229974627494812012e-01 8.045434951782226562e-04 -9.779022932052612305e-01 2.096329927444458008e-01 -1.212295889854431152e+00 -3.747408390045166016e-01 -1.948658227920532227e-01 -9.063432812690734863e-01 1.376585215330123901e-01
9.237775802612304688e-01 -8.321406692266464233e-02 -3.738414943218231201e-01 -6.275926828384399414e-01 -1.281797885894775391e-03 -9.769136309623718262e-01 2.142439484596252441e-01 -1.225549936294555664e+00 -3.830271065235137939e-01 -1.975132524967193604e-01 -9.021914601325988770e-01 1.424955427646636963e-01
9.236716032028198242e-01 -8.784914016723632812e-02 -3.737774491310119629e-01 -6.245765686035156250e-01 -3.508359193801879883e-03 -9.757147431373596191e-01 2.203966081142425537e-01 -1.223684072494506836e+00 -3.840475678443908691e-01 -2.021682858467102051e-01 -9.008271694183349609e-01 1.471068263053894043e-01
9.216230511665344238e-01 -9.470090270042419434e-02 -3.773468732833862305e-01 -6.219920516014099121e-01 -6.417542695999145508e-03 -9.732648134231567383e-01 2.289011925458908081e-01 -1.227032303810119629e+00 -3.890381455421447754e-01 -2.084025591611862183e-01 -8.971977829933166504e-01 1.464134454727172852e-01
9.196569919586181641e-01 -9.730654954910278320e-02 -3.795277476310729980e-01 -6.225859522819519043e-01 -6.868243217468261719e-03 -9.724063277244567871e-01 2.329711019992828369e-01 -1.230376243591308594e+00 -3.921044766902923584e-01 -2.116289138793945312e-01 -8.954853415489196777e-01 1.525679379701614380e-01
9.171411991119384766e-01 -1.021234095096588135e-01 -3.861242830753326416e-01 -6.224778294563293457e-01 -6.510198116302490234e-03 -9.703788161277770996e-01 2.420932054519653320e-01 -1.227321505546569824e+00 -3.993936777114868164e-01 -2.193076610565185547e-01 -8.902600407600402832e-01 1.617343127727508545e-01
9.169352650642395020e-01 -1.034342795610427856e-01 -3.846491575241088867e-01 -6.102024912834167480e-01 -7.381778210401535034e-03 -9.696973562240600586e-01 2.431509643793106079e-01 -1.229085326194763184e+00 -3.983066082000732422e-01 -2.201152890920639038e-01 -8.902181982994079590e-01 1.568032354116439819e-01
9.136499166488647461e-01 -1.076659858226776123e-01 -3.925142288208007812e-01 -6.119239926338195801e-01 -8.277565240859985352e-03 -9.694031476974487305e-01 2.466650307178497314e-01 -1.235949993133544922e+00 -4.066663980484008789e-01 -2.219860404729843140e-01 -8.862467408180236816e-01 1.741122156381607056e-01
9.129742383956909180e-01 -1.093042641878128052e-01 -3.928253352642059326e-01 -5.939055085182189941e-01 -9.731650352478027344e-03 -9.688681364059448242e-01 2.468085885047912598e-01 -1.256453156471252441e+00 -4.078067541122436523e-01 -2.214808613061904907e-01 -8.857448697090148926e-01 1.603088378906250000e-01
9.106308221817016602e-01 -1.120460033416748047e-01 -3.989129066467285156e-01 -6.003048419952392578e-01 -7.473140954971313477e-03 -9.667927622795104980e-01 2.548089027404785156e-01 -1.235950231552124023e+00 -4.139392971992492676e-01 -2.290302515029907227e-01 -8.812639713287353516e-01 1.804453432559967041e-01
9.089039564132690430e-01 -1.153092980384826660e-01 -4.008135199546813965e-01 -5.898196101188659668e-01 -1.055869460105895996e-02 -9.668436050415039062e-01 2.542427778244018555e-01 -1.262948751449584961e+00 -4.174669682979583740e-01 -2.268145382404327393e-01 -8.798094391822814941e-01 1.807318627834320068e-01
9.066035747528076172e-01 -1.179372072219848633e-01 -4.047636985778808594e-01 -5.869778394699096680e-01 -1.006226986646652222e-02 -9.655686020851135254e-01 2.591088116168975830e-01 -1.258244872093200684e+00 -4.215254485607147217e-01 -2.308859825134277344e-01 -8.768557310104370117e-01 1.917645931243896484e-01
9.015425443649291992e-01 -1.215416193008422852e-01 -4.152445793151855469e-01 -5.998992323875427246e-01 -9.058952331542968750e-03 -9.650354385375976562e-01 2.629265785217285156e-01 -1.274662137031555176e+00 -4.326233863830566406e-01 -2.329428195953369141e-01 -8.708224296569824219e-01 2.080200463533401489e-01
9.009124040603637695e-01 -1.208536922931671143e-01 -4.171680212020874023e-01 -5.906909108161926270e-01 -5.619347095489501953e-03 -9.638813138008117676e-01 2.673074007034301758e-01 -1.271520614624023438e+00 -4.342346191406250000e-01 -2.386826872825622559e-01 -8.687806129455566406e-01 2.116241306066513062e-01
8.987869024276733398e-01 -1.239063739776611328e-01 -4.212632179260253906e-01 -5.959346294403076172e-01 -5.147576332092285156e-03 -9.625830650329589844e-01 2.719191312789916992e-01 -1.268515825271606445e+00 -4.391635060310363770e-01 -2.420763969421386719e-01 -8.652481436729431152e-01 2.268776297569274902e-01
8.971510529518127441e-01 -1.211002469062805176e-01 -4.249082207679748535e-01 -5.895494818687438965e-01 1.028209924697875977e-03 -9.609693288803100586e-01 2.763642370700836182e-01 -1.272126317024230957e+00 -4.417378902435302734e-01 -2.481648921966552734e-01 -8.620281219482421875e-01 2.437974512577056885e-01
8.927773237228393555e-01 -1.263074874877929688e-01 -4.321746826171875000e-01 -6.034068465232849121e-01 1.759231090545654297e-04 -9.599134325981140137e-01 2.808933258056640625e-01 -1.283774256706237793e+00 -4.500795602798461914e-01 -2.507083415985107422e-01 -8.570656776428222656e-01 2.578913569450378418e-01
8.923621773719787598e-01 -1.262662410736083984e-01 -4.332111477851867676e-01 -6.012137532234191895e-01 3.309495747089385986e-03 -9.584528207778930664e-01 2.859775424003601074e-01 -1.280134797096252441e+00 -4.510604739189147949e-01 -2.564167976379394531e-01 -8.549775481224060059e-01 2.626625597476959229e-01
8.897765874862670898e-01 -1.287817955017089844e-01 -4.374635815620422363e-01 -6.012524366378784180e-01 5.088731646537780762e-03 -9.564474821090698242e-01 2.914028763771057129e-01 -1.283215045928955078e+00 -4.561168551445007324e-01 -2.613675594329833984e-01 -8.503356575965881348e-01 2.862618565559387207e-01
8.876453638076782227e-01 -1.278845071792602539e-01 -4.430497288703918457e-01 -6.023334264755249023e-01 8.781768381595611572e-03 -9.555044174194335938e-01 2.938785254955291748e-01 -1.287725925445556641e+00 -4.610030055046081543e-01 -2.649734020233154297e-01 -8.473391532897949219e-01 3.011524975299835205e-01
8.865526914596557617e-01 -1.293684244155883789e-01 -4.440225958824157715e-01 -6.033347249031066895e-01 7.845982909202575684e-03 -9.557605385780334473e-01 2.941308319568634033e-01 -1.292822837829589844e+00 -4.625383019447326660e-01 -2.647032737731933594e-01 -8.463301658630371094e-01 3.073597550392150879e-01
8.848944902420043945e-01 -1.321522593498229980e-01 -4.471022486686706543e-01 -6.000226736068725586e-01 8.681863546371459961e-03 -9.538039565086364746e-01 2.992075681686401367e-01 -1.300599932670593262e+00 -4.659042358398437500e-01 -2.687108516693115234e-01 -8.429946303367614746e-01 3.187399804592132568e-01
8.842678666114807129e-01 -1.287410855293273926e-01 -4.483382105827331543e-01 -5.960506200790405273e-01 1.192888617515563965e-02 -9.545335769653320312e-01 2.976721823215484619e-01 -1.306596994400024414e+00 -4.667365550994873047e-01 -2.687587738037109375e-01 -8.426265716552734375e-01 3.334046900272369385e-01
8.830650448799133301e-01 -1.309348940849304199e-01 -4.514500498771667480e-01 -5.987237095832824707e-01 1.201172173023223877e-02 -9.537549018859863281e-01 2.998361587524414062e-01 -1.309478282928466797e+00 -4.698853492736816406e-01 -2.706102132797241211e-01 -8.404967784881591797e-01 3.481056690216064453e-01
8.827403783798217773e-01 -1.244523525238037109e-01 -4.528865218162536621e-01 -5.931270718574523926e-01 1.622913032770156860e-02 -9.558252096176147461e-01 2.939116954803466797e-01 -1.320020079612731934e+00 -4.695457816123962402e-01 -2.667734622955322266e-01 -8.416596651077270508e-01 3.546871244907379150e-01
8.826233744621276855e-01 -1.217683553695678711e-01 -4.532122611999511719e-01 -5.908869504928588867e-01 1.705628633499145508e-02 -9.570101499557495117e-01 2.900661230087280273e-01 -1.331619620323181152e+00 -4.690332412719726562e-01 -2.639880776405334473e-01 -8.428876399993896484e-01 3.641203343868255615e-01
8.813542127609252930e-01 -1.183775663375854492e-01 -4.578190743923187256e-01 -5.973437428474426270e-01 2.251071482896804810e-02 -9.569085836410522461e-01 2.904659509658813477e-01 -1.343001127243041992e+00 -4.723018109798431396e-01 -2.660381197929382324e-01 -8.405514359474182129e-01 3.777406513690948486e-01
8.825346231460571289e-01 -1.219287514686584473e-01 -4.538760781288146973e-01 -5.913593769073486328e-01 1.754277944564819336e-02 -9.564791917800903320e-01 2.914422452449798584e-01 -1.349477887153625488e+00 -4.695765674114227295e-01 -2.651854753494262695e-01 -8.418948650360107422e-01 3.764989674091339111e-01
8.819135427474975586e-01 -1.243548989295959473e-01 -4.550068378448486328e-01 -5.979831814765930176e-01 1.944882422685623169e-02 -9.541497230529785156e-01 2.985439002513885498e-01 -1.345167517662048340e+00 -4.712778031826019287e-01 -2.721616029739379883e-01 -8.389852046966552734e-01 3.986323475837707520e-01
8.797667026519775391e-01 -1.282664537429809570e-01 -4.581559896469116211e-01 -6.051579117774963379e-01 1.786167919635772705e-02 -9.535571336746215820e-01 3.009821474552154541e-01 -1.346828460693359375e+00 -4.751984179019927979e-01 -2.732268571853637695e-01 -8.363386988639831543e-01 4.116942286491394043e-01
8.787280917167663574e-01 -1.267355680465698242e-01 -4.603164196014404297e-01 -6.057059764862060547e-01 2.075073868036270142e-02 -9.534803628921508789e-01 3.017745018005371094e-01 -1.352488160133361816e+00 -4.770314991474151611e-01 -2.745156288146972656e-01 -8.350118994712829590e-01 4.234419465065002441e-01
8.779900074005126953e-01 -1.225886344909667969e-01 -4.624192416667938232e-01 -6.035703420639038086e-01 2.466621994972229004e-02 -9.541689753532409668e-01 2.988921403884887695e-01 -1.353299140930175781e+00 -4.775222539901733398e-01 -2.738310098648071289e-01 -8.349703550338745117e-01 4.313667416572570801e-01
8.784644603729248047e-01 -1.147558689117431641e-01 -4.637212455272674561e-01 -6.031004786491394043e-01 2.895371615886688232e-02 -9.561873674392700195e-01 2.918103933334350586e-01 -1.373694300651550293e+00 -4.771071672439575195e-01 -2.697873115539550781e-01 -8.362574577331542969e-01 4.380292296409606934e-01
8.765523433685302734e-01 -1.155933141708374023e-01 -4.668017625808715820e-01 -6.070902347564697266e-01 3.247582912445068359e-02 -9.542698860168457031e-01 2.975802421569824219e-01 -1.372030973434448242e+00 -4.799003005027770996e-01 -2.760131359100341797e-01 -8.328653573989868164e-01 4.589756429195404053e-01
8.765885233879089355e-01 -1.149783134460449219e-01 -4.674968421459197998e-01 -6.037347316741943359e-01 3.380854427814483643e-02 -9.537453055381774902e-01 2.980414032936096191e-01 -1.372158765792846680e+00 -4.802890121936798096e-01 -2.770398855209350586e-01 -8.319941163063049316e-01 4.599702656269073486e-01
8.754628896713256836e-01 -1.110849380493164062e-01 -4.705376327037811279e-01 -6.066579222679138184e-01 3.867697715759277344e-02 -9.541637897491455078e-01 2.968299984931945801e-01 -1.377866387367248535e+00 -4.816417694091796875e-01 -2.778725624084472656e-01 -8.306761980056762695e-01 4.753409028053283691e-01
8.753197193145751953e-01 -1.112674474716186523e-01 -4.708123207092285156e-01 -6.059046387672424316e-01 3.722246736288070679e-02 -9.547813534736633301e-01 2.948159873485565186e-01 -1.378490924835205078e+00 -4.825563430786132812e-01 -2.754687070846557617e-01 -8.314584493637084961e-01 4.794596135616302490e-01
8.746629953384399414e-01 -1.156290769577026367e-01 -4.712177515029907227e-01 -6.045685410499572754e-01 3.124959766864776611e-02 -9.555636644363403320e-01 2.928578853607177734e-01 -1.390312790870666504e+00 -4.840054512023925781e-01 -2.709686756134033203e-01 -8.324985504150390625e-01 4.883655905723571777e-01
8.769043684005737305e-01 -1.198909878730773926e-01 -4.657182693481445312e-01 -6.038092970848083496e-01 2.825427055358886719e-02 -9.539803266525268555e-01 2.989723980426788330e-01 -1.393241524696350098e+00 -4.801080226898193359e-01 -2.750808000564575195e-01 -8.331797719001770020e-01 5.011635422706604004e-01
8.772695660591125488e-01 -1.263682395219802856e-01 -4.631492197513580322e-01 -6.004912257194519043e-01 2.299010753631591797e-02 -9.524614214897155762e-01 3.033275604248046875e-01 -1.390340209007263184e+00 -4.797159433364868164e-01 -2.768523395061492920e-01 -8.326507806777954102e-01 5.033255815505981445e-01
8.773227334022521973e-01 -1.302942931652069092e-01 -4.624607861042022705e-01 -5.966600775718688965e-01 1.849754154682159424e-02 -9.527537226676940918e-01 3.035375475883483887e-01 -1.388906717300415039e+00 -4.798350334167480469e-01 -2.747808694839477539e-01 -8.330580592155456543e-01 5.058007240295410156e-01
8.818706274032592773e-01 -1.240512728691101074e-01 -4.548123478889465332e-01 -5.872767567634582520e-01 1.673305034637451172e-02 -9.559647440910339355e-01 2.931153476238250732e-01 -1.403999090194702148e+00 -4.711022377014160156e-01 -2.661913037300109863e-01 -8.410108089447021484e-01 5.006356835365295410e-01
8.842734098434448242e-01 -1.250039190053939819e-01 -4.497793912887573242e-01 -5.764360427856445312e-01 1.289644092321395874e-02 -9.565503001213073730e-01 2.910198867321014404e-01 -1.407376766204833984e+00 -4.667044878005981445e-01 -2.631578743457794189e-01 -8.443534374237060547e-01 5.113025903701782227e-01
8.860505223274230957e-01 -1.232035756111145020e-01 -4.465533494949340820e-01 -5.709997415542602539e-01 1.385688781738281250e-02 -9.563033580780029297e-01 2.917901277542114258e-01 -1.406881451606750488e+00 -4.631707668304443359e-01 -2.647984325885772705e-01 -8.456101417541503906e-01 5.147258639335632324e-01
8.872889876365661621e-01 -1.221644282341003418e-01 -4.448216557502746582e-01 -5.693105459213256836e-01 1.481404900550842285e-02 -9.564288258552551270e-01 2.923052012920379639e-01 -1.409447431564331055e+00 -4.607779085636138916e-01 -2.660111188888549805e-01 -8.465265035629272461e-01 5.172324180603027344e-01
8.894267082214355469e-01 -1.209468841552734375e-01 -4.407427310943603516e-01 -5.602188110351562500e-01 1.531778275966644287e-02 -9.559772610664367676e-01 2.930002808570861816e-01 -1.419481158256530762e+00 -4.568336009979248047e-01 -2.673025727272033691e-01 -8.487045168876647949e-01 5.270261168479919434e-01
8.916879892349243164e-01 -1.218205690383911133e-01 -4.354993700981140137e-01 -5.519072413444519043e-01 1.636099815368652344e-02 -9.534819722175598145e-01 3.002444207668304443e-01 -1.415468096733093262e+00 -4.523292779922485352e-01 -2.749943733215332031e-01 -8.486678600311279297e-01 5.335573554039001465e-01
8.922765254974365234e-01 -1.325095444917678833e-01 -4.314327239990234375e-01 -5.453561544418334961e-01 1.019567251205444336e-02 -9.496716856956481934e-01 3.123964667320251465e-01 -1.416223526000976562e+00 -4.513573646545410156e-01 -2.832996547222137451e-01 -8.461902141571044922e-01 5.477505922317504883e-01
8.930580615997314453e-01 -1.341347694396972656e-01 -4.297020435333251953e-01 -5.432536602020263672e-01 1.157432794570922852e-02 -9.473068714141845703e-01 3.198209404945373535e-01 -1.410549998283386230e+00 -4.498517513275146484e-01 -2.907497882843017578e-01 -8.443725109100341797e-01 5.590161085128784180e-01
8.933940529823303223e-01 -1.395602226257324219e-01 -4.266957938671112061e-01 -5.394567847251892090e-01 7.555752992630004883e-03 -9.454120993614196777e-01 3.248118460178375244e-01 -1.411562919616699219e+00 -4.488690495491027832e-01 -2.935645580291748047e-01 -8.441160917282104492e-01 5.592455863952636719e-01
8.983398675918579102e-01 -1.372482776641845703e-01 -4.179204702377319336e-01 -5.151622891426086426e-01 1.004101336002349854e-02 -9.435392618179321289e-01 3.312084078788757324e-01 -1.419721484184265137e+00 -4.392936229705810547e-01 -3.016970157623291016e-01 -8.458347916603088379e-01 5.593605041503906250e-01
8.999340534210205078e-01 -1.386054754257202148e-01 -4.133906960487365723e-01 -5.059868097305297852e-01 8.341103792190551758e-03 -9.424726963043212891e-01 3.341398835182189941e-01 -1.421236872673034668e+00 -4.360928535461425781e-01 -3.040748834609985352e-01 -8.469951748847961426e-01 5.600803494453430176e-01
9.013189077377319336e-01 -1.441231369972229004e-01 -4.091741740703582764e-01 -4.901261329650878906e-01 2.534270286560058594e-03 -9.419549107551574707e-01 3.363853096961975098e-01 -1.423994660377502441e+00 -4.339699745178222656e-01 -3.036910891532897949e-01 -8.478583693504333496e-01 5.580846071243286133e-01
9.024028182029724121e-01 -1.438287496566772461e-01 -4.061933159828186035e-01 -4.689253866672515869e-01 6.045103073120117188e-04 -9.421755671501159668e-01 3.351617455482482910e-01 -1.436199903488159180e+00 -4.310850501060485840e-01 -3.029680550098419189e-01 -8.500427007675170898e-01 5.622274279594421387e-01
9.034798145294189453e-01 -1.452015638351440430e-01 -4.032211303710937500e-01 -4.597757160663604736e-01 -1.487441360950469971e-03 -9.414911270141601562e-01 3.360462784767150879e-01 -1.438779473304748535e+00 -4.285061359405517578e-01 -3.032593727111816406e-01 -8.512538671493530273e-01 5.677195191383361816e-01
9.057266712188720703e-01 -1.498265564441680908e-01 -3.971518576145172119e-01 -4.413637220859527588e-01 -9.055078029632568359e-03 -9.424113631248474121e-01 3.346520960330963135e-01 -1.445975661277770996e+00 -4.244633913040161133e-01 -2.995003461837768555e-01 -8.542429208755493164e-01 5.565394163131713867e-01
9.055063128471374512e-01 -1.537725478410720825e-01 -3.957572877407073975e-01 -4.258252382278442383e-01 -1.240861415863037109e-02 -9.412935972213745117e-01 3.373347520828247070e-01 -1.445270061492919922e+00 -4.244914948940277100e-01 -3.005458116531372070e-01 -8.540270924568176270e-01 5.634271502494812012e-01
9.043948054313659668e-01 -1.546837091445922852e-01 -3.976821899414062500e-01 -4.224460422992706299e-01 -1.157957315444946289e-02 -9.401106238365173340e-01 3.399945199489593506e-01 -1.445780515670776367e+00 -4.262177646160125732e-01 -3.026196658611297607e-01 -8.525064587593078613e-01 5.729323029518127441e-01
9.051987528800964355e-01 -1.542859673500061035e-01 -3.962644338607788086e-01 -4.118699133396148682e-01 -1.115542650222778320e-02 -9.403613209724426270e-01 3.401424884796142578e-01 -1.447691559791564941e+00 -4.249676465988159180e-01 -3.032944202423095703e-01 -8.527522683143615723e-01 5.719015598297119141e-01
9.080889821052551270e-01 -1.486331373453140259e-01 -3.917205631732940674e-01 -3.846261501312255859e-01 -8.844077587127685547e-03 -9.416602849960327148e-01 3.368710577487945557e-01 -1.449387073516845703e+00 -4.187451004981994629e-01 -3.024733662605285645e-01 -8.564009666442871094e-01 5.671589970588684082e-01
9.083079695701599121e-01 -1.477628052234649658e-01 -3.917620480060577393e-01 -3.798339962959289551e-01 -8.519887924194335938e-03 -9.423585534095764160e-01 3.352825045585632324e-01 -1.451688408851623535e+00 -4.187993407249450684e-01 -3.012042641639709473e-01 -8.567659258842468262e-01 5.735036134719848633e-01
