9.617696404457092285e-01 -4.563331604003906250e-03 -2.737827301025390625e-01 -7.761394381523132324e-01 -3.852111101150512695e-02 -9.919633865356445312e-01 -1.194188594818115234e-01 -1.000610828399658203e+00 -2.711009383201599121e-01 1.251425743103027344e-01 -9.544655680656433105e-01 -4.778575524687767029e-02
9.614924192428588867e-01 -2.920985221862792969e-03 -2.757427692413330078e-01 -7.786661386489868164e-01 -3.839886188507080078e-02 -9.917618036270141602e-01 -1.233551502227783203e-01 -1.001560330390930176e+00 -2.731491327285766602e-01 1.288534104824066162e-01 -9.537485241889953613e-01 -5.532191321253776550e-02
9.621192812919616699e-01 -5.981266498565673828e-03 -2.717124819755554199e-01 -7.709578871726989746e-01 -4.030781984329223633e-02 -9.917393922805786133e-01 -1.211277842521667480e-01 -9.971264600753784180e-01 -2.687664926052093506e-01 1.278730630874633789e-01 -9.549446702003479004e-01 -6.449052691459655762e-02
9.625704884529113770e-01 -8.342176675796508789e-03 -2.693913578987121582e-01 -7.683529853820800781e-01 -4.257094860076904297e-02 -9.915111064910888672e-01 -1.212812662124633789e-01 -1.007519006729125977e+00 -2.663348913192749023e-01 1.280598640441894531e-01 -9.554440975189208984e-01 -6.679202616214752197e-02
9.619122743606567383e-01 -7.061481475830078125e-03 -2.719321846961975098e-01 -7.714743018150329590e-01 -4.164838790893554688e-02 -9.911584854125976562e-01 -1.233726143836975098e-01 -1.009205222129821777e+00 -2.686371803283691406e-01 1.299381256103515625e-01 -9.544513225555419922e-01 -6.041638925671577454e-02
9.618204832077026367e-01 -7.056474685668945312e-03 -2.740257978439331055e-01 -7.730215787887573242e-01 -4.109525680541992188e-02 -9.919385910034179688e-01 -1.195787191390991211e-01 -9.962368011474609375e-01 -2.711912393569946289e-01 1.263773441314697266e-01 -9.544003009796142578e-01 -5.722978338599205017e-02
9.628258943557739258e-01 -6.263375282287597656e-03 -2.709796726703643799e-01 -7.707800865173339844e-01 -4.068940877914428711e-02 -9.917815923690795898e-01 -1.225447356700897217e-01 -1.006268143653869629e+00 -2.678306698799133301e-01 1.287453770637512207e-01 -9.549690485000610352e-01 -5.758897587656974792e-02
9.618178606033325195e-01 -7.819592952728271484e-03 -2.733741998672485352e-01 -7.665631175041198730e-01 -4.274463653564453125e-02 -9.915277361869812012e-01 -1.217538118362426758e-01 -1.002745866775512695e+00 -2.699249982833862305e-01 1.286948919296264648e-01 -9.540098905563354492e-01 -5.909572169184684753e-02
9.613555073738098145e-01 -8.719652891159057617e-03 -2.754822969436645508e-01 -7.711000442504882812e-01 -4.414662718772888184e-02 -9.913912415504455566e-01 -1.222290545701980591e-01 -1.007988929748535156e+00 -2.720553874969482422e-01 1.295503228902816772e-01 -9.533768892288208008e-01 -5.478935316205024719e-02
9.624791741371154785e-01 -8.077025413513183594e-03 -2.708629369735717773e-01 -7.631086111068725586e-01 -4.327416419982910156e-02 -9.913711547851562500e-01 -1.243686676025390625e-01 -1.010966181755065918e+00 -2.675597071647644043e-01 1.318112611770629883e-01 -9.543350934982299805e-01 -5.210055038332939148e-02
9.610829949378967285e-01 -7.923007011413574219e-03 -2.766374945640563965e-01 -7.725563645362854004e-01 -4.215443134307861328e-02 -9.920089840888977051e-01 -1.179939508438110352e-01 -9.928904771804809570e-01 -2.736741304397583008e-01 1.251100301742553711e-01 -9.536411762237548828e-01 -4.642574861645698547e-02
9.615840315818786621e-01 -5.966007709503173828e-03 -2.754086256027221680e-01 -7.741133570671081543e-01 -3.992824256420135498e-02 -9.919278621673583984e-01 -1.182758808135986328e-01 -9.987246990203857422e-01 -2.723804116249084473e-01 1.251578330993652344e-01 -9.539413452148437500e-01 -3.274927660822868347e-02
9.613361358642578125e-01 -4.670441150665283203e-03 -2.743693590164184570e-01 -7.720919251441955566e-01 -3.918769955635070801e-02 -9.917103648185729980e-01 -1.201394200325012207e-01 -1.000926613807678223e+00 -2.714389562606811523e-01 1.265134513378143311e-01 -9.541226029396057129e-01 -3.460387513041496277e-02
9.621324539184570312e-01 -6.794929504394531250e-04 -2.724223136901855469e-01 -7.604405879974365234e-01 -3.387033939361572266e-02 -9.926085472106933594e-01 -1.165590286254882812e-01 -9.910065531730651855e-01 -2.702115178108215332e-01 1.211357712745666504e-01 -9.553247690200805664e-01 -3.224192187190055847e-02
9.625564217567443848e-01 6.662547588348388672e-03 -2.704716026782989502e-01 -7.518149018287658691e-01 -2.814114093780517578e-02 -9.924255609512329102e-01 -1.227099299430847168e-01 -1.006603598594665527e+00 -2.691514790058135986e-01 1.256763935089111328e-01 -9.551787376403808594e-01 -2.227502688765525818e-02
9.628826379776000977e-01 8.360445499420166016e-03 -2.706466019153594971e-01 -7.475466132164001465e-01 -2.458065748214721680e-02 -9.924046993255615234e-01 -1.186091899871826172e-01 -1.007190704345703125e+00 -2.699208259582519531e-01 1.209201216697692871e-01 -9.552624821662902832e-01 -2.956243976950645447e-02
9.622715115547180176e-01 1.276755332946777344e-02 -2.716846466064453125e-01 -7.617127895355224609e-01 -1.804277300834655762e-02 -9.937042593955993652e-01 -1.107444316148757935e-01 -9.977964162826538086e-01 -2.717461585998535156e-01 1.116768717765808105e-01 -9.560308456420898438e-01 -2.151053771376609802e-02
9.604651927947998047e-01 1.221501827239990234e-02 -2.782530784606933594e-01 -7.743619680404663086e-01 -1.765906810760498047e-02 -9.941927194595336914e-01 -1.060628294944763184e-01 -1.004826545715332031e+00 -2.780696153640747070e-01 1.069287657737731934e-01 -9.545596837997436523e-01 -2.272908017039299011e-02
9.609100818634033203e-01 1.372003555297851562e-02 -2.762895524501800537e-01 -7.671374678611755371e-01 -1.308554410934448242e-02 -9.954156875610351562e-01 -9.390032291412353516e-02 -9.897271990776062012e-01 -2.764500379562377930e-01 9.357237815856933594e-02 -9.565992951393127441e-01 -2.587283775210380554e-02
9.596676230430603027e-01 1.579469442367553711e-02 -2.802588939666748047e-01 -7.716468572616577148e-01 -8.908629417419433594e-03 -9.962346553802490234e-01 -8.652257919311523438e-02 -9.894858002662658691e-01 -2.810173928737640381e-01 8.525645732879638672e-02 -9.560917615890502930e-01 -2.920633926987648010e-02
9.622970223426818848e-01 1.548218727111816406e-02 -2.709603309631347656e-01 -7.456653714179992676e-01 -7.880508899688720703e-03 -9.965693950653076172e-01 -8.572196960449218750e-02 -1.009611368179321289e+00 -2.712692320346832275e-01 8.461523056030273438e-02 -9.585685729980468750e-01 -3.494470193982124329e-02
9.601519107818603516e-01 1.848530769348144531e-02 -2.797718048095703125e-01 -7.656279802322387695e-01 -2.498149871826171875e-03 -9.968485832214355469e-01 -7.642483711242675781e-02 -1.002643227577209473e+00 -2.803351879119873047e-01 7.422041893005371094e-02 -9.567880630493164062e-01 -9.399626404047012329e-03
9.614708423614501953e-01 1.211214065551757812e-02 -2.744793891906738281e-01 -7.535536289215087891e-01 -7.191002368927001953e-03 -9.971890449523925781e-01 -7.066357135772705078e-02 -9.990054965019226074e-01 -2.751050293445587158e-01 6.985950469970703125e-02 -9.590011835098266602e-01 -1.850571110844612122e-02
9.605274200439453125e-01 1.581084728240966797e-02 -2.772012948989868164e-01 -7.623417973518371582e-01 -3.877580165863037109e-03 -9.972858428955078125e-01 -7.147109508514404297e-02 -1.009728789329528809e+00 -2.778020501136779785e-01 6.980776786804199219e-02 -9.582629203796386719e-01 -9.921699762344360352e-03
9.594531059265136719e-01 1.344084739685058594e-02 -2.819470167160034180e-01 -7.595626115798950195e-01 -8.433043956756591797e-03 -9.972929954528808594e-01 -7.425189018249511719e-02 -1.028281688690185547e+00 -2.821737527847290039e-01 7.330399751663208008e-02 -9.564722776412963867e-01 1.163780689239501953e-03
9.597636461257934570e-01 1.129889488220214844e-02 -2.805260419845581055e-01 -7.410385608673095703e-01 -8.082747459411621094e-03 -9.978196620941162109e-01 -6.709969043731689453e-02 -1.029376268386840820e+00 -2.803705334663391113e-01 6.668251752853393555e-02 -9.575789570808410645e-01 1.317265629768371582e-02
9.591150283813476562e-01 1.227879524230957031e-02 -2.822521030902862549e-01 -7.463872432708740234e-01 -6.206393241882324219e-03 -9.976936578750610352e-01 -6.403550505638122559e-02 -1.039078712463378906e+00 -2.825387120246887207e-01 6.297254562377929688e-02 -9.568696022033691406e-01 1.159797981381416321e-02
9.574949741363525391e-01 1.066142320632934570e-02 -2.880727052688598633e-01 -7.498226165771484375e-01 -3.589153289794921875e-03 -9.984539747238159180e-01 -4.852104187011718750e-02 -1.036601781845092773e+00 -2.879505157470703125e-01 4.738008975982666016e-02 -9.565959572792053223e-01 2.784177288413047791e-02
9.571998119354248047e-01 1.135849952697753906e-02 -2.907697856426239014e-01 -7.422785162925720215e-01 -1.630544662475585938e-03 -9.991457462310791016e-01 -4.515939950942993164e-02 -1.046101331710815430e+00 -2.907338738441467285e-01 4.354804754257202148e-02 -9.555045962333679199e-01 3.273497521877288818e-02
9.553490877151489258e-01 1.099741458892822266e-02 -2.960273921489715576e-01 -7.478434443473815918e-01 1.117505133152008057e-03 -9.998540878295898438e-01 -3.323443233966827393e-02 -1.041268706321716309e+00 -2.965143918991088867e-01 3.134972602128982544e-02 -9.544296264648437500e-01 4.395870864391326904e-02
9.522754549980163574e-01 6.644487380981445312e-03 -3.053796887397766113e-01 -7.681816220283508301e-01 1.100301742553710938e-04 -9.998933672904968262e-01 -2.147710323333740234e-02 -1.033209562301635742e+00 -3.058544993400573730e-01 2.046418190002441406e-02 -9.516450166702270508e-01 2.479900233447551727e-02
9.515566229820251465e-01 3.524422645568847656e-03 -3.068645298480987549e-01 -7.576796412467956543e-01 -9.713917970657348633e-04 -9.997617602348327637e-01 -1.401150226593017578e-02 -1.032276630401611328e+00 -3.067913949489593506e-01 1.366639137268066406e-02 -9.516792297363281250e-01 2.412338741123676300e-02
9.514831304550170898e-01 8.870214223861694336e-03 -3.077335953712463379e-01 -7.534674406051635742e-01 4.207529127597808838e-03 -9.996672272682189941e-01 -1.550960540771484375e-02 -1.049099445343017578e+00 -3.074170947074890137e-01 1.333904266357421875e-02 -9.514003396034240723e-01 2.230753563344478607e-02
9.509974122047424316e-01 9.542346000671386719e-03 -3.085134625434875488e-01 -7.481746673583984375e-01 4.678338766098022461e-03 -9.996136426925659180e-01 -1.654213666915893555e-02 -1.059133410453796387e+00 -3.088670074939727783e-01 1.449662446975708008e-02 -9.510810971260070801e-01 2.250874042510986328e-02
9.518923759460449219e-01 6.810963153839111328e-03 -3.067160844802856445e-01 -7.363798022270202637e-01 2.160251140594482422e-03 -9.997358322143554688e-01 -1.481682062149047852e-02 -1.065189003944396973e+00 -3.065083920955657959e-01 1.352876424789428711e-02 -9.518506526947021484e-01 4.069141298532485962e-02
9.491730332374572754e-01 6.753563880920410156e-03 -3.151413798332214355e-01 -7.417376041412353516e-01 7.961153984069824219e-03 -9.999654889106750488e-01 2.329468727111816406e-03 -1.063163399696350098e+00 -3.156248331069946289e-01 -4.988849163055419922e-03 -9.491487741470336914e-01 5.727174505591392517e-02
9.487773180007934570e-01 6.842881441116333008e-03 -3.159156441688537598e-01 -7.385627627372741699e-01 1.097243279218673706e-02 -9.997720718383789062e-01 1.133203506469726562e-02 -1.066314578056335449e+00 -3.157234191894531250e-01 -1.418171823024749756e-02 -9.489445686340332031e-01 6.653511524200439453e-02
9.505683183670043945e-01 2.023309469223022461e-03 -3.106153011322021484e-01 -7.395342588424682617e-01 8.118733763694763184e-03 -9.997496604919433594e-01 1.825322955846786499e-02 -1.066329598426818848e+00 -3.104428052902221680e-01 -1.970586180686950684e-02 -9.504058361053466797e-01 5.305273458361625671e-02
9.508525133132934570e-01 2.696812152862548828e-03 -3.092401623725891113e-01 -7.345908284187316895e-01 1.152172684669494629e-02 -9.994322657585144043e-01 2.613314986228942871e-02 -1.058662414550781250e+00 -3.091714382171630859e-01 -2.844962477684020996e-02 -9.506418704986572266e-01 5.859885737299919128e-02
9.507060647010803223e-01 1.590937376022338867e-03 -3.099625110626220703e-01 -7.331612110137939453e-01 1.117610931396484375e-02 -9.993105530738830566e-01 2.892410755157470703e-02 -1.062605023384094238e+00 -3.098874688148498535e-01 -3.100436925888061523e-02 -9.500929713249206543e-01 6.334033608436584473e-02
9.514051675796508789e-01 4.965379834175109863e-03 -3.076858818531036377e-01 -7.314961552619934082e-01 1.403212547302246094e-02 -9.991309046745300293e-01 2.722001075744628906e-02 -1.084791660308837891e+00 -3.077452182769775391e-01 -2.991449832916259766e-02 -9.512629508972167969e-01 6.910522282123565674e-02
9.531223177909851074e-01 5.527108907699584961e-03 -3.022452890872955322e-01 -7.199358940124511719e-01 1.538002490997314453e-02 -9.993812441825866699e-01 3.013039380311965942e-02 -1.091879367828369141e+00 -3.018169403076171875e-01 -3.338727355003356934e-02 -9.527227878570556641e-01 6.870762258768081665e-02
9.497130513191223145e-01 2.206940203905105591e-03 -3.127048909664154053e-01 -7.368108630180358887e-01 1.703181862831115723e-02 -9.988850355148315430e-01 4.468423128128051758e-02 -1.091998934745788574e+00 -3.121122419834136963e-01 -4.780340939760208130e-02 -9.485906362533569336e-01 7.516829669475555420e-02
9.486261010169982910e-01 9.107299149036407471e-03 -3.166565299034118652e-01 -7.314845919609069824e-01 2.709978818893432617e-02 -9.982208013534545898e-01 5.247642099857330322e-02 -1.102072596549987793e+00 -3.153361678123474121e-01 -5.837929993867874146e-02 -9.468508958816528320e-01 8.995063602924346924e-02
9.475278854370117188e-01 1.520478725433349609e-02 -3.200090229511260986e-01 -7.310159802436828613e-01 3.634214401245117188e-02 -9.976909756660461426e-01 6.004533171653747559e-02 -1.107945322990417480e+00 -3.183244168758392334e-01 -6.857510656118392944e-02 -9.456742405891418457e-01 8.892350643873214722e-02
9.462015628814697266e-01 9.010165929794311523e-03 -3.239969909191131592e-01 -7.335981726646423340e-01 3.437185287475585938e-02 -9.966424107551574707e-01 7.315999269485473633e-02 -1.086334466934204102e+00 -3.224042057991027832e-01 -8.035841584205627441e-02 -9.432774186134338379e-01 8.474351465702056885e-02
9.442316889762878418e-01 1.173746585845947266e-02 -3.282753825187683105e-01 -7.244264483451843262e-01 3.681492805480957031e-02 -9.964364171028137207e-01 7.045981287956237793e-02 -1.104113698005676270e+00 -3.263736367225646973e-01 -7.865309715270996094e-02 -9.419414997100830078e-01 6.919025629758834839e-02
9.463714957237243652e-01 1.411977410316467285e-02 -3.233514428138732910e-01 -7.070909142494201660e-01 4.135576635599136353e-02 -9.962080121040344238e-01 7.765319943428039551e-02 -1.101920366287231445e+00 -3.210799992084503174e-01 -8.684927225112915039e-02 -9.431176185607910156e-01 7.270732522010803223e-02
9.451451301574707031e-01 8.463181555271148682e-03 -3.266482353210449219e-01 -7.091232538223266602e-01 3.668074309825897217e-02 -9.960902333259582520e-01 8.042760193347930908e-02 -1.113590359687805176e+00 -3.248135745525360107e-01 -8.800886571407318115e-02 -9.420713186264038086e-01 6.817896664142608643e-02
9.451635479927062988e-01 6.367929279804229736e-03 -3.264954984188079834e-01 -6.996296048164367676e-01 3.796505928039550781e-02 -9.952962398529052734e-01 9.061518311500549316e-02 -1.109359145164489746e+00 -3.241694569587707520e-01 -9.805302321910858154e-02 -9.406619668006896973e-01 7.847808301448822021e-02
9.418734312057495117e-01 -1.037478446960449219e-03 -3.367012739181518555e-01 -6.999747157096862793e-01 3.676789999008178711e-02 -9.934130311012268066e-01 1.063213348388671875e-01 -1.120495319366455078e+00 -3.349960446357727051e-01 -1.128294467926025391e-01 -9.356097579002380371e-01 9.322281181812286377e-02
9.404954910278320312e-01 -5.790174007415771484e-03 -3.391494750976562500e-01 -7.111846804618835449e-01 3.224235773086547852e-02 -9.940037131309509277e-01 1.058930754661560059e-01 -1.131979227066040039e+00 -3.379485607147216797e-01 -1.105135083198547363e-01 -9.346401691436767578e-01 8.763313293457031250e-02
9.391460418701171875e-01 -1.023608446121215820e-02 -3.430796861648559570e-01 -7.209183573722839355e-01 2.809619903564453125e-02 -9.938309788703918457e-01 1.063914299011230469e-01 -1.138274073600769043e+00 -3.422298431396484375e-01 -1.098117977380752563e-01 -9.329574108123779297e-01 8.919152617454528809e-02
9.388960599899291992e-01 -1.113903522491455078e-02 -3.442563414573669434e-01 -7.169890403747558594e-01 2.901220321655273438e-02 -9.932000041007995605e-01 1.111226081848144531e-01 -1.140230178833007812e+00 -3.428869247436523438e-01 -1.142044663429260254e-01 -9.324511885643005371e-01 1.024648696184158325e-01
9.404084086418151855e-01 -1.346032321453094482e-02 -3.397887349128723145e-01 -6.974319219589233398e-01 2.688610553741455078e-02 -9.930748343467712402e-01 1.127550601959228516e-01 -1.154874563217163086e+00 -3.388042449951171875e-01 -1.151290535926818848e-01 -9.334132671356201172e-01 9.838587045669555664e-02
9.396759271621704102e-01 -1.490101218223571777e-02 -3.416917920112609863e-01 -7.063552737236022949e-01 2.886641025543212891e-02 -9.917729496955871582e-01 1.233110427856445312e-01 -1.160748839378356934e+00 -3.410148620605468750e-01 -1.257915496826171875e-01 -9.316620230674743652e-01 1.115649938583374023e-01
9.380813241004943848e-01 -1.486797630786895752e-02 -3.463160097599029541e-01 -7.102202177047729492e-01 3.197968006134033203e-02 -9.910293221473693848e-01 1.284730136394500732e-01 -1.170908331871032715e+00 -3.452599048614501953e-01 -1.314895749092102051e-01 -9.289512634277343750e-01 1.210412681102752686e-01
9.351027607917785645e-01 -1.434612274169921875e-02 -3.539042472839355469e-01 -7.117146849632263184e-01 3.660909831523895264e-02 -9.898042678833007812e-01 1.371297240257263184e-01 -1.165632247924804688e+00 -3.522383570671081543e-01 -1.412658095359802246e-01 -9.251860380172729492e-01 1.272725015878677368e-01
9.339044094085693359e-01 -1.885771751403808594e-02 -3.569485545158386230e-01 -6.942649483680725098e-01 3.528559207916259766e-02 -9.887589216232299805e-01 1.447253823280334473e-01 -1.166541337966918945e+00 -3.558394610881805420e-01 -1.477082967758178711e-01 -9.225400090217590332e-01 1.378731876611709595e-01
9.337863326072692871e-01 -2.561199665069580078e-02 -3.571625649929046631e-01 -6.813846826553344727e-01 2.858108282089233398e-02 -9.888457059860229492e-01 1.458360552787780762e-01 -1.172166705131530762e+00 -3.571397960186004639e-01 -1.463217139244079590e-01 -9.224709868431091309e-01 1.391745805740356445e-01
9.307718276977539062e-01 -3.038823604583740234e-02 -3.645778596401214600e-01 -6.763828396797180176e-01 2.684092521667480469e-02 -9.881842136383056641e-01 1.509433388710021973e-01 -1.177624106407165527e+00 -3.645620644092559814e-01 -1.501150131225585938e-01 -9.189836978912353516e-01 1.364272832870483398e-01
9.313530921936035156e-01 -4.233098030090332031e-02 -3.619297146797180176e-01 -6.480916738510131836e-01 2.037233114242553711e-02 -9.853127598762512207e-01 1.679021716117858887e-01 -1.179697513580322266e+00 -3.635268211364746094e-01 -1.635801196098327637e-01 -9.171475172042846680e-01 1.515024006366729736e-01
9.287405014038085938e-01 -4.843452572822570801e-02 -3.674851357936859131e-01 -6.476565003395080566e-01 1.749575138092041016e-02 -9.847236871719360352e-01 1.738641262054443359e-01 -1.182753920555114746e+00 -3.702885508537292480e-01 -1.678809821605682373e-01 -9.140698313713073730e-01 1.496919244527816772e-01
9.272705316543579102e-01 -5.734837055206298828e-02 -3.699974417686462402e-01 -6.482087373733520508e-01 9.613797068595886230e-03 -9.839948415756225586e-01 1.767332255840301514e-01 -1.186980247497558594e+00 -3.741293251514434814e-01 -1.673321425914764404e-01 -9.123033881187438965e-01 1.400658637285232544e-01
9.260129928588867188e-01 -6.887719035148620605e-02 -3.717331290245056152e-01 -6.395534276962280273e-01 4.004156216979026794e-03 -9.813351035118103027e-01 1.917444914579391479e-01 -1.185342073440551758e+00 -3.781347572803497314e-01 -1.789724081754684448e-01 -9.081686139106750488e-01 1.611305177211761475e-01
9.235325455665588379e-01 -7.038678228855133057e-02 -3.765319585800170898e-01 -6.433528661727905273e-01 3.610193729400634766e-03 -9.815210700035095215e-01 1.919858455657958984e-01 -1.190041780471801758e+00 -3.829979300498962402e-01 -1.786206960678100586e-01 -9.059894680976867676e-01 1.527124643325805664e-01
9.218848347663879395e-01 -7.080912590026855469e-02 -3.808808922767639160e-01 -6.274936795234680176e-01 8.777454495429992676e-03 -9.790064096450805664e-01 2.030925154685974121e-01 -1.201768279075622559e+00 -3.874132633209228516e-01 -1.905573606491088867e-01 -9.016512632369995117e-01 1.753159910440444946e-01
9.207426309585571289e-01 -8.056735992431640625e-02 -3.815798759460449219e-01 -6.292452216148376465e-01 1.943916082382202148e-03 -9.775230288505554199e-01 2.107704877853393555e-01 -1.201761484146118164e+00 -3.897954225540161133e-01 -1.950588375329971313e-01 -9.001179933547973633e-01 1.740679740905761719e-01
9.196596145629882812e-01 -8.328914642333984375e-02 -3.840737342834472656e-01 -6.354703307151794434e-01 3.008723258972167969e-03 -9.758980274200439453e-01 2.197486162185668945e-01 -1.196529746055603027e+00 -3.930042982101440430e-01 -2.031549811363220215e-01 -8.966372013092041016e-01 1.724024266004562378e-01
9.193038344383239746e-01 -8.382892608642578125e-02 -3.846115469932556152e-01 -6.285941600799560547e-01 -3.554336726665496826e-04 -9.771614074707031250e-01 2.120893746614456177e-01 -1.234069943428039551e+00 -3.937939405441284180e-01 -1.947715878486633301e-01 -8.983960747718811035e-01 1.523653417825698853e-01
9.201085567474365234e-01 -8.579808473587036133e-02 -3.820320367813110352e-01 -6.185211539268493652e-01 -1.026190817356109619e-03 -9.762575626373291016e-01 2.169487178325653076e-01 -1.234171748161315918e+00 -3.918783068656921387e-01 -1.991212964057922363e-01 -8.978651165962219238e-01 1.591608524322509766e-01
9.192658662796020508e-01 -9.562709927558898926e-02 -3.815511465072631836e-01 -5.986278653144836426e-01 -6.968852132558822632e-03 -9.741058349609375000e-01 2.271199524402618408e-01 -1.227577090263366699e+00 -3.933844268321990967e-01 -2.060462236404418945e-01 -8.960275053977966309e-01 1.658441722393035889e-01
9.159560799598693848e-01 -9.683293849229812622e-02 -3.902198672294616699e-01 -6.102636456489562988e-01 -4.304349422454833984e-03 -9.728692770004272461e-01 2.315623164176940918e-01 -1.227919101715087891e+00 -4.018297493457794189e-01 -2.101025581359863281e-01 -8.908026218414306641e-01 1.753928661346435547e-01
9.106093645095825195e-01 -1.017924547195434570e-01 -4.010723531246185303e-01 -6.168444156646728516e-01 -2.191543579101562500e-03 -9.705523252487182617e-01 2.411915659904479980e-01 -1.226909756660461426e+00 -4.135985970497131348e-01 -2.187675088644027710e-01 -8.838627338409423828e-01 1.895596832036972046e-01
9.106664657592773438e-01 -1.028763055801391602e-01 -3.998186588287353516e-01 -6.026875376701354980e-01 -3.561019897460937500e-03 -9.703785777091979980e-01 2.415474057197570801e-01 -1.237201333045959473e+00 -4.127882421016693115e-01 -2.186835408210754395e-01 -8.843921422958374023e-01 1.841654181480407715e-01
9.110069274902343750e-01 -9.974789619445800781e-02 -4.007466435432434082e-01 -5.863741636276245117e-01 2.394706010818481445e-03 -9.691582322120666504e-01 2.468867301940917969e-01 -1.243960976600646973e+00 -4.127995967864990234e-01 -2.258795499801635742e-01 -8.826058506965637207e-01 1.973269432783126831e-01
9.082849621772766113e-01 -1.009851098060607910e-01 -4.065389633178710938e-01 -5.861660838127136230e-01 2.368375658988952637e-03 -9.693212509155273438e-01 2.462745308876037598e-01 -1.267689704895019531e+00 -4.192234277725219727e-01 -2.245408296585083008e-01 -8.795054554939270020e-01 2.047246396541595459e-01
9.070719480514526367e-01 -1.040832400321960449e-01 -4.072973132133483887e-01 -5.794866085052490234e-01 1.069247722625732422e-03 -9.688190221786499023e-01 2.492098212242126465e-01 -1.264398336410522461e+00 -4.204698204994201660e-01 -2.265363335609436035e-01 -8.784450292587280273e-01 2.158678770065307617e-01
9.083425402641296387e-01 -1.074890047311782837e-01 -4.038727581501007080e-01 -5.625399947166442871e-01 -1.759758219122886658e-03 -9.672567248344421387e-01 2.533652484416961670e-01 -1.274126887321472168e+00 -4.184475839138031006e-01 -2.296144366264343262e-01 -8.789193630218505859e-01 2.207809388637542725e-01
9.049975275993347168e-01 -1.084783673286437988e-01 -4.119749665260314941e-01 -5.720024108886718750e-01 1.813381910324096680e-03 -9.660036563873291016e-01 2.585787773132324219e-01 -1.270740151405334473e+00 -4.258026182651519775e-01 -2.347665429115295410e-01 -8.736568093299865723e-01 2.263960391283035278e-01
8.999983072280883789e-01 -1.153371334075927734e-01 -4.208303391933441162e-01 -5.789324045181274414e-01 7.402896881103515625e-05 -9.641106128692626953e-01 2.643920779228210449e-01 -1.286209106445312500e+00 -4.359335303306579590e-01 -2.381726503372192383e-01 -8.677942752838134766e-01 2.437842935323715210e-01
8.947954177856445312e-01 -1.123579740524291992e-01 -4.318360090255737305e-01 -5.881459712982177734e-01 7.374823093414306641e-03 -9.640511274337768555e-01 2.661586403846740723e-01 -1.293492674827575684e+00 -4.463698863983154297e-01 -2.412362098693847656e-01 -8.618531227111816406e-01 2.534855008125305176e-01
8.921692371368408203e-01 -1.139056384563446045e-01 -4.372649192810058594e-01 -5.884662866592407227e-01 7.901132106781005859e-03 -9.635832309722900391e-01 2.671793103218078613e-01 -1.298708081245422363e+00 -4.520825147628784180e-01 -2.421876341104507446e-01 -8.584321737289428711e-01 2.597835958003997803e-01
8.907808065414428711e-01 -1.154718399047851562e-01 -4.394501447677612305e-01 -5.871233940124511719e-01 1.036345958709716797e-02 -9.617733955383300781e-01 2.733597159385681152e-01 -1.297671318054199219e+00 -4.543168544769287109e-01 -2.479686737060546875e-01 -8.554780483245849609e-01 2.680419385433197021e-01
8.900167942047119141e-01 -1.141276359558105469e-01 -4.415698051452636719e-01 -5.891488790512084961e-01 1.281359791755676270e-02 -9.614942669868469238e-01 2.741074264049530029e-01 -1.319338321685791016e+00 -4.564085006713867188e-01 -2.495986223220825195e-01 -8.541400432586669922e-01 2.784923911094665527e-01
8.876681327819824219e-01 -1.164069175720214844e-01 -4.457901120185852051e-01 -5.875111818313598633e-01 1.381261646747589111e-02 -9.600467085838317871e-01 2.783561944961547852e-01 -1.313609957695007324e+00 -4.602599143981933594e-01 -2.534692287445068359e-01 -8.511587381362915039e-01 2.788086533546447754e-01
8.867260217666625977e-01 -1.173245906829833984e-01 -4.470975399017333984e-01 -5.745056271553039551e-01 1.791290938854217529e-02 -9.583659768104553223e-01 2.863599061965942383e-01 -1.305777430534362793e+00 -4.619657993316650391e-01 -2.615281343460083008e-01 -8.472405076026916504e-01 3.051165342330932617e-01
8.821042776107788086e-01 -1.190357208251953125e-01 -4.560841023921966553e-01 -5.951673984527587891e-01 2.073526382446289062e-02 -9.569829106330871582e-01 2.897017300128936768e-01 -1.313510656356811523e+00 -4.706524610519409180e-01 -2.649627923965454102e-01 -8.416957259178161621e-01 3.048337101936340332e-01
8.822352886199951172e-01 -1.201791763305664062e-01 -4.556824564933776855e-01 -5.884366631507873535e-01 1.958394050598144531e-02 -9.565147161483764648e-01 2.908015251159667969e-01 -1.316891074180603027e+00 -4.707591533660888672e-01 -2.656142711639404297e-01 -8.412824869155883789e-01 3.143585920333862305e-01
8.781290054321289062e-01 -1.306685805320739746e-01 -4.605247378349304199e-01 -5.846594572067260742e-01 1.792806386947631836e-02 -9.524750709533691406e-01 3.045881092548370361e-01 -1.310530543327331543e+00 -4.782563447952270508e-01 -2.750816345214843750e-01 -8.340271711349487305e-01 3.387090265750885010e-01
8.761409521102905273e-01 -1.301380395889282227e-01 -4.636994004249572754e-01 -5.888085365295410156e-01 1.858302950859069824e-02 -9.527635574340820312e-01 3.025572597980499268e-01 -1.315166473388671875e+00 -4.809591770172119141e-01 -2.742049694061279297e-01 -8.328624367713928223e-01 3.413982689380645752e-01
8.766474723815917969e-01 -1.308081150054931641e-01 -4.629345238208770752e-01 -5.838771462440490723e-01 1.756882667541503906e-02 -9.529447555541992188e-01 3.036477863788604736e-01 -1.330163598060607910e+00 -4.809436798095703125e-01 -2.741525173187255859e-01 -8.327164649963378906e-01 3.530118763446807861e-01
8.757113218307495117e-01 -1.237150430679321289e-01 -4.663496613502502441e-01 -5.902382135391235352e-01 2.356183528900146484e-02 -9.546697735786437988e-01 2.969450950622558594e-01 -1.329345464706420898e+00 -4.819231629371643066e-01 -2.709397077560424805e-01 -8.330758213996887207e-01 3.596795797348022461e-01
8.764262199401855469e-01 -1.233136653900146484e-01 -4.654075503349304199e-01 -5.857647061347961426e-01 2.225583791732788086e-02 -9.550802111625671387e-01 2.949850559234619141e-01 -1.334930181503295898e+00 -4.812176227569580078e-01 -2.689045667648315430e-01 -8.341527581214904785e-01 3.715056180953979492e-01
8.764070272445678711e-01 -1.236655712127685547e-01 -4.658331871032714844e-01 -5.794498920440673828e-01 2.489580959081649780e-02 -9.534915089607238770e-01 3.000044226646423340e-01 -1.345453143119812012e+00 -4.812425673007965088e-01 -2.745177745819091797e-01 -8.327324986457824707e-01 3.892451226711273193e-01
8.760925531387329102e-01 -1.251078844070434570e-01 -4.662137627601623535e-01 -5.822838544845581055e-01 2.600989490747451782e-02 -9.519004821777343750e-01 3.045390844345092773e-01 -1.348412513732910156e+00 -4.819394350051879883e-01 -2.787592411041259766e-01 -8.304394483566284180e-01 3.974341750144958496e-01
8.749212026596069336e-01 -1.310265064239501953e-01 -4.656333327293395996e-01 -5.860512852668762207e-01 1.889497041702270508e-02 -9.524344801902770996e-01 3.037475347518920898e-01 -1.362766742706298828e+00 -4.834637641906738281e-01 -2.747439146041870117e-01 -8.306748270988464355e-01 4.036153852939605713e-01
8.751560449600219727e-01 -1.325098276138305664e-01 -4.651991128921508789e-01 -5.833562612533569336e-01 1.984976232051849365e-02 -9.512702226638793945e-01 3.077571988105773926e-01 -1.362350344657897949e+00 -4.831705093383789062e-01 -2.787886261940002441e-01 -8.302021622657775879e-01 4.155491590499877930e-01
8.736840486526489258e-01 -1.352179050445556641e-01 -4.667183160781860352e-01 -5.904834270477294922e-01 1.731896400451660156e-02 -9.511262178421020508e-01 3.075202703475952148e-01 -1.368281960487365723e+00 -4.855532646179199219e-01 -2.769933938980102539e-01 -8.292006850242614746e-01 4.181558787822723389e-01
8.750678300857543945e-01 -1.246169805526733398e-01 -4.673255085945129395e-01 -5.822688937187194824e-01 2.795360982418060303e-02 -9.514347314834594727e-01 3.062066137790679932e-01 -1.366268157958984375e+00 -4.827010929584503174e-01 -2.809416055679321289e-01 -8.294224739074707031e-01 4.397191107273101807e-01
8.729836940765380859e-01 -1.200158596038818359e-01 -4.731526374816894531e-01 -5.816875100135803223e-01 3.340312838554382324e-02 -9.524499773979187012e-01 3.031168580055236816e-01 -1.372182607650756836e+00 -4.869313240051269531e-01 -2.803264856338500977e-01 -8.271018266677856445e-01 4.550128877162933350e-01
8.751435279846191406e-01 -1.191209554672241211e-01 -4.691224992275238037e-01 -5.804352760314941406e-01 3.443138301372528076e-02 -9.511954188346862793e-01 3.061521649360656738e-01 -1.377639055252075195e+00 -4.827615022659301758e-01 -2.841264009475708008e-01 -8.282938599586486816e-01 4.595748484134674072e-01
8.718158006668090820e-01 -1.178285181522369385e-01 -4.749985039234161377e-01 -5.920680761337280273e-01 3.812424838542938232e-02 -9.516962170600891113e-01 3.054595589637756348e-01 -1.380278348922729492e+00 -4.880182743072509766e-01 -2.844272255897521973e-01 -8.249855041503906250e-01 4.649493992328643799e-01
8.716900348663330078e-01 -1.144824326038360596e-01 -4.762651920318603516e-01 -5.911635756492614746e-01 4.047849774360656738e-02 -9.520928263664245605e-01 3.033209145069122314e-01 -1.385025382041931152e+00 -4.881110787391662598e-01 -2.837072610855102539e-01 -8.252161741256713867e-01 4.722011983394622803e-01
8.723436594009399414e-01 -1.121804416179656982e-01 -4.758746325969696045e-01 -5.898098349571228027e-01 4.176306724548339844e-02 -9.524718523025512695e-01 3.011646568775177002e-01 -1.383340835571289062e+00 -4.871838688850402832e-01 -2.828414142131805420e-01 -8.264198303222656250e-01 4.788021743297576904e-01
8.729692697525024414e-01 -1.199371814727783203e-01 -4.720968306064605713e-01 -5.795081853866577148e-01 3.316354751586914062e-02 -9.524774551391601562e-01 3.025798201560974121e-01 -1.383733868598937988e+00 -4.863708019256591797e-01 -2.799431085586547852e-01 -8.276577591896057129e-01 4.787610471248626709e-01
8.773028850555419922e-01 -1.241857409477233887e-01 -4.632535576820373535e-01 -5.698409676551818848e-01 2.592778205871582031e-02 -9.524655938148498535e-01 3.042858242988586426e-01 -1.397677779197692871e+00 -4.788834750652313232e-01 -2.791618108749389648e-01 -8.323875665664672852e-01 4.759720861911773682e-01
8.764091730117797852e-01 -1.292394399642944336e-01 -4.631954431533813477e-01 -5.750154256820678711e-01 1.863133162260055542e-02 -9.530519247055053711e-01 3.013274669647216797e-01 -1.411502242088317871e+00 -4.805454611778259277e-01 -2.726177573204040527e-01 -8.330779671669006348e-01 4.719343483448028564e-01
8.774704337120056152e-01 -1.320657730102539062e-01 -4.615932703018188477e-01 -5.721333026885986328e-01 1.483274996280670166e-02 -9.536355733871459961e-01 3.009854853153228760e-01 -1.409764409065246582e+00 -4.798265993595123291e-01 -2.708810567855834961e-01 -8.347235918045043945e-01 4.676731526851654053e-01
8.771998882293701172e-01 -1.311495304107666016e-01 -4.616365730762481689e-01 -5.737431049346923828e-01 1.346170902252197266e-02 -9.549378156661987305e-01 2.969529032707214355e-01 -1.399669051170349121e+00 -4.798641800880432129e-01 -2.666857242584228516e-01 -8.360979557037353516e-01 4.803046882152557373e-01
8.807916641235351562e-01 -1.328605860471725464e-01 -4.541807174682617188e-01 -5.621846318244934082e-01 6.762161850929260254e-03 -9.560687541961669922e-01 2.928560376167297363e-01 -1.406044244766235352e+00 -4.730917811393737793e-01 -2.608487010002136230e-01 -8.414527773857116699e-01 4.873595535755157471e-01
8.820201158523559570e-01 -1.328539252281188965e-01 -4.517926573753356934e-01 -5.517722964286804199e-01 4.949688911437988281e-03 -9.569392204284667969e-01 2.906811237335205078e-01 -1.408190250396728516e+00 -4.709444046020507812e-01 -2.589455544948577881e-01 -8.432819843292236328e-01 4.918481707572937012e-01
8.840847015380859375e-01 -1.298686861991882324e-01 -4.484965205192565918e-01 -5.470950007438659668e-01 8.015662431716918945e-03 -9.562036991119384766e-01 2.924989163875579834e-01 -1.404600620269775391e+00 -4.668651521205902100e-01 -2.627965211868286133e-01 -8.445021510124206543e-01 4.914703667163848877e-01
8.873220086097717285e-01 -1.277189999818801880e-01 -4.427688717842102051e-01 -5.383592844009399414e-01 1.151764392852783203e-02 -9.543158411979675293e-01 2.984930276870727539e-01 -1.411286592483520508e+00 -4.606137275695800781e-01 -2.700600028038024902e-01 -8.454340696334838867e-01 4.993873238563537598e-01
8.878957033157348633e-01 -1.320825666189193726e-01 -4.411510229110717773e-01 -5.386365652084350586e-01 8.115291595458984375e-03 -9.530715346336364746e-01 3.018615245819091797e-01 -1.413392424583435059e+00 -4.601511955261230469e-01 -2.716456651687622070e-01 -8.452440500259399414e-01 5.034054517745971680e-01
8.896295428276062012e-01 -1.346623301506042480e-01 -4.363814592361450195e-01 -5.237258076667785645e-01 1.212759315967559814e-02 -9.481079578399658203e-01 3.174186348915100098e-01 -1.416914939880371094e+00 -4.563720822334289551e-01 -2.877215743064880371e-01 -8.421721458435058594e-01 5.198338627815246582e-01
8.902472257614135742e-01 -1.367757320404052734e-01 -4.343732595443725586e-01 -5.262653827667236328e-01 1.009112596511840820e-02 -9.475231170654296875e-01 3.191273212432861328e-01 -1.424815416336059570e+00 -4.552221000194549561e-01 -2.886515259742736816e-01 -8.422040343284606934e-01 5.204105973243713379e-01
8.904547095298767090e-01 -1.399664282798767090e-01 -4.326745271682739258e-01 -5.206599831581115723e-01 7.561098784208297729e-03 -9.467154145240783691e-01 3.219341039657592773e-01 -1.426825404167175293e+00 -4.549655020236968994e-01 -2.899207174777984619e-01 -8.423969149589538574e-01 5.241817831993103027e-01
8.937551975250244141e-01 -1.437294483184814453e-01 -4.250951409339904785e-01 -5.017018318176269531e-01 3.117799758911132812e-03 -9.450873136520385742e-01 3.258384466171264648e-01 -1.441498994827270508e+00 -4.485884904861450195e-01 -2.925012111663818359e-01 -8.447234630584716797e-01 5.341559648513793945e-01
8.956676125526428223e-01 -1.468840837478637695e-01 -4.201956987380981445e-01 -4.895107746124267578e-01 -1.082457602024078369e-03 -9.443433880805969238e-01 3.287510573863983154e-01 -1.449918866157531738e+00 -4.451208710670471191e-01 -2.941030263900756836e-01 -8.458917140960693359e-01 5.427781343460083008e-01
8.943966627120971680e-01 -1.533327102661132812e-01 -4.200469553470611572e-01 -4.844864010810852051e-01 -6.554871797561645508e-03 -9.438531994819641113e-01 3.308051228523254395e-01 -1.450186371803283691e+00 -4.474084377288818359e-01 -2.931580543518066406e-01 -8.451268076896667480e-01 5.452590584754943848e-01
8.955665826797485352e-01 -1.485412269830703735e-01 -4.187603890895843506e-01 -4.653710126876831055e-01 -2.101212739944458008e-03 -9.438623785972595215e-01 3.301390409469604492e-01 -1.451335549354553223e+00 -4.447360038757324219e-01 -2.948415875434875488e-01 -8.459658026695251465e-01 5.505368113517761230e-01
8.974212408065795898e-01 -1.546536833047866821e-01 -4.131413698196411133e-01 -4.515693783760070801e-01 -8.696454577147960663e-03 -9.424158930778503418e-01 3.340038061141967773e-01 -1.451003074645996094e+00 -4.413669705390930176e-01 -2.962791919708251953e-01 -8.473348617553710938e-01 5.591977238655090332e-01
9.000738263130187988e-01 -1.554891169071197510e-01 -4.067628979682922363e-01 -4.303396344184875488e-01 -1.184928417205810547e-02 -9.422790408134460449e-01 3.337675631046295166e-01 -1.458931207656860352e+00 -4.353199005126953125e-01 -2.956489026546478271e-01 -8.501268625259399414e-01 5.651008486747741699e-01
9.029514193534851074e-01 -1.573651880025863647e-01 -3.997671306133270264e-01 -4.027937054634094238e-01 -1.358056068420410156e-02 -9.405747056007385254e-01 3.394792079925537109e-01 -1.456580042839050293e+00 -4.295080900192260742e-01 -3.012898266315460205e-01 -8.512690067291259766e-01 5.664895176887512207e-01
9.030338525772094727e-01 -1.586768180131912231e-01 -3.984461426734924316e-01 -3.893058896064758301e-01 -1.541280746459960938e-02 -9.403396844863891602e-01 3.400191068649291992e-01 -1.462896466255187988e+00 -4.285800457000732422e-01 -3.010134398937225342e-01 -8.518444299697875977e-01 5.751347541809082031e-01
9.014713764190673828e-01 -1.616091728210449219e-01 -4.013450145721435547e-01 -3.884635567665100098e-01 -1.567339897155761719e-02 -9.394847750663757324e-01 3.421537876129150391e-01 -1.465181469917297363e+00 -4.326820373535156250e-01 -3.024108409881591797e-01 -8.494634628295898438e-01 5.787910819053649902e-01
9.041460156440734863e-01 -1.500117778778076172e-01 -4.003771841526031494e-01 -3.755864500999450684e-01 -7.464945316314697266e-03 -9.419485330581665039e-01 3.365168571472167969e-01 -1.468728661537170410e+00 -4.272485375404357910e-01 -3.017062544822692871e-01 -8.523769378662109375e-01 5.771676898002624512e-01
9.050493240356445312e-01 -1.493406742811203003e-01 -3.978577852249145508e-01 -3.682874441146850586e-01 -8.629307150840759277e-03 -9.422268271446228027e-01 3.342402577400207520e-01 -1.477851867675781250e+00 -4.247525334358215332e-01 -2.992071509361267090e-01 -8.540093302726745605e-01 5.807265043258666992e-01
