9.804163319685466060e-01 -6.854441250649767614e-02 1.846225354851481482e-01 -4.508083143480187127e-01 -6.043998407520408123e-02 -9.969595662789778601e-01 -4.917959237812083440e-02 -9.046414963229503226e-01 1.874321888644881196e-01 3.705789285003525946e-02 -9.815782641845537393e-01 -9.441028014876079455e-02
9.826453346767997088e-01 -6.071933709249768829e-02 1.752749527133593554e-01 -4.815244296044857153e-01 -5.720821803463455035e-02 -9.980486935947364691e-01 -2.502049998549871201e-02 -9.166511433782421614e-01 1.764521655764500208e-01 1.455911011711015501e-02 -9.842015375508379460e-01 -1.080201590384108068e-01
9.823974140780428188e-01 -5.146964672972648147e-02 1.795722610063857083e-01 -4.806766540791367337e-01 -4.889442437182703327e-02 -9.986281228643560937e-01 -1.874053936138130039e-02 -9.149713176249408830e-01 1.802904787411380438e-01 9.630575266383847866e-03 -9.835662642363091068e-01 -1.150695336840560079e-01
9.819908703960895657e-01 -2.260365469905873878e-02 1.875713301598701810e-01 -4.809641426947465770e-01 -2.195447206323924635e-02 -9.997436328178292975e-01 -5.537989016792227437e-03 -9.066795361838357881e-01 1.876484219329478953e-01 1.320224924455923321e-03 -9.822353714783909062e-01 -1.239779225445377664e-01
9.808260061218839754e-01 -2.157069262053859168e-02 1.936880229198100767e-01 -4.736648276425873272e-01 -1.997935508771525939e-02 -9.997487088767667007e-01 -1.016583577623982049e-02 -9.176966992684078006e-01 1.938586350142967873e-01 6.101154218602578005e-03 -9.810105017837458252e-01 -1.299696459699362927e-01
9.805375009832596467e-01 -1.683187827405784043e-02 1.956090441616830933e-01 -4.686086236474965583e-01 -1.575613286139961045e-02 -9.998509794061578582e-01 -7.054333631551251704e-03 -9.192915367253500225e-01 1.956986320002811475e-01 3.834996708610413640e-03 -9.806565860118743316e-01 -1.284112042696711198e-01
9.821084653591026781e-01 8.639967511279451201e-03 1.881178200078099105e-01 -4.835015678880156820e-01 8.406864043336469833e-03 -9.999625871298867263e-01 2.036975492378856334e-03 -9.372151193012833170e-01 1.881283813942931094e-01 -4.190499598657609903e-04 -9.821443568920427136e-01 -1.435267922435251586e-01
9.805432434548506659e-01 1.814944418073576732e-02 1.954623871371955202e-01 -4.911685955508056090e-01 1.530702037121417849e-02 -9.997541296986960369e-01 1.604291592085885232e-02 -9.362794194490917654e-01 1.957054987309133354e-01 -1.273882603157229509e-02 -9.805799709104012774e-01 -1.502329330982436761e-01
9.778539892325179839e-01 1.374936601320123422e-02 2.088361336818672920e-01 -4.758529112990190213e-01 8.742842760247244299e-03 -9.996522710861055483e-01 2.487769323485967965e-02 -9.213301309714657661e-01 2.091055678303652687e-01 -2.250093009476573924e-02 -9.776341696717893992e-01 -1.534993439413416261e-01
9.775666232973837522e-01 1.269512312800958297e-02 2.102435014991823614e-01 -4.688541820665307336e-01 7.722348892882865273e-03 -9.996710663362253779e-01 2.445658039414329299e-02 -9.240938087334522599e-01 2.104848246251537214e-01 -2.228436302025157967e-02 -9.773431048992300418e-01 -1.620878982140952218e-01
9.779329169665896826e-01 1.137721216744126858e-02 2.086091310116087172e-01 -4.715933652373557883e-01 7.167730196147976962e-03 -9.997553818705909867e-01 2.092367454684403161e-02 -9.426959893630507681e-01 2.087961545252713935e-01 -1.896669612699075635e-02 -9.777752456315653706e-01 -1.668592038702019775e-01
9.780190696978131593e-01 9.692246945267789238e-03 2.082900851038305412e-01 -4.744547990602005494e-01 3.805435199896897019e-03 -9.995824121077684365e-01 2.864472123299910411e-02 -9.375160921368725919e-01 2.084807373978306011e-01 -2.722244918967772764e-02 -9.776475439937077905e-01 -1.729372936738335365e-01
9.778471835951292324e-01 7.847448913296667383e-03 2.091729014825796373e-01 -4.907648331652061935e-01 3.334687502895124223e-03 -9.997542047000045340e-01 2.191825697297733466e-02 -9.523609318870867035e-01 2.092934901682518556e-01 -2.073517958950708839e-02 -9.776330021431410833e-01 -1.853326916865954410e-01
9.758340012509832961e-01 1.511229691944019661e-02 2.179899579779077667e-01 -4.902331693593789952e-01 8.443027778407684314e-03 -9.994682959550043044e-01 3.149350414593020397e-02 -9.692270699959412150e-01 2.183499910330372051e-01 -2.889193693005055741e-02 -9.754427399031502244e-01 -1.878500509061605261e-01
9.718212440220916903e-01 2.459280721571863171e-02 2.344326452445720799e-01 -4.891828861872933865e-01 1.131884991283399478e-02 -9.982640129517890148e-01 5.780003586586983377e-02 -9.527952941802685372e-01 2.354471383631952519e-01 -5.351779491585549609e-02 -9.704125372105304459e-01 -1.978926075888808311e-01
9.700955297125544163e-01 1.741763911595419628e-02 2.420976851064502999e-01 -4.818257197884105447e-01 3.342674439625024224e-03 -9.982860796927248703e-01 5.842713086449920906e-02 -9.484835380448550790e-01 2.427004116477195494e-01 -5.587064472248600561e-02 -9.684910847811614154e-01 -2.060631157444885175e-01
9.697652959021524355e-01 4.546662182249209573e-03 2.439971283945059355e-01 -4.685181792675793266e-01 -7.354261269914560278e-03 -9.988278557814033176e-01 4.784171143816388916e-02 -9.567449932842105875e-01 2.439286486717040237e-01 -4.818965008284841617e-02 -9.685951537754244889e-01 -2.076094049207022618e-01
9.739163152088370357e-01 -1.171055648703773697e-03 2.269044638308963802e-01 -4.899615804935725794e-01 -1.198280272953448564e-02 -9.988567572897240066e-01 4.627732297392916222e-02 -9.841134825902628780e-01 2.265908636894235217e-01 -4.778919152537086656e-02 -9.728169250000328061e-01 -2.121161144355632744e-01
9.736133490070725260e-01 7.542553528905541343e-03 2.280792784012444230e-01 -4.966325936818571929e-01 -5.232577883244535211e-03 -9.984530098586805735e-01 5.535528214643495315e-02 -9.789208165885454616e-01 2.281439621816186980e-01 -5.508808420714607357e-02 -9.720677117572146253e-01 -2.205523089531152836e-01
9.692247470132795417e-01 1.358313876022569471e-02 2.458025406073089114e-01 -4.874317587561884935e-01 -7.362384520139264588e-04 -9.983122327090278025e-01 5.807016447682727955e-02 -9.920785750962336502e-01 2.461764582207398855e-01 -5.646400975364292141e-02 -9.675789207588547658e-01 -2.226469677913458234e-01
9.698830501135135007e-01 1.675976704382151766e-02 2.429937947824737376e-01 -4.834760455163707449e-01 2.191754943413327245e-03 -9.981900149499722819e-01 6.009900505316402575e-02 -9.981204989141602146e-01 2.435612249797087792e-01 -5.775642353211189739e-02 -9.681643095888180506e-01 -2.216544748727075631e-01
9.725593360959736700e-01 1.274563761512367832e-02 2.323055849025192909e-01 -4.944776577722632127e-01 -4.437300699427475931e-03 -9.973004547290661437e-01 7.329470196718229635e-02 -1.011589798592475997e+00 2.326126531716316836e-01 -7.231425643573276274e-02 -9.698773119112791274e-01 -2.269047654924169766e-01
9.730165523061449218e-01 2.715597038821200744e-03 2.307193428922794665e-01 -4.955996607602429216e-01 -1.502800430809412419e-02 -9.970617512979028652e-01 7.511340223360739310e-02 -1.005755476581557284e+00 2.302454098112323988e-01 -7.655383491233749838e-02 -9.701167776819913380e-01 -2.298596257302724655e-01
9.755374314936052782e-01 -6.023158533357876772e-03 2.197508669870696374e-01 -4.997138541141096235e-01 -1.951649896152909264e-02 -9.980503701179348486e-01 5.928376730587105875e-02 -1.020838965000295806e+00 2.189653585666593849e-01 -6.212230145809915366e-02 -9.737530455359232340e-01 -2.311101813216647205e-01
9.792765051839652513e-01 5.900075142219575811e-04 2.025269828376066727e-01 -5.282441126518770957e-01 -3.293507772675674516e-03 -9.998171291704676111e-01 1.883775753412295084e-02 -1.022701559624419998e+00 2.025010609720359345e-01 -1.911439753928362295e-02 -9.790954808839363865e-01 -2.362685310082662249e-01
9.769284941060562000e-01 1.137560233380645672e-02 2.132634847716631254e-01 -5.169967939709834148e-01 1.123954812683540527e-02 -9.999351222296224417e-01 1.850429622050966949e-03 -1.032907358489679961e+00 2.132706984749948298e-01 5.892477532584428079e-04 -9.769929697903535493e-01 -2.304174671896524751e-01
9.707521203609712490e-01 1.070325742941066471e-01 2.149054356563177837e-01 -7.151017282205298642e-01 1.126868753160959885e-01 -9.935291178752104768e-01 -1.419714108308259282e-02 -1.052323289421541075e+00 2.119952507521671303e-01 3.799892781654447271e-02 -9.765316647876195466e-01 -2.547473399028036267e-01
9.469220925572635617e-01 1.425805633192077371e-01 2.881134001664085176e-01 -6.603330005647702894e-01 1.562404941221781363e-01 -9.874061276714163338e-01 -2.486053339572530385e-02 -1.112067271515517319e+00 2.809403074854577298e-01 6.855596915281203518e-02 -9.572735348138913247e-01 -2.569135898063333867e-01
9.165697749798711325e-01 1.585541364455962665e-01 3.670973085136385317e-01 -5.263954041941919515e-01 1.682071517675559624e-01 -9.857347731474666030e-01 5.771587749885356833e-03 -1.052052022704558221e+00 3.627756913009517747e-01 5.645832963030351925e-02 -9.301646388143430810e-01 -2.135561381577652240e-01
9.344748066635705230e-01 1.085784220431145891e-01 3.390686639258111978e-01 -5.243320009622703948e-01 1.178379775492099935e-01 -9.930097228700804912e-01 -6.775003666347700904e-03 -1.068559871291055341e+00 3.359628604765319548e-01 4.628623668521021639e-02 -9.407372308029203767e-01 -1.979066161248366762e-01
9.446604756502741118e-01 8.005951506140161766e-02 3.181305655931382370e-01 -5.290061954621114726e-01 8.804486109627066015e-02 -9.960582078514949034e-01 -1.077721700331248089e-02 -1.065265931873454530e+00 3.160137420018772070e-01 3.819057305235784572e-02 -9.479856495129159732e-01 -2.043622888760727452e-01
9.460092916869866642e-01 5.999116277624319538e-02 3.185396008963411463e-01 -5.473507247177291646e-01 7.133700111978581726e-02 -9.971620096543039047e-01 -2.406154890648737332e-02 -1.072199400321744989e+00 3.161921080668468886e-01 4.548610921828770415e-02 -9.476041162422826902e-01 -2.051961907306703303e-01
9.416531455440273479e-01 6.620923404340568752e-02 3.300086277369340126e-01 -5.637139095714879256e-01 8.007960141985916158e-02 -9.963781308238816026e-01 -2.859857712323386758e-02 -1.078418764049561274e+00 3.269198900510862926e-01 5.335689884007985273e-02 -9.435446099223719907e-01 -1.906591048745893691e-01
9.367109243576764444e-01 6.857534819103831836e-02 3.433221042103097309e-01 -5.649576555777527931e-01 8.709268831008044887e-02 -9.954446971953601064e-01 -3.879070502403107745e-02 -1.082699770721619048e+00 3.390980820805338802e-01 6.623652190917597715e-02 -9.384163338027534662e-01 -1.923749364150939001e-01
9.383320097642090518e-01 5.372031647585462366e-02 3.415364808084491721e-01 -5.689122899308097780e-01 6.980596484714933492e-02 -9.969473191379206733e-01 -3.497385125481675128e-02 -1.087671089365156218e+00 3.386150726132445832e-01 5.665836761465241345e-02 -9.392175800947530906e-01 -1.931972793187223258e-01
9.400467694119172268e-01 4.914493658477252919e-02 3.374860626847790979e-01 -5.738648739565662682e-01 6.708183621707766719e-02 -9.968762485631499359e-01 -4.168658552379057858e-02 -1.099818266947732104e+00 3.343831552638822369e-01 6.182652537261391912e-02 -9.404070296854754041e-01 -1.818214229514278080e-01
9.381513055022310255e-01 4.740914890134830667e-02 3.429642719023649478e-01 -5.834044156939827142e-01 6.308254581778122150e-02 -9.974054952636604021e-01 -3.468239809573658849e-02 -1.115288153034995622e+00 3.404301860382871192e-01 5.417239753441401018e-02 -9.387079575590914216e-01 -1.874085529313079812e-01
9.335153798294457683e-01 4.766650974792124851e-02 3.553546725338994072e-01 -5.884815704523400637e-01 6.389126960829971669e-02 -9.973755930991838881e-01 -3.405631571872147489e-02 -1.129573199292727370e+00 3.527987317594754590e-01 5.449615523753539859e-02 -9.341109293457824370e-01 -1.818750913764368426e-01
9.329812817199772956e-01 2.963900048917524760e-02 3.587024692130856285e-01 -5.900296169931780188e-01 4.771725257117500479e-02 -9.979921719417824688e-01 -4.164960058609265547e-02 -1.130436791922067474e+00 3.567478039116745991e-01 5.597459378719175926e-02 -9.325223073487718395e-01 -1.836003781842998894e-01
9.385131073057393358e-01 1.768855588730751383e-02 3.447901709573009676e-01 -5.996766291877834165e-01 2.963110097813283217e-02 -9.991285069292783483e-01 -2.939769433637064167e-02 -1.135063321178291451e+00 3.439696859479236535e-01 3.780663384488409939e-02 -9.382193310234762107e-01 -1.885883713166781883e-01
9.388282873033637621e-01 7.006988087796870053e-03 3.443143207767949132e-01 -6.082323620172244150e-01 2.233710708259961653e-02 -9.989267046743941503e-01 -4.057699792005393935e-02 -1.142281139300276527e+00 3.436604472910665953e-01 4.578581929913602688e-02 -9.379771631326098147e-01 -1.899779591671477696e-01
9.396120044056133214e-01 -1.837025725995834052e-02 3.417481813725341544e-01 -6.055517532859260310e-01 1.338477338539520445e-03 -9.983535058308954380e-01 -5.734533002810530966e-02 -1.122090959557479950e+00 3.422389433163214867e-01 5.433978298098240955e-02 -9.380403505580661161e-01 -1.844825802847607221e-01
9.425004358963823270e-01 -3.404919350939974304e-02 3.324659055419058040e-01 -6.056436317922220258e-01 -5.759130011934079918e-03 -9.963035602968348670e-01 -8.570908586515141314e-02 -1.163242261661683319e+00 3.341552907496397884e-01 7.886613617481205707e-02 -9.392126335957159400e-01 -1.781314060420824408e-01
9.493740145040368006e-01 -6.467979182872855837e-02 3.074174706478466357e-01 -6.148956386036974475e-01 -3.734708496935557065e-02 -9.948731086983634286e-01 -9.398239873557359680e-02 -1.175786281941669786e+00 3.119201371486559626e-01 7.774329999903670241e-02 -9.469222788868096874e-01 -1.836014104111684253e-01
9.510126718052995809e-01 -7.912331571698694166e-02 2.988551458921114845e-01 -6.209275212047158377e-01 -5.189625162287934967e-02 -9.938344547173132426e-01 -9.797885153325194829e-02 -1.183923398039187225e+00 3.047649526783510754e-01 7.766966733798975897e-02 -9.492553636434496456e-01 -1.763706115702732280e-01
9.546328088681057533e-01 -9.973016313241607478e-02 2.805888280722851902e-01 -6.291269024409527066e-01 -7.416435276687287359e-02 -9.921863486818300881e-01 -1.003289388396581966e-01 -1.192952848091475282e+00 2.884022271840765983e-01 7.496760644138758534e-02 -9.545700643070484936e-01 -1.816423182655294566e-01
9.551930829655013167e-01 -1.100170343702180364e-01 2.747770511798389159e-01 -6.303600611312361046e-01 -8.444175211961313376e-02 -9.910627444720891965e-01 -1.032677483157897064e-01 -1.204188683787017045e+00 2.836825095220243953e-01 7.543798376332028210e-02 -9.559463093014420876e-01 -1.828240182019333915e-01
9.566116502469698135e-01 -1.366248489483175288e-01 2.573476163876226019e-01 -6.344831940154304073e-01 -1.123647985195369015e-01 -9.879112896249847564e-01 -1.067962177977771210e-01 -1.219354961329879306e+00 2.688276344818029129e-01 7.324569062327333790e-02 -9.603992736937015939e-01 -1.849415097319393464e-01
9.567004323933737675e-01 -1.486820094889442223e-01 2.502357842817993228e-01 -6.345336835159084421e-01 -1.260961645555846722e-01 -9.865428513741729688e-01 -1.040815218078639803e-01 -1.224027289395397844e+00 2.623433722514361133e-01 6.802106664475374154e-02 -9.625742025104969679e-01 -1.846422815633781966e-01
9.578484046177562217e-01 -1.580188768887875461e-01 2.399093058754896146e-01 -6.401152577683570932e-01 -1.371965295708269528e-01 -9.853553522603953896e-01 -1.012518987554515831e-01 -1.226348636696210415e+00 2.523956274713973769e-01 6.406924884014379706e-02 -9.655006918868933585e-01 -1.921063399234238522e-01
9.612585457565092639e-01 -1.524554199283853217e-01 2.296505073074791570e-01 -6.660357247796913072e-01 -1.311371310472539131e-01 -9.857364904378694836e-01 -1.054828241192796584e-01 -1.222267236419664282e+00 2.424563124163934269e-01 7.128055861426543793e-02 -9.675401910551351126e-01 -1.931055699320390895e-01
9.598447776870602244e-01 -1.484910138436564275e-01 2.380092770735475483e-01 -6.706105097943473314e-01 -1.250102874267667308e-01 -9.859303293896219955e-01 -1.109676044295684894e-01 -1.230452416354244516e+00 2.511382591433075628e-01 7.675806478827294776e-02 -9.649029834674281991e-01 -1.953606885600536469e-01
9.567312226998672120e-01 -1.424357177925793250e-01 2.537270786069938389e-01 -6.568340947564365040e-01 -1.088593868859063785e-01 -9.838843001622105122e-01 -1.418496206307420793e-01 -1.233005748588392514e+00 2.698425429883768989e-01 1.080913852691136046e-01 -9.568182950207613224e-01 -2.075516215380744656e-01
9.571101198360877360e-01 -1.403123410639569024e-01 2.534810889266212452e-01 -6.572725657302294078e-01 -1.031869806489407321e-01 -9.826207280444024805e-01 -1.543014875043617617e-01 -1.245306561829441661e+00 2.707261762746750455e-01 1.215275656682504313e-01 -9.549546501157463174e-01 -2.003546114804188316e-01
9.561809943184730320e-01 -1.480440620446893119e-01 2.525883170138391587e-01 -6.443271815934372704e-01 -1.050533243114391557e-01 -9.787715188086747453e-01 -1.759832631216971532e-01 -1.263229771777397259e+00 2.732795295064130991e-01 1.417366073936915105e-01 -9.514352456470918096e-01 -1.982366616608723375e-01
9.578955240020715634e-01 -1.506433347296298464e-01 2.444233013267091414e-01 -6.346813273189600979e-01 -1.077751267266263135e-01 -9.777058946617437352e-01 -1.802101688532950496e-01 -1.267080367236013361e+00 2.661215635547771741e-01 1.462797615894816106e-01 -9.527757048916705163e-01 -2.011706530744675481e-01
9.607468467414206348e-01 -1.548199592424028270e-01 2.302092137107826231e-01 -6.437138503445392068e-01 -1.119511976189492969e-01 -9.755954120221799197e-01 -1.888929019465225567e-01 -1.276957781151307758e+00 2.538354411935290766e-01 1.557060653120541094e-01 -9.546324944070433416e-01 -2.067922820617899560e-01
9.625698898468028064e-01 -1.636064883048776730e-01 2.160836043969345255e-01 -6.551237721098478461e-01 -1.216772128464209957e-01 -9.732529504463041103e-01 -1.948675197170710582e-01 -1.270848892875728220e+00 2.421855961419943359e-01 1.612811562358384687e-01 -9.567311668202260755e-01 -2.191289983051346868e-01
9.624212852045695987e-01 -1.652057515647098740e-01 2.155280341631022334e-01 -6.542227467594419199e-01 -1.200481287048248136e-01 -9.707304459217185322e-01 -2.080164764901668017e-01 -1.285259847536345479e+00 2.435851404480031956e-01 1.743257495193767381e-01 -9.540842835453954285e-01 -2.175951174554239254e-01
9.623677094625664452e-01 -1.654695086676767068e-01 2.155649249180940918e-01 -6.512674255993335937e-01 -1.192218610513749860e-01 -9.699133159341136734e-01 -2.122600121853958077e-01 -1.284279355022176050e+00 2.442018488767233320e-01 1.785721319099519144e-01 -9.531408380717498741e-01 -2.232886102862660094e-01
9.602568247150042868e-01 -1.775357106536489815e-01 2.153785091141074970e-01 -6.394789026120316633e-01 -1.256641375685192408e-01 -9.639962150260538154e-01 -2.343497860351105855e-01 -1.308764870623305043e+00 2.492295232797862026e-01 1.979706268929932178e-01 -9.479938163981428412e-01 -2.328469891488126609e-01
9.602008738371601293e-01 -1.836053574239852049e-01 2.104836308290827518e-01 -6.411353990164248007e-01 -1.306666614501059143e-01 -9.613180381018190390e-01 -2.424744540503293577e-01 -1.317073477149476091e+00 2.468613167215095439e-01 2.053209915517125450e-01 -9.470495179368775274e-01 -2.344519343742104134e-01
9.598372093629738977e-01 -1.883136060202044715e-01 2.079675749603681345e-01 -6.382152866641058742e-01 -1.342046225213175403e-01 -9.591354645299338122e-01 -2.490949026205244721e-01 -1.332769341846902211e+00 2.463770398392553518e-01 2.111803436197305373e-01 -9.458864657935373010e-01 -2.377865666784371723e-01
9.668115403301261734e-01 -1.713926937222873259e-01 1.894729306085129461e-01 -6.420618380215551424e-01 -1.229993728958774235e-01 -9.622460729108006650e-01 -2.428037324114337703e-01 -1.351745235352413754e+00 2.239343679656660424e-01 2.114403996324459023e-01 -9.513918012974362792e-01 -2.463484982795107470e-01
9.675288689957076693e-01 -1.679986155566620121e-01 1.888500738930446177e-01 -6.400557046299512054e-01 -1.204852498687646462e-01 -9.633419614279667975e-01 -2.396989042331742759e-01 -1.355782874814362993e+00 2.221962866744812692e-01 2.091619600934337964e-01 -9.523025143721122188e-01 -2.495707753394469097e-01
9.667617558426210289e-01 -1.710331049846626761e-01 1.900509944088175085e-01 -6.419831256895732752e-01 -1.235877861942162037e-01 -9.633104627626892791e-01 -2.382414806573581179e-01 -1.366565296028409593e+00 2.238252948085218963e-01 2.068347683917333701e-01 -9.524293185526215844e-01 -2.519579634598452245e-01
9.674264393705516163e-01 -1.647450313274329003e-01 1.922112343934818668e-01 -6.273056794820683901e-01 -1.198678551373418416e-01 -9.668659570874463816e-01 -2.253928070503740111e-01 -1.381451021179270100e+00 2.229748445013523539e-01 1.950110121578351174e-01 -9.551193239022632842e-01 -2.693145580992985511e-01
9.676846016005188345e-01 -1.598042129083588891e-01 1.950618424162975928e-01 -6.146518421428912582e-01 -1.164383151802733524e-01 -9.693199044255442764e-01 -2.164740999952619038e-01 -1.411044800253512976e+00 2.236708018420422717e-01 1.867659793756065723e-01 -9.566032797569783419e-01 -2.663675214186413953e-01
9.666447337891773683e-01 -1.656767987747087834e-01 1.953180919747562472e-01 -5.886847277309782411e-01 -1.265856895853430253e-01 -9.719934517528315832e-01 -1.980020026541854383e-01 -1.398618042253406690e+00 2.226522443113359562e-01 1.666731178196537155e-01 -9.605446632134425622e-01 -2.832810514083101694e-01
9.719711589836879106e-01 -1.640076061733971580e-01 1.684445617007043483e-01 -6.210098712666808352e-01 -1.324724228280478588e-01 -9.739741507935393283e-01 -1.839168539496778831e-01 -1.394916995410910854e+00 1.942244125850291492e-01 1.564476180225756463e-01 -9.684012694656782827e-01 -2.980685961104566628e-01
9.717114382634811642e-01 -1.634221950067802354e-01 1.704994593932442348e-01 -6.129289356201679251e-01 -1.316412145218928409e-01 -9.741688902521493665e-01 -1.834817744067996637e-01 -1.404878704619062502e+00 1.960802644838951225e-01 1.558465823002509187e-01 -9.681241501958041118e-01 -3.004757714002924684e-01
9.726524013181833128e-01 -1.600886956732685551e-01 1.682822575134164944e-01 -6.131368430548697068e-01 -1.289346990084713207e-01 -9.747899367150302252e-01 -1.821000476157362269e-01 -1.424059306768686639e+00 1.931920082583997444e-01 1.554226277147960633e-01 -9.687727595444414197e-01 -2.989348120576715284e-01
9.698971032844525553e-01 -1.743075540042016425e-01 1.700484714678065223e-01 -5.755987221586049696e-01 -1.437922832051888034e-01 -9.735127445676359237e-01 -1.777546348862859005e-01 -1.429178397718890547e+00 1.965283321549419759e-01 1.479520458480398371e-01 -9.692712734473848402e-01 -3.059386045003404941e-01
9.726591560617384724e-01 -1.702249679134846816e-01 1.579798327300485916e-01 -5.857677673063246271e-01 -1.430131927418847038e-01 -9.750005993357540035e-01 -1.700619300434345615e-01 -1.436696418031044420e+00 1.829792172484354107e-01 1.428190937065867694e-01 -9.726876757335504164e-01 -3.088471246721117835e-01
9.760942746414864590e-01 -1.648399377833727475e-01 1.416607342990671148e-01 -6.017064809345854526e-01 -1.411838224484174564e-01 -9.764108446551614806e-01 -1.633676656262838811e-01 -1.443516661677088919e+00 1.652485915084793144e-01 1.394620400710703811e-01 -9.763417668002466465e-01 -3.119644345254501405e-01
9.764981056845378760e-01 -1.608621259850454011e-01 1.434392765901478795e-01 -5.922383512830025065e-01 -1.386759351791240491e-01 -9.784178732285526703e-01 -1.531908954399477385e-01 -1.435095648183897010e+00 1.649861650167938898e-01 1.296990434106933265e-01 -9.777309055063897469e-01 -3.213712477476076135e-01
9.787323481660721303e-01 -1.590483613468726687e-01 1.295631548401467437e-01 -6.036352088014000916e-01 -1.365641017959533521e-01 -9.764462415715389199e-01 -1.670418728261284791e-01 -1.446132516658680478e+00 1.530791900422675267e-01 1.457956094972599481e-01 -9.773998185803441929e-01 -3.248954223408089259e-01
9.796018157718742181e-01 -1.540306349761121629e-01 1.290536547962650438e-01 -6.028539527630526473e-01 -1.315080823588277437e-01 -9.770004814418271621e-01 -1.678561379334750359e-01 -1.449062750020096768e+00 1.519404705918306064e-01 1.474605787287899816e-01 -9.773277191691980281e-01 -3.253081609508930994e-01
9.794147826064851792e-01 -1.519737965429417692e-01 1.328557531905714129e-01 -5.831488951976824264e-01 -1.291231529731637351e-01 -9.775757475319716283e-01 -1.663516597394228413e-01 -1.469296794130804829e+00 1.551576531700125106e-01 1.457725222356411887e-01 -9.770754728434035696e-01 -3.241275168491196679e-01
9.794683464513850302e-01 -1.547426776014547978e-01 1.292147924244314849e-01 -5.662847468973122300e-01 -1.328266454848840705e-01 -9.775129109720682719e-01 -1.637852020307539180e-01 -1.479316040183137337e+00 1.516536880418305477e-01 1.432592538871322319e-01 -9.779969050345724835e-01 -3.252678844140206582e-01
9.800812941159935399e-01 -1.606659885086334505e-01 1.167351540692747880e-01 -5.672786247758757616e-01 -1.408682648597327780e-01 -9.767460890878985058e-01 -1.616267531553040315e-01 -1.495483780403862761e+00 1.399885281875622722e-01 1.419630783247727845e-01 -9.799233105528230015e-01 -3.281434908881328827e-01
9.820973209222161326e-01 -1.643105830912507948e-01 9.212429041564861032e-02 -5.799319023732411038e-01 -1.496414476650822500e-01 -9.775577268215315252e-01 -1.482846208764230511e-01 -1.488364560781145318e+00 1.144215440194611549e-01 1.318443168949656741e-01 -9.846444978189805575e-01 -3.392093954610269080e-01
9.830173887287114720e-01 -1.631470134706437536e-01 8.402299874617241704e-02 -5.902115814929763671e-01 -1.496494640251196939e-01 -9.776705139581092219e-01 -1.475310172464483482e-01 -1.494969929826317934e+00 1.062160546135212519e-01 1.324515580567637296e-01 -9.854819796400337006e-01 -3.364432328113540205e-01
9.844856909227335251e-01 -1.558294141281553746e-01 8.065429793358416810e-02 -5.879644327362301137e-01 -1.435599824651725975e-01 -9.796333803233974180e-01 -1.403886226200196652e-01 -1.484868680259411322e+00 1.008883221904240263e-01 1.266318594455067004e-01 -9.868059149539970543e-01 -3.466069272066429896e-01
9.860056827310489380e-01 -1.475263331655881638e-01 7.764517305329042551e-02 -5.927556808777685315e-01 -1.361898647590034372e-01 -9.814099968007540253e-01 -1.352284508492541115e-01 -1.500527768497831982e+00 9.615150878643810572e-02 1.227615345474420833e-01 -9.877674266028432237e-01 -3.424369238302675811e-01
9.855778247372650736e-01 -1.481873911579656422e-01 8.171198796011884535e-02 -5.837018164627263417e-01 -1.368141904941483911e-01 -9.819498951116498731e-01 -1.305997017167713770e-01 -1.493891896313359835e+00 9.959030648800401564e-02 1.175368106822373554e-01 -9.880621792300917638e-01 -3.551300905071269609e-01
9.844695297367402897e-01 -1.558318609050394210e-01 8.084661221748523641e-02 -5.793449592883831434e-01 -1.445646295853210417e-01 -9.808808173783047923e-01 -1.302838680799806581e-01 -1.501509548181524600e+00 9.960327040581760938e-02 1.165729371061741959e-01 -9.881750533478627085e-01 -3.584424879229750616e-01
9.835510356796762776e-01 -1.614138294792979711e-01 8.107364923292577352e-02 -5.801938785254258102e-01 -1.501371162633307055e-01 -9.800919832699619416e-01 -1.299174832497736742e-01 -1.498272859456351025e+00 1.004301113010343666e-01 1.156083116469149713e-01 -9.882046915278542842e-01 -3.582894873008580228e-01
9.819326568505309938e-01 -1.694651890074993505e-01 8.420099169710001941e-02 -5.730514823957164605e-01 -1.588609984881750037e-01 -9.800071211472936028e-01 -1.197882523227147000e-01 -1.503376848798609000e+00 1.028175104210981711e-01 1.042477431912059993e-01 -9.892224054299206815e-01 -3.711292936518484908e-01
9.808461041077589648e-01 -1.763896276073420866e-01 8.262941375383831000e-02 -5.715197574326968954e-01 -1.658611768131354469e-01 -9.787571327513742148e-01 -1.205178267582917989e-01 -1.500181085887111632e+00 1.021322219535005099e-01 1.045044293571884414e-01 -9.892663111946351506e-01 -3.726762988322850356e-01
9.795419170474385373e-01 -1.844158598560887430e-01 8.055076204935693318e-02 -5.813241369477053500e-01 -1.741727307777248546e-01 -9.774139772389519587e-01 -1.196903537502844034e-01 -1.499202596197714010e+00 1.008042383036501649e-01 1.032119731912109623e-01 -9.895381733906241095e-01 -3.753440532764257820e-01
9.762201527219137587e-01 -1.964303471771148280e-01 9.170241839957983532e-02 -5.944677877999138271e-01 -1.851826347624421776e-01 -9.755557612702706605e-01 -1.183146271534501331e-01 -1.493275764481379220e+00 1.127014045933889819e-01 9.851942857264708864e-02 -9.887326823739077675e-01 -3.768186735729489589e-01
9.744638340241421615e-01 -1.997812530497122541e-01 1.025070086045229700e-01 -5.992314272295526933e-01 -1.878423199717743908e-01 -9.754047694166778637e-01 -1.153290862234140207e-01 -1.488919354398375638e+00 1.230264147005768610e-01 9.312886908639562977e-02 -9.880240456164164353e-01 -3.861051538637891856e-01
9.702785539740682585e-01 -2.090439018091309054e-01 1.219023113677859538e-01 -5.878375463233403986e-01 -1.944770859927710815e-01 -9.733822802480321945e-01 -1.212666381635514323e-01 -1.495136979499164909e+00 1.440076020095090725e-01 9.395521138105339398e-02 -9.851062011339197788e-01 -3.930193744958730417e-01
9.668806345464042717e-01 -2.181554742208147435e-01 1.324765091553275487e-01 -5.696480077230988703e-01 -2.030365817170033949e-01 -9.719505322850109374e-01 -1.186941711935734778e-01 -1.494872485697103404e+00 1.546543982995749744e-01 8.786551690051876140e-02 -9.840536906525344518e-01 -3.994367023987625553e-01
9.628198125150055908e-01 -2.364983144964685757e-01 1.305624558569428717e-01 -5.610380583880586469e-01 -2.214472963152748219e-01 -9.677667014073609852e-01 -1.199529293018532644e-01 -1.499996966454579139e+00 1.547226635056383748e-01 8.658035356591889387e-02 -9.841568670604962099e-01 -4.079860627316080346e-01
9.613301466662055317e-01 -2.440840212712352686e-01 1.275434775164707990e-01 -5.745133115135058199e-01 -2.302283704652006435e-01 -9.664164025583822371e-01 -1.141675652216705555e-01 -1.486945736011563213e+00 1.511265877949757308e-01 8.038859474328916010e-02 -9.852402892516984867e-01 -4.175197095489731058e-01
9.611468012624171386e-01 -2.386561630838935910e-01 1.387085415411079270e-01 -5.895779982563966737e-01 -2.236156739069181110e-01 -9.677916124136388687e-01 -1.156521584877743258e-01 -1.479521654772000261e+00 1.618420652346629629e-01 8.014129682232100371e-02 -9.835570732644193237e-01 -4.178596258940526220e-01
9.583863767573300718e-01 -2.375075956533868327e-01 1.583846306742349164e-01 -5.751492427795051876e-01 -2.218260429957481517e-01 -9.688037015069991265e-01 -1.105105893286559421e-01 -1.474500692805364999e+00 1.796907229094928116e-01 7.077800551218199621e-02 -9.811736417883190065e-01 -4.282302771527525254e-01
9.544035962679175977e-01 -2.422275069633515743e-01 1.744695124882163217e-01 -5.325117924086578691e-01 -2.258487346517457917e-01 -9.680901779570663113e-01 -1.085990650267124186e-01 -1.487641750351699876e+00 1.952079019173146857e-01 6.424361984192859809e-02 -9.786555229949115420e-01 -4.377488619850885554e-01
9.511961982321670561e-01 -2.545759222513264697e-01 1.744043868719112877e-01 -5.178716853426406086e-01 -2.408556097590821843e-01 -9.657885449965512015e-01 -9.613042924115898502e-02 -1.488709521828080140e+00 1.929102527329030481e-01 4.943262277238447133e-02 -9.799704326688327694e-01 -4.503874966740057384e-01
9.523899720995431251e-01 -2.578812149339340665e-01 1.626364562764805177e-01 -5.219618302074048311e-01 -2.488308081493368351e-01 -9.657071153564172894e-01 -7.411472954468056873e-02 -1.470043760706009506e+00 1.761719809118629521e-01 3.011716277566092725e-02 -9.838985659582769605e-01 -4.663716527727473360e-01
9.517872480754244746e-01 -2.543496841361026495e-01 1.714854894887660186e-01 -5.036279880944525278e-01 -2.457226239608990004e-01 -9.667986952630398534e-01 -7.014752607723930000e-02 -1.461448958482916449e+00 1.836339483770494940e-01 2.462765662716735748e-02 -9.826861410427238930e-01 -4.867332558324434788e-01
9.536379263311488552e-01 -2.481936475338319126e-01 1.702193265072529937e-01 -4.970590248278317080e-01 -2.402887102862274471e-01 -9.684618583204742670e-01 -6.590117602725088786e-02 -1.460023141037485761e+00 1.812071783901618993e-01 2.194407858854446891e-02 -9.832000895457003731e-01 -4.899493312550246005e-01
9.517757014334491394e-01 -2.498328935605285406e-01 1.780632988554553542e-01 -4.599744189347638734e-01 -2.436964989701355389e-01 -9.682392704018230045e-01 -5.589929062484765010e-02 -1.455105855357566425e+00 1.863733604845207725e-01 9.810183464487559624e-03 -9.824300129254438518e-01 -5.087010117356964845e-01
9.505677533614961261e-01 -2.579572936591502663e-01 1.728553943221935452e-01 -4.450171517987997483e-01 -2.522233939552342985e-01 -9.661194913368790216e-01 -5.474024015082265548e-02 -1.456118396993118624e+00 1.811196074745513029e-01 8.436136177386532875e-03 -9.834248940515607496e-01 -5.154478762512270107e-01
9.501549017774812977e-01 -2.674893592713413759e-01 1.601721267099250612e-01 -4.480317544090270943e-01 -2.651903652196218597e-01 -9.635250447423346909e-01 -3.596613450864213912e-02 -1.441237805736595767e+00 1.639504122364721928e-01 -8.302703412578549269e-03 -9.864336415146451875e-01 -5.338457687171178634e-01
9.511369056484161311e-01 -2.656286734919623416e-01 1.574166319823539495e-01 -4.518887252831922940e-01 -2.639598163983243873e-01 -9.640091758121692722e-01 -3.180449103280467982e-02 -1.437722690050466268e+00 1.601992619413974972e-01 -1.130123936945337526e-02 -9.870199992687394008e-01 -5.412249848539397723e-01
9.507145890946664402e-01 -2.568064730494376002e-01 1.737590565257153830e-01 -4.325633299653259267e-01 -2.567440439424253373e-01 -9.662002554353027461e-01 -2.322855788851982406e-02 -1.433145127927051510e+00 1.738512876295723042e-01 -2.252787182020314638e-02 -9.845142082728407518e-01 -5.615097471920031946e-01
9.496088438680783117e-01 -2.578237770123998907e-01 1.782412683960325206e-01 -4.173088907057826424e-01 -2.583274884975907959e-01 -9.658337715939535606e-01 -2.078555800945279530e-02 -1.431574025494585456e+00 1.775104459442787830e-01 -2.630646637758693451e-02 -9.837672557954607599e-01 -5.679972198214697787e-01
9.482418366924669773e-01 -2.653269066757549255e-01 1.744679080152079509e-01 -3.931240358315306604e-01 -2.673851121689571619e-01 -9.635145258716799610e-01 -1.203991458990827379e-02 -1.431180624642280463e+00 1.712968771640809573e-01 -3.523337083642127249e-02 -9.845892489765269984e-01 -5.860384217107248439e-01
9.488231812116041386e-01 -2.668964486492855226e-01 1.688219590603585729e-01 -3.912911600606279183e-01 -2.700809031902587365e-01 -9.628282789224226201e-01 -4.243679245634235375e-03 -1.426114984468501934e+00 1.636791798063757519e-01 -4.156908722882401291e-02 -9.856374264113842987e-01 -5.946102156389144744e-01
9.490915310554343121e-01 -2.652698064888470708e-01 1.698740612376742065e-01 -3.892693808438308922e-01 -2.694283378594389267e-01 -9.630192975621191254e-01 1.484693080166493706e-03 -1.422168371532802178e+00 1.631981546188988608e-01 -4.717799498591391388e-02 -9.854646616997104758e-01 -6.058144857344180956e-01
9.495714939068284899e-01 -2.560830293179849892e-01 1.809294148723082918e-01 -3.649080995670671013e-01 -2.626828563712542697e-01 -9.647933874430315582e-01 1.309317066616724756e-02 -1.421681769397056261e+00 1.712065654515156354e-01 -5.995996063263771964e-02 -9.834089246321153777e-01 -6.167304115254517161e-01
9.497010012962363579e-01 -2.552369719096801992e-01 1.814444704097634697e-01 -3.510735122697697386e-01 -2.630569733665262810e-01 -9.645727540237807318e-01 2.001076204247236034e-02 -1.424521266740994552e+00 1.699089062880654588e-01 -6.673447420484182602e-02 -9.831975759653839297e-01 -6.215378470994977755e-01
9.536182780076921661e-01 -2.441072781704966277e-01 1.761357812514498244e-01 -3.505638207644464210e-01 -2.540265004351534017e-01 -9.665343541656711279e-01 3.580330826456366855e-02 -1.416700872682714607e+00 1.615014358266466110e-01 -7.888584688994304539e-02 -9.837145462623000380e-01 -6.313522827870371446e-01
9.562908154744177436e-01 -2.308462939598777131e-01 1.794933610231632948e-01 -3.448714738523749879e-01 -2.418193316728340925e-01 -9.694307664512269440e-01 4.156201675267492957e-02 -1.419922872621468768e+00 1.644119488159309361e-01 -8.315033853436708255e-02 -9.828808334889381770e-01 -6.348770579001671299e-01
9.585514765349949506e-01 -2.164537817925213936e-01 1.852750063562673133e-01 -3.077176885510319315e-01 -2.292003688355510604e-01 -9.720873884555685240e-01 5.013283035062131299e-02 -1.420337511715327183e+00 1.692520562874672008e-01 -9.051999792160797531e-02 -9.814070876480553984e-01 -6.420351403564126258e-01
9.602001262039726592e-01 -2.162803223438030664e-01 1.767442733916873565e-01 -2.951954941859940007e-01 -2.284599011339308039e-01 -9.721904493910893397e-01 5.149565550080591886e-02 -1.424482395360215259e+00 1.606915977433388543e-01 -8.982511499330904370e-02 -9.829087743141134981e-01 -6.432617690243309649e-01
9.623058444221547214e-01 -2.206404665223390682e-01 1.590133480406566158e-01 -3.026623695111309575e-01 -2.327316689285307549e-01 -9.705825725618588695e-01 6.168824034869992146e-02 -1.408883934166925700e+00 1.407246623771114535e-01 -9.637039682821256503e-02 -9.853473071214339241e-01 -6.505501337819485919e-01
9.627218048538733752e-01 -2.152221092967384064e-01 1.638480115490322242e-01 -3.048112663321851379e-01 -2.271046116710145335e-01 -9.721774605054473994e-01 5.739757141887134179e-02 -1.407825079369325882e+00 1.469361173292389744e-01 -9.246853219624802389e-02 -9.848143724511835284e-01 -6.473474531669687337e-01
9.604042127917165050e-01 -2.105782069753583119e-01 1.824296237667883680e-01 -2.727717444038468830e-01 -2.231127384465247110e-01 -9.734620179879593937e-01 5.091567578821841467e-02 -1.416215448209431571e+00 1.668665779081986711e-01 -8.960200201326411207e-02 -9.818997029707907664e-01 -6.468338763687256909e-01
9.607731857193256841e-01 -2.081938920442443497e-01 1.832217135990119872e-01 -2.634310482615294102e-01 -2.216274068301614664e-01 -9.735248302433027190e-01 5.595268018500865193e-02 -1.412839342028463285e+00 1.667218808524250362e-01 -9.436478407504449162e-02 -9.814780203891320109e-01 -6.483227136410152358e-01
9.601181030077312606e-01 -2.086678202340962740e-01 1.860939815630573424e-01 -2.469943348929339866e-01 -2.211108078321609993e-01 -9.740375128080946965e-01 4.858945256759057696e-02 -1.401221497391251569e+00 1.711234637161448968e-01 -8.779900313765287567e-02 -9.813297588141129957e-01 -6.507649343333005154e-01
9.595331334533435674e-01 -2.095106381925811723e-01 1.881527611438879866e-01 -2.496646442169488944e-01 -2.211606926103350246e-01 -9.742897981758460446e-01 4.298068594855673774e-02 -1.405417752386630470e+00 1.743104044013478737e-01 -8.285338548968187999e-02 -9.811988588548561374e-01 -6.432437950915909086e-01
9.481148899699639587e-01 -2.306932258503006650e-01 2.187665235424251231e-01 -2.231483550245217384e-01 -2.438690968183280516e-01 -9.691803820563315019e-01 3.488912720598726785e-02 -1.408305958104325128e+00 2.039755374849507863e-01 -8.642929504423946252e-02 -9.751532994378983021e-01 -6.447334261789587906e-01
9.459614755304537326e-01 -2.347978249764533787e-01 2.236668921103740493e-01 -1.997483177019108158e-01 -2.473340571280415456e-01 -9.684848709692036595e-01 2.937559295923454494e-02 -1.408888608066944492e+00 2.097206747417158235e-01 -8.310861343917780308e-02 -9.742228703684009394e-01 -6.429104706628285815e-01
9.457754551923043262e-01 -2.436651651350212888e-01 2.147930822766232761e-01 -1.746281426933243286e-01 -2.539457009560554535e-01 -9.669859871985457822e-01 2.120557743466723599e-02 -1.427950905956595351e+00 2.025348411259471348e-01 -7.460149852001152215e-02 -9.764293378176612803e-01 -6.320857073978062290e-01
9.473308010694603265e-01 -2.384161303986901403e-01 2.138272837006497118e-01 -1.655133560752898858e-01 -2.509119933163134197e-01 -9.674496766196163389e-01 3.292868375530379199e-02 -1.418107055528252669e+00 1.990164065945926319e-01 -8.484618355821320346e-02 -9.763163406084438556e-01 -6.330343664907009948e-01
9.513927090920131224e-01 -2.261014382486890018e-01 2.091173214135478298e-01 -1.311251283858226591e-01 -2.359134950205808434e-01 -9.715043062896608905e-01 2.289555952063936084e-02 -1.420030255315363199e+00 1.979816591469794607e-01 -7.111626579666885384e-02 -9.776224935765114310e-01 -6.266565528293820408e-01
