9.731980562210083008e-01 8.382380008697509766e-02 2.151778340339660645e-01 -1.309504956007003784e-01 1.795642971992492676e-01 -8.602221012115478516e-01 -4.768246412277221680e-01 -2.005802243947982788e-01 1.448541879653930664e-01 5.027154088020324707e-01 -8.520314097404479980e-01 3.231021165847778320e-01
9.721652269363403320e-01 8.874040842056274414e-02 2.173782587051391602e-01 -1.301829218864440918e-01 1.857468932867050171e-01 -8.573017120361328125e-01 -4.799392223358154297e-01 -2.012061327695846558e-01 1.436272263526916504e-01 5.069612860679626465e-01 -8.500964641571044922e-01 3.245198428630828857e-01
9.719527959823608398e-01 9.061002731323242188e-02 2.176547348499298096e-01 -1.310144364833831787e-01 1.877407878637313843e-01 -8.556747436523437500e-01 -4.820851087570190430e-01 -2.004552483558654785e-01 1.426560282707214355e-01 5.096421837806701660e-01 -8.487145900726318359e-01 3.253731429576873779e-01
9.718139767646789551e-01 9.064996242523193359e-02 2.174358963966369629e-01 -1.339862197637557983e-01 1.884829998016357422e-01 -8.540588617324829102e-01 -4.852392971515655518e-01 -1.987420618534088135e-01 1.416744589805603027e-01 5.123188495635986328e-01 -8.469088077545166016e-01 3.270815908908843994e-01
9.712380170822143555e-01 9.567582607269287109e-02 2.197049856185913086e-01 -1.338443607091903687e-01 1.931976675987243652e-01 -8.550626635551452637e-01 -4.810343384742736816e-01 -1.921431124210357666e-01 1.419245004653930664e-01 5.094215869903564453e-01 -8.489890694618225098e-01 3.271304368972778320e-01
9.717170596122741699e-01 9.180164337158203125e-02 2.178508788347244263e-01 -1.355149298906326294e-01 1.903809309005737305e-01 -8.505591154098510742e-01 -4.898735284805297852e-01 -1.936865299940109253e-01 1.403383016586303711e-01 5.176119804382324219e-01 -8.436780571937561035e-01 3.328933119773864746e-01
9.727742671966552734e-01 9.501276910305023193e-02 2.123923748731613159e-01 -1.391042023897171021e-01 1.908111572265625000e-01 -8.481196761131286621e-01 -4.944181740283966064e-01 -1.976834833621978760e-01 1.332731246948242188e-01 5.217223763465881348e-01 -8.425937891006469727e-01 3.315763771533966064e-01
9.715874195098876953e-01 9.766817092895507812e-02 2.165775448083877563e-01 -1.405141800642013550e-01 1.960611343383789062e-01 -8.460860848426818848e-01 -4.959966242313385010e-01 -1.955480873584747314e-01 1.345762610435485840e-01 5.241982936859130859e-01 -8.407578468322753906e-01 3.371464014053344727e-01
9.692820310592651367e-01 9.120184183120727539e-02 2.294861525297164917e-01 -1.377097666263580322e-01 1.983987390995025635e-01 -8.407176733016967773e-01 -5.038699507713317871e-01 -2.041417211294174194e-01 1.469310075044631958e-01 5.333924889564514160e-01 -8.328846693038940430e-01 3.378257155418395996e-01
9.710157513618469238e-01 1.141374260187149048e-01 2.104189395904541016e-01 -1.513196229934692383e-01 2.066719979047775269e-01 -8.439047932624816895e-01 -4.953086674213409424e-01 -1.941483914852142334e-01 1.212389767169952393e-01 5.243675112724304199e-01 -8.425682783126831055e-01 3.442380130290985107e-01
9.732455611228942871e-01 1.090395748615264893e-01 2.018547803163528442e-01 -1.613834649324417114e-01 1.978956162929534912e-01 -8.444097042083740234e-01 -4.978550672531127930e-01 -1.994239091873168945e-01 1.160426288843154907e-01 5.245205760002136230e-01 -8.433086276054382324e-01 3.456045985221862793e-01
9.732347726821899414e-01 1.093211174011230469e-01 2.046743631362915039e-01 -1.548894792795181274e-01 2.006202340126037598e-01 -8.389921188354492188e-01 -5.060865283012390137e-01 -2.001399248838424683e-01 1.164349317550659180e-01 5.333192944526672363e-01 -8.376736640930175781e-01 3.557184338569641113e-01
9.730432629585266113e-01 1.209772825241088867e-01 1.972175091505050659e-01 -1.599189788103103638e-01 2.068141102790832520e-01 -8.370510935783386230e-01 -5.068963766098022461e-01 -2.000845968723297119e-01 1.039264798164367676e-01 5.338398814201354980e-01 -8.395642042160034180e-01 3.584858775138854980e-01
9.751935601234436035e-01 1.164863705635070801e-01 1.898312270641326904e-01 -1.676049977540969849e-01 2.001712322235107422e-01 -8.316736221313476562e-01 -5.180396437644958496e-01 -2.110935449600219727e-01 9.756159782409667969e-02 5.430231094360351562e-01 -8.340945839881896973e-01 3.655683398246765137e-01
9.737308621406555176e-01 1.323778033256530762e-01 1.854014396667480469e-01 -1.715862900018692017e-01 2.105762958526611328e-01 -8.337606787681579590e-01 -5.104069113731384277e-01 -2.068891823291778564e-01 8.678650856018066406e-02 5.361161828041076660e-01 -8.394283056259155273e-01 3.730432689189910889e-01
9.738227725028991699e-01 1.334269046783447266e-01 1.838162839412689209e-01 -1.724334955215454102e-01 2.107257097959518433e-01 -8.335394859313964844e-01 -5.104314088821411133e-01 -2.070368826389312744e-01 8.514437079429626465e-02 5.356872081756591797e-01 -8.400854468345642090e-01 3.726581335067749023e-01
9.754496216773986816e-01 1.342826038599014282e-01 1.763810068368911743e-01 -1.792789101600646973e-01 2.070178985595703125e-01 -8.354480862617492676e-01 -5.093638896942138672e-01 -2.061675786972045898e-01 7.878041267395019531e-02 5.331108570098876953e-01 -8.423960208892822266e-01 3.776382207870483398e-01
9.760243892669677734e-01 1.397838592529296875e-01 1.664564609527587891e-01 -1.856331825256347656e-01 2.070920467376708984e-01 -8.343853950500488281e-01 -5.112076401710510254e-01 -2.055082917213439941e-01 6.723660230636596680e-02 5.335401296615600586e-01 -8.431704044342041016e-01 3.849138617515563965e-01
9.769886732101440430e-01 1.468274593353271484e-01 1.554020643234252930e-01 -1.946468949317932129e-01 2.070116251707077026e-01 -8.328720331192016602e-01 -5.136594772338867188e-01 -2.075691670179367065e-01 5.393111705780029297e-02 5.338597297668457031e-01 -8.438645601272583008e-01 3.915024101734161377e-01
9.773223400115966797e-01 1.528436094522476196e-01 1.457571983337402344e-01 -2.048663347959518433e-01 2.067449241876602173e-01 -8.331788778305053711e-01 -5.126657485961914062e-01 -2.057821154594421387e-01 4.305291920900344849e-02 5.314431190490722656e-01 -8.459421992301940918e-01 3.983852267265319824e-01
9.762141108512878418e-01 1.624296009540557861e-01 1.411018371582031250e-01 -2.132660150527954102e-01 2.122592777013778687e-01 -8.315803408622741699e-01 -5.132571458816528320e-01 -2.061059474945068359e-01 3.397382050752639771e-02 5.310920476913452148e-01 -8.465487957000732422e-01 4.059084951877593994e-01
9.765626788139343262e-01 1.622659116983413696e-01 1.411084532737731934e-01 -2.131612449884414673e-01 2.122424393892288208e-01 -8.315561413764953613e-01 -5.130881071090698242e-01 -2.063094079494476318e-01 3.416196256875991821e-02 5.311536788940429688e-01 -8.462226986885070801e-01 4.055690169334411621e-01
9.754127860069274902e-01 1.704334318637847900e-01 1.388293504714965820e-01 -2.187947183847427368e-01 2.181226015090942383e-01 -8.292465209960937500e-01 -5.144686698913574219e-01 -2.052015364170074463e-01 2.740269526839256287e-02 5.321506857872009277e-01 -8.459374904632568359e-01 4.118800759315490723e-01
9.754269123077392578e-01 1.723615974187850952e-01 1.348852515220642090e-01 -2.273505926132202148e-01 2.177485972642898560e-01 -8.260358572006225586e-01 -5.199533104896545410e-01 -2.043991684913635254e-01 2.179351449012756348e-02 5.365321040153503418e-01 -8.434154987335205078e-01 4.198134839534759521e-01
9.769103527069091797e-01 1.742686182260513306e-01 1.232720613479614258e-01 -2.380124926567077637e-01 2.132208496332168579e-01 -8.255733847618103027e-01 -5.228092670440673828e-01 -2.007786780595779419e-01 1.049833744764328003e-02 5.374234914779663086e-01 -8.436464071273803711e-01 4.270782470703125000e-01
9.785625934600830078e-01 1.714553087949752808e-01 1.140168160200119019e-01 -2.466859817504882812e-01 2.059012651443481445e-01 -8.210171461105346680e-01 -5.321696400642395020e-01 -2.034091353416442871e-01 2.245180308818817139e-03 5.442945957183837891e-01 -8.387451767921447754e-01 4.324264526367187500e-01
9.786327481269836426e-01 1.729155182838439941e-01 1.087397933006286621e-01 -2.522785365581512451e-01 2.041593492031097412e-01 -8.158565163612365723e-01 -5.411503314971923828e-01 -2.030706703662872314e-01 -4.919826984405517578e-03 5.520876646041870117e-01 -8.337144255638122559e-01 4.406297802925109863e-01
9.786893725395202637e-01 1.733208447694778442e-01 1.098282337188720703e-01 -2.521686255931854248e-01 2.051205039024353027e-01 -8.161191344261169434e-01 -5.408047437667846680e-01 -2.023166865110397339e-01 -4.309117794036865234e-03 5.517953634262084961e-01 -8.343486785888671875e-01 4.409305155277252197e-01
9.798345565795898438e-01 1.754583120346069336e-01 9.651196002960205078e-02 -2.635842859745025635e-01 1.992731094360351562e-01 -8.113667964935302734e-01 -5.495736598968505859e-01 -2.062466144561767578e-01 -1.812744140625000000e-02 5.577728748321533203e-01 -8.297553062438964844e-01 4.483219385147094727e-01
9.796759486198425293e-01 1.781970262527465820e-01 9.166574478149414062e-02 -2.733577489852905273e-01 1.990248858928680420e-01 -8.095401525497436523e-01 -5.519534349441528320e-01 -2.053002715110778809e-01 -2.419477701187133789e-02 5.588380098342895508e-01 -8.287611007690429688e-01 4.552820026874542236e-01
9.775105118751525879e-01 1.877249777317047119e-01 9.464049339294433594e-02 -2.789955139160156250e-01 2.083776891231536865e-01 -8.074114918708801270e-01 -5.519526004791259766e-01 -2.022244036197662354e-01 -2.704256772994995117e-02 5.592335462570190430e-01 -8.287392854690551758e-01 4.612934589385986328e-01
9.778417348861694336e-01 1.878930926322937012e-01 9.461975097656250000e-02 -2.789002954959869385e-01 2.086470723152160645e-01 -8.072801828384399414e-01 -5.520316362380981445e-01 -2.022221982479095459e-01 -2.740375697612762451e-02 5.592612028121948242e-01 -8.282459974288940430e-01 4.609226584434509277e-01
9.763189554214477539e-01 1.933218240737915039e-01 9.408574551343917847e-02 -2.854044735431671143e-01 2.124166488647460938e-01 -8.051389455795288086e-01 -5.544369816780090332e-01 -2.008629441261291504e-01 -3.143209218978881836e-02 5.613935589790344238e-01 -8.272269964218139648e-01 4.660369753837585449e-01
9.756460189819335938e-01 1.973221749067306519e-01 9.360516071319580078e-02 -2.919830381870269775e-01 2.156217694282531738e-01 -8.011957406997680664e-01 -5.584459900856018066e-01 -1.986396610736846924e-01 -3.537738323211669922e-02 5.651222467422485352e-01 -8.243719935417175293e-01 4.738889634609222412e-01
9.754784703254699707e-01 2.023575305938720703e-01 8.946359157562255859e-02 -2.994143664836883545e-01 2.166806161403656006e-01 -7.933985590934753418e-01 -5.685960054397583008e-01 -1.992419213056564331e-01 -4.409805685281753540e-02 5.738536119461059570e-01 -8.177771568298339844e-01 4.818042814731597900e-01
9.765285253524780273e-01 2.010747194290161133e-01 7.783961296081542969e-02 -3.104730844497680664e-01 2.089563608169555664e-01 -7.919421195983886719e-01 -5.734801292419433594e-01 -1.964121460914611816e-01 -5.377746373414993286e-02 5.765193104743957520e-01 -8.154351711273193359e-01 4.880816638469696045e-01
9.763529896736145020e-01 2.010619044303894043e-01 7.715284824371337891e-02 -3.108384311199188232e-01 2.082687616348266602e-01 -7.920784354209899902e-01 -5.733980536460876465e-01 -1.962090134620666504e-01 -5.420075356960296631e-02 5.762529969215393066e-01 -8.156942129135131836e-01 4.876923859119415283e-01
9.777311086654663086e-01 1.988743245601654053e-01 6.558653712272644043e-02 -3.194226324558258057e-01 1.995319426059722900e-01 -7.899877429008483887e-01 -5.796232223510742188e-01 -1.959437131881713867e-01 -6.339062750339508057e-02 5.803874135017395020e-01 -8.124061822891235352e-01 4.948308467864990234e-01
9.777489900588989258e-01 2.020737528800964355e-01 5.349636077880859375e-02 -3.304351568222045898e-01 1.946526765823364258e-01 -7.872874140739440918e-01 -5.855295658111572266e-01 -1.970430612564086914e-01 -7.605943083763122559e-02 5.828730463981628418e-01 -8.092570304870605469e-01 5.027463436126708984e-01
9.770534038543701172e-01 2.077107429504394531e-01 4.833936691284179688e-02 -3.380514979362487793e-01 1.957098245620727539e-01 -7.827987074851989746e-01 -5.905756950378417969e-01 -1.989092230796813965e-01 -8.474707603454589844e-02 5.863720774650573730e-01 -8.053226470947265625e-01 5.140122771263122559e-01
9.771912097930908203e-01 2.079840600490570068e-01 4.844129085540771484e-02 -3.382919728755950928e-01 1.956275105476379395e-01 -7.832581996917724609e-01 -5.900412201881408691e-01 -2.004328221082687378e-01 -8.497667312622070312e-02 5.859839916229248047e-01 -8.059576749801635742e-01 5.122595429420471191e-01
9.763239622116088867e-01 2.103428691625595093e-01 4.531268775463104248e-02 -3.474940657615661621e-01 1.964590549468994141e-01 -7.859239578247070312e-01 -5.856398344039916992e-01 -1.969268918037414551e-01 -8.790278434753417969e-02 5.807529091835021973e-01 -8.089885711669921875e-01 5.197806358337402344e-01
9.770020842552185059e-01 2.122747600078582764e-01 2.828015387058258057e-02 -3.601371347904205322e-01 1.898037791252136230e-01 -7.988815307617187500e-01 -5.704921483993530273e-01 -1.902637779712677002e-01 -9.837830066680908203e-02 5.628172755241394043e-01 -8.205159902572631836e-01 5.199301242828369141e-01
9.754751920700073242e-01 2.194334119558334351e-01 9.788066148757934570e-03 -3.712323009967803955e-01 1.854938268661499023e-01 -7.986869812011718750e-01 -5.726239681243896484e-01 -1.954616606235504150e-01 -1.178943514823913574e-01 5.602248311042785645e-01 -8.196769952774047852e-01 5.224942564964294434e-01
9.754365086555480957e-01 2.190971374511718750e-01 1.507556438446044922e-02 -3.673874139785766602e-01 1.874849200248718262e-01 -7.943631410598754883e-01 -5.779571533203125000e-01 -1.962913423776626587e-01 -1.145829558372497559e-01 5.664379000663757324e-01 -8.159691095352172852e-01 5.252095460891723633e-01
9.750069975852966309e-01 2.222491055727005005e-01 6.527394056320190430e-03 -3.733374178409576416e-01 1.842142343521118164e-01 -7.942243814468383789e-01 -5.789226293563842773e-01 -1.948847472667694092e-01 -1.236728429794311523e-01 5.655164718627929688e-01 -8.154417276382446289e-01 5.358287692070007324e-01
9.746907949447631836e-01 2.249827682971954346e-01 -6.498642265796661377e-03 -3.792285323143005371e-01 1.790290474891662598e-01 -7.919141650199890137e-01 -5.834652185440063477e-01 -1.999384015798568726e-01 -1.364188194274902344e-01 5.676122903823852539e-01 -8.116245269775390625e-01 5.450354814529418945e-01
9.734095335006713867e-01 2.243171334266662598e-01 -5.019497871398925781e-02 -4.019661545753479004e-01 1.574233770370483398e-01 -8.092699050903320312e-01 -5.658065676689147949e-01 -1.930887103080749512e-01 -1.676598787307739258e-01 5.425331592559814453e-01 -8.227194547653198242e-01 5.515983700752258301e-01
9.728226661682128906e-01 2.273797988891601562e-01 -4.362487792968750000e-02 -3.987460434436798096e-01 1.632269620895385742e-01 -8.074868917465209961e-01 -5.671925544738769531e-01 -1.940697878599166870e-01 -1.640507578849792480e-01 5.445694327354431152e-01 -8.225130438804626465e-01 5.493342280387878418e-01
9.715303778648376465e-01 2.350848913192749023e-01 -4.044842720031738281e-02 -3.968482911586761475e-01 1.711454987525939941e-01 -8.047206401824951172e-01 -5.683168768882751465e-01 -1.982909142971038818e-01 -1.665111482143402100e-01 5.452422499656677246e-01 -8.215044140815734863e-01 5.557610988616943359e-01
9.682381153106689453e-01 2.435726076364517212e-01 -5.628615617752075195e-02 -4.032765924930572510e-01 1.704340726137161255e-01 -8.074904680252075195e-01 -5.641026496887207031e-01 -2.002440989017486572e-01 -1.829296946525573730e-01 5.366448163986206055e-01 -8.235821127891540527e-01 5.641489028930664062e-01
9.641718864440917969e-01 2.571533918380737305e-01 -6.427961587905883789e-02 -4.045786857604980469e-01 1.784204840660095215e-01 -8.090112805366516113e-01 -5.601794719696044922e-01 -2.057785689830780029e-01 -1.960390210151672363e-01 5.286309123039245605e-01 -8.260085582733154297e-01 5.681591033935546875e-01
9.639936685562133789e-01 2.566850185394287109e-01 -6.661057472229003906e-02 -4.055915772914886475e-01 1.767823994159698486e-01 -8.092566728591918945e-01 -5.601214766502380371e-01 -2.062997817993164062e-01 -1.975294947624206543e-01 5.282895565032958984e-01 -8.259991407394409180e-01 5.677204728126525879e-01
9.610227346420288086e-01 2.629425525665283203e-01 -8.038073778152465820e-02 -4.133398234844207764e-01 1.776481717824935913e-01 -8.167767524719238281e-01 -5.486159920692443848e-01 -2.024586498737335205e-01 -2.099236398935317993e-01 5.130499601364135742e-01 -8.322412371635437012e-01 5.737044215202331543e-01
9.586077928543090820e-01 2.709631919860839844e-01 -9.066617488861083984e-02 -4.174027442932128906e-01 1.812304854393005371e-01 -8.223301172256469727e-01 -5.388541817665100098e-01 -2.084278911352157593e-01 -2.207123041152954102e-01 5.006507039070129395e-01 -8.374701738357543945e-01 5.721409916877746582e-01
9.554230570793151855e-01 2.769601345062255859e-01 -1.048240661621093750e-01 -4.196048378944396973e-01 1.799173951148986816e-01 -8.247101902961730957e-01 -5.357678532600402832e-01 -2.128428220748901367e-01 -2.346137762069702148e-01 4.930477142333984375e-01 -8.380055427551269531e-01 5.773765444755554199e-01
9.551703333854675293e-01 2.767717838287353516e-01 -1.060674190521240234e-01 -4.190612435340881348e-01 1.795938014984130859e-01 -8.248801827430725098e-01 -5.352704524993896484e-01 -2.120665013790130615e-01 -2.357575595378875732e-01 4.923498630523681641e-01 -8.382073640823364258e-01 5.779032111167907715e-01
9.500515460968017578e-01 2.848925590515136719e-01 -1.261340975761413574e-01 -4.227685928344726562e-01 1.769038438796997070e-01 -8.266690373420715332e-01 -5.344066619873046875e-01 -2.195240259170532227e-01 -2.565618753433227539e-01 4.855099916458129883e-01 -8.356633782386779785e-01 5.830755829811096191e-01
9.434047937393188477e-01 2.959641218185424805e-01 -1.476046890020370483e-01 -4.282696545124053955e-01 1.788577437400817871e-01 -8.316394090652465820e-01 -5.255669951438903809e-01 -2.210444658994674683e-01 -2.783256769180297852e-01 4.691967964172363281e-01 -8.379211425781250000e-01 5.844553112983703613e-01
9.393506050109863281e-01 3.047543168067932129e-01 -1.571926623582839966e-01 -4.261064827442169189e-01 1.825431585311889648e-01 -8.325558900833129883e-01 -5.229919552803039551e-01 -2.253977954387664795e-01 -2.901031374931335449e-01 4.626625478267669678e-01 -8.374230861663818359e-01 5.864186286926269531e-01
9.389240145683288574e-01 3.041843473911285400e-01 -1.584926098585128784e-01 -4.270572066307067871e-01 1.808165907859802246e-01 -8.323301076889038086e-01 -5.239902734756469727e-01 -2.254378497600555420e-01 -2.918707430362701416e-01 4.633452296257019043e-01 -8.370221257209777832e-01 5.873440504074096680e-01
9.320313334465026855e-01 3.107024431228637695e-01 -1.859022080898284912e-01 -4.346558153629302979e-01 1.758516430854797363e-01 -8.373718261718750000e-01 -5.182036161422729492e-01 -2.300868183374404907e-01 -3.164514005184173584e-01 4.504624605178833008e-01 -8.352036476135253906e-01 5.902297496795654297e-01
9.254721999168395996e-01 3.253067433834075928e-01 -1.933918744325637817e-01 -4.303427636623382568e-01 1.868394911289215088e-01 -8.375810980796813965e-01 -5.134186744689941406e-01 -2.302989661693572998e-01 -3.292454183101654053e-01 4.390384256839752197e-01 -8.361246585845947266e-01 5.913079380989074707e-01
9.129719734191894531e-01 3.454657793045043945e-01 -2.167038917541503906e-01 -4.346609115600585938e-01 1.940450072288513184e-01 -8.349537849426269531e-01 -5.148444175720214844e-01 -2.386102676391601562e-01 -3.590623438358306885e-01 4.279902577400207520e-01 -8.293279409408569336e-01 5.917192101478576660e-01
9.154965877532958984e-01 3.363481163978576660e-01 -2.215514183044433594e-01 -4.351501464843750000e-01 1.919371187686920166e-01 -8.476557135581970215e-01 -4.944577813148498535e-01 -2.250893712043762207e-01 -3.537663221359252930e-01 4.100652337074279785e-01 -8.403859138488769531e-01 5.875722765922546387e-01
9.076442122459411621e-01 3.464647829532623291e-01 -2.369049191474914551e-01 -4.333837330341339111e-01 1.990263462066650391e-01 -8.531516194343566895e-01 -4.823648929595947266e-01 -2.283339351415634155e-01 -3.693980872631072998e-01 3.907943367958068848e-01 -8.432317972183227539e-01 5.810664892196655273e-01
8.947025537490844727e-01 3.710948526859283447e-01 -2.488135397434234619e-01 -4.332857131958007812e-01 2.044360637664794922e-01 -8.353459835052490234e-01 -5.100045204162597656e-01 -2.471065074205398560e-01 -3.970644474029541016e-01 4.056946933269500732e-01 -8.231253623962402344e-01 5.961487293243408203e-01
8.858563899993896484e-01 3.857495784759521484e-01 -2.585052251815795898e-01 -4.261471331119537354e-01 2.134816050529479980e-01 -8.328357338905334473e-01 -5.104234814643859863e-01 -2.530680298805236816e-01 -4.122977256774902344e-01 3.966600894927978516e-01 -8.197916746139526367e-01 5.987526774406433105e-01
8.857734203338623047e-01 3.852670192718505859e-01 -2.582868635654449463e-01 -4.256547093391418457e-01 2.136040329933166504e-01 -8.330450057983398438e-01 -5.097255706787109375e-01 -2.543812394142150879e-01 -4.120324850082397461e-01 3.963048458099365234e-01 -8.203780055046081543e-01 5.968146324157714844e-01
8.768429160118103027e-01 3.918524980545043945e-01 -2.791820764541625977e-01 -4.289342463016510010e-01 2.133637964725494385e-01 -8.365893363952636719e-01 -5.049405097961425781e-01 -2.559564411640167236e-01 -4.315813481807708740e-01 3.825813531875610352e-01 -8.169417381286621094e-01 5.945942401885986328e-01
8.645980358123779297e-01 4.059411883354187012e-01 -2.957352101802825928e-01 -4.231547415256500244e-01 2.199352979660034180e-01 -8.348120450973510742e-01 -5.041552782058715820e-01 -2.653700709342956543e-01 -4.517894983291625977e-01 3.713001608848571777e-01 -8.112952709197998047e-01 5.923127532005310059e-01
8.539915680885314941e-01 4.170643985271453857e-01 -3.114479482173919678e-01 -4.213131666183471680e-01 2.187209129333496094e-01 -8.302461504936218262e-01 -5.123029351234436035e-01 -2.700973749160766602e-01 -4.725582599639892578e-01 3.693033456802368164e-01 -7.999317049980163574e-01 5.972096323966979980e-01
8.417614698410034180e-01 4.321429729461669922e-01 -3.232552409172058105e-01 -4.123471677303314209e-01 2.229726910591125488e-01 -8.234148621559143066e-01 -5.210319161415100098e-01 -2.772871255874633789e-01 -4.915676116943359375e-01 3.666944503784179688e-01 -7.895448207855224609e-01 5.989021658897399902e-01
8.419840335845947266e-01 4.306986331939697266e-01 -3.256293535232543945e-01 -4.129388630390167236e-01 2.234927415847778320e-01 -8.271753191947937012e-01 -5.156850814819335938e-01 -2.756608426570892334e-01 -4.913604855537414551e-01 3.612592816352844238e-01 -7.927923798561096191e-01 5.935572981834411621e-01
8.271509408950805664e-01 4.433428049087524414e-01 -3.457720279693603516e-01 -4.118291437625885010e-01 2.237817645072937012e-01 -8.242358565330505371e-01 -5.200302600860595703e-01 -2.826758027076721191e-01 -5.153268575668334961e-01 3.525823354721069336e-01 -7.808926105499267578e-01 5.928950309753417969e-01
8.152949213981628418e-01 4.677355289459228516e-01 -3.414288163185119629e-01 -4.010977149009704590e-01 2.699701189994812012e-01 -8.287895917892456055e-01 -4.902236163616180420e-01 -2.640846371650695801e-01 -5.128250718116760254e-01 3.075112104415893555e-01 -8.021291494369506836e-01 5.685515403747558594e-01
7.933217883110046387e-01 4.857977032661437988e-01 -3.671710789203643799e-01 -4.018134474754333496e-01 2.296323031187057495e-01 -7.975482344627380371e-01 -5.583944916725158691e-01 -3.051948845386505127e-01 -5.641121864318847656e-01 3.587349653244018555e-01 -7.439197301864624023e-01 6.070162653923034668e-01
7.937903404235839844e-01 4.848508238792419434e-01 -3.675149083137512207e-01 -4.016559422016143799e-01 2.537963390350341797e-01 -8.133167624473571777e-01 -5.242724418640136719e-01 -2.884544432163238525e-01 -5.527947545051574707e-01 3.227775096893310547e-01 -7.684444785118103027e-01 5.846227407455444336e-01
7.761636972427368164e-01 5.067541003227233887e-01 -3.746067881584167480e-01 -3.924016058444976807e-01 2.589489817619323730e-01 -7.985329031944274902e-01 -5.438419580459594727e-01 -2.971005737781524658e-01 -5.751203298568725586e-01 3.255288004875183105e-01 -7.512345314025878906e-01 5.878870487213134766e-01
7.522942423820495605e-01 5.372737646102905273e-01 -3.805658221244812012e-01 -3.872404396533966064e-01 2.790694236755371094e-01 -7.838169336318969727e-01 -5.546769499778747559e-01 -2.976346015930175781e-01 -5.962122678756713867e-01 3.111151456832885742e-01 -7.398368716239929199e-01 5.897248387336730957e-01
7.389189600944519043e-01 5.738186240196228027e-01 -3.540779352188110352e-01 -3.599807322025299072e-01 3.028249144554138184e-01 -7.516276836395263672e-01 -5.859083533287048340e-01 -3.119945526123046875e-01 -6.023250818252563477e-01 3.256273269653320312e-01 -7.289382219314575195e-01 5.950554609298706055e-01
7.205473780632019043e-01 5.934143066406250000e-01 -3.594919145107269287e-01 -3.504993915557861328e-01 3.094054758548736572e-01 -7.384300231933593750e-01 -5.990257263183593750e-01 -3.151945769786834717e-01 -6.208455562591552734e-01 3.201293945312500000e-01 -7.157818078994750977e-01 5.945469141006469727e-01
7.191910743713378906e-01 5.924909710884094238e-01 -3.626781404018402100e-01 -3.514068126678466797e-01 3.076241016387939453e-01 -7.395583987236022949e-01 -5.983546972274780273e-01 -3.153280317783355713e-01 -6.225599050521850586e-01 3.187938928604125977e-01 -7.141736745834350586e-01 5.953420996665954590e-01
6.974065899848937988e-01 6.203222870826721191e-01 -3.587375581264495850e-01 -3.380904793739318848e-01 3.154583275318145752e-01 -7.155343890190124512e-01 -6.234118342399597168e-01 -3.239497244358062744e-01 -6.435434222221374512e-01 3.218286037445068359e-01 -6.946167349815368652e-01 5.996404886245727539e-01
6.469947099685668945e-01 6.591502428054809570e-01 -3.828431963920593262e-01 -4.025964438915252686e-02 3.317550122737884521e-01 -6.955308914184570312e-01 -6.375546455383300781e-01 -2.716225683689117432e-01 -6.863842010498046875e-01 2.853634357452392578e-01 -6.688676476478576660e-01 5.900906920433044434e-01
6.366539597511291504e-01 6.590096950531005859e-01 -4.010767936706542969e-01 -3.774255886673927307e-02 3.178307712078094482e-01 -6.978308558464050293e-01 -6.419187784194946289e-01 -2.655732333660125732e-01 -7.030180692672729492e-01 2.809949517250061035e-01 -6.533699631690979004e-01 6.014833450317382812e-01
6.580513715744018555e-01 6.460240483283996582e-01 -3.870829641819000244e-01 -5.331606790423393250e-02 3.257757127285003662e-01 -7.073140144348144531e-01 -6.275132298469543457e-01 -2.394986152648925781e-01 -6.788696050643920898e-01 2.867307066917419434e-01 -6.762939095497131348e-01 5.911413431167602539e-01
6.405498385429382324e-01 6.860298514366149902e-01 -3.460263013839721680e-01 -2.982379794120788574e-01 3.208347558975219727e-01 -6.482119560241699219e-01 -6.909376382827758789e-01 -3.402674794197082520e-01 -6.979738473892211914e-01 3.314678668975830078e-01 -6.348235607147216797e-01 6.243715882301330566e-01
5.668331980705261230e-01 7.449925541877746582e-01 -3.518159389495849609e-01 -2.278459817171096802e-02 3.997552692890167236e-01 -6.220796704292297363e-01 -6.735228896141052246e-01 -2.738965153694152832e-01 -7.205700874328613281e-01 2.411158084869384766e-01 -6.502528786659240723e-01 5.953432321548461914e-01
5.665369033813476562e-01 7.620554566383361816e-01 -3.129165470600128174e-01 9.772181510925292969e-05 4.067331552505493164e-01 -5.888428688049316406e-01 -6.986259222030639648e-01 -2.813329696655273438e-01 -7.167305946350097656e-01 2.687101364135742188e-01 -6.437435746192932129e-01 6.078260540962219238e-01
5.582020282745361328e-01 7.566245794296264648e-01 -3.395438790321350098e-01 -1.503121107816696167e-03 4.006571173667907715e-01 -6.047224402427673340e-01 -6.887038946151733398e-01 -2.865392267704010010e-01 -7.264875769615173340e-01 2.487963438034057617e-01 -6.408321857452392578e-01 6.054872274398803711e-01
5.524039268493652344e-01 7.409975528717041016e-01 -3.809832930564880371e-01 -3.229590505361557007e-02 3.992751836776733398e-01 -6.368187665939331055e-01 -6.593483090400695801e-01 -2.612331807613372803e-01 -7.312838435173034668e-01 2.124602794647216797e-01 -6.479367017745971680e-01 5.950893759727478027e-01
5.501772761344909668e-01 7.315888404846191406e-01 -4.022941589355468750e-01 -5.453785136342048645e-02 3.800932168960571289e-01 -6.485237479209899902e-01 -6.591066122055053711e-01 -2.512259185314178467e-01 -7.435296773910522461e-01 2.097882628440856934e-01 -6.347267627716064453e-01 5.975310206413269043e-01
6.044073700904846191e-01 7.244256138801574707e-01 -3.322537541389465332e-01 -2.562159597873687744e-01 3.699631690979003906e-01 -6.240549683570861816e-01 -6.884183883666992188e-01 -3.143174648284912109e-01 -7.058426141738891602e-01 2.929213047027587891e-01 -6.449432373046875000e-01 6.039378046989440918e-01
5.230882167816162109e-01 7.578762769699096680e-01 -3.903845548629760742e-01 -3.908646106719970703e-02 3.857901096343994141e-01 -6.187295913696289062e-01 -6.844518184661865234e-01 -2.478349208831787109e-01 -7.600604891777038574e-01 2.073318958282470703e-01 -6.157512664794921875e-01 6.090015769004821777e-01
5.968195199966430664e-01 7.263237237930297852e-01 -3.406579196453094482e-01 -2.459718137979507446e-01 3.502680063247680664e-01 -6.180018186569213867e-01 -7.040862441062927246e-01 -3.250447809696197510e-01 -7.217113375663757324e-01 3.010224699974060059e-01 -6.233466863632202148e-01 6.088705658912658691e-01
5.825049281120300293e-01 7.340132594108581543e-01 -3.488301038742065430e-01 -2.457448542118072510e-01 3.388900756835937500e-01 -6.097270250320434570e-01 -7.165123224258422852e-01 -3.229288458824157715e-01 -7.387942075729370117e-01 2.987958192825317383e-01 -6.041927337646484375e-01 6.179378628730773926e-01
5.927251577377319336e-01 7.266139984130859375e-01 -3.472573757171630859e-01 -2.341157495975494385e-01 3.685326874256134033e-01 -6.276661753654479980e-01 -6.853527426719665527e-01 -3.035483360290527344e-01 -7.160822153091430664e-01 2.785190343856811523e-01 -6.401405334472656250e-01 5.898075699806213379e-01
5.780376791954040527e-01 7.368742227554321289e-01 -3.500885963439941406e-01 -2.343916296958923340e-01 3.696836233139038086e-01 -6.191953420639038086e-01 -6.926894187927246094e-01 -2.969701886177062988e-01 -7.269930839538574219e-01 2.708312273025512695e-01 -6.305546760559082031e-01 5.913819074630737305e-01
5.703658461570739746e-01 7.431572675704956055e-01 -3.498710095882415771e-01 -2.483722716569900513e-01 3.770228922367095947e-01 -6.152045726776123047e-01 -6.924881935119628906e-01 -2.960386276245117188e-01 -7.294870018959045410e-01 2.629077434539794922e-01 -6.311033368110656738e-01 5.945653915405273438e-01
5.642766952514648438e-01 7.459024190902709961e-01 -3.543157577514648438e-01 -2.409834563732147217e-01 3.704583644866943359e-01 -6.123626828193664551e-01 -6.985653638839721680e-01 -2.955043613910675049e-01 -7.377168536186218262e-01 2.629356086254119873e-01 -6.213610172271728516e-01 5.955431461334228516e-01
5.784879326820373535e-01 7.331001162528991699e-01 -3.574091792106628418e-01 -2.255249917507171631e-01 3.576660752296447754e-01 -6.215853691101074219e-01 -6.970444321632385254e-01 -2.913599610328674316e-01 -7.328664064407348633e-01 2.752262949943542480e-01 -6.217959523200988770e-01 5.858079195022583008e-01
5.713045597076416016e-01 7.437039613723754883e-01 -3.480562865734100342e-01 -2.229860723018646240e-01 3.735759854316711426e-01 -6.132993698120117188e-01 -6.959628462791442871e-01 -2.882673740386962891e-01 -7.310709357261657715e-01 2.678052783012390137e-01 -6.277600526809692383e-01 5.747767090797424316e-01
5.751754641532897949e-01 7.247655391693115234e-01 -3.801934719085693359e-01 -2.193809747695922852e-01 3.388774394989013672e-01 -6.337690353393554688e-01 -6.951248049736022949e-01 -2.795371115207672119e-01 -7.449713349342346191e-01 2.708464860916137695e-01 -6.098087430000305176e-01 5.834102034568786621e-01
5.742040276527404785e-01 7.269290685653686523e-01 -3.774795532226562500e-01 -2.164763957262039185e-01 3.392548859119415283e-01 -6.306125521659851074e-01 -6.982430815696716309e-01 -2.808236479759216309e-01 -7.454792857170104980e-01 2.726079821586608887e-01 -6.084662675857543945e-01 5.839751362800598145e-01
5.763837099075317383e-01 7.163324356079101562e-01 -3.929228782653808594e-01 -2.295484691858291626e-01 3.195039033889770508e-01 -6.399774551391601562e-01 -6.985403895378112793e-01 -2.772077322006225586e-01 -7.521310448646545410e-01 2.775650024414062500e-01 -5.980714559555053711e-01 5.812804698944091797e-01
5.789023637771606445e-01 7.197151184082031250e-01 -3.832091987133026123e-01 -2.115342468023300171e-01 3.253296315670013428e-01 -6.345999836921691895e-01 -7.008360624313354492e-01 -2.775022983551025391e-01 -7.476016879081726074e-01 2.812000513076782227e-01 -6.016849875450134277e-01 5.719698071479797363e-01
5.721176862716674805e-01 7.068318724632263184e-01 -4.157003760337829590e-01 -2.300497442483901978e-01 2.991515100002288818e-01 -6.517708301544189453e-01 -6.969099044799804688e-01 -2.708006203174591064e-01 -7.637693881988525391e-01 2.743479013442993164e-01 -5.842829346656799316e-01 5.783771276473999023e-01
5.798022747039794922e-01 7.071483135223388672e-01 -4.048880636692047119e-01 -2.123866826295852661e-01 3.053474724292755127e-01 -6.492990851402282715e-01 -6.968498826026916504e-01 -2.672490775585174561e-01 -7.556576728820800781e-01 2.804648876190185547e-01 -5.923241376876831055e-01 5.673297047615051270e-01
5.809913277626037598e-01 7.062740921974182129e-01 -4.042817056179046631e-01 -2.144740074872970581e-01 3.037826418876647949e-01 -6.491522789001464844e-01 -6.973847150802612305e-01 -2.689763307571411133e-01 -7.554162144660949707e-01 2.824810743331909180e-01 -5.916192531585693359e-01 5.687028169631958008e-01
5.807462930679321289e-01 6.985290050506591797e-01 -4.173506200313568115e-01 -2.223504632711410522e-01 2.844318747520446777e-01 -6.549660563468933105e-01 -7.003972530364990234e-01 -2.687638998031616211e-01 -7.628847360610961914e-01 2.877554893493652344e-01 -5.791371464729309082e-01 5.728786587715148926e-01
5.918331146240234375e-01 6.937865018844604492e-01 -4.098771214485168457e-01 -2.106122970581054688e-01 2.839834094047546387e-01 -6.555492877960205078e-01 -6.994609236717224121e-01 -2.689301669597625732e-01 -7.543542981147766113e-01 2.976190149784088135e-01 -5.848707556724548340e-01 5.620222687721252441e-01
5.937286615371704102e-01 6.861044168472290039e-01 -4.203752875328063965e-01 -2.074073404073715210e-01 2.733131051063537598e-01 -6.632648706436157227e-01 -6.964815258979797363e-01 -2.620803415775299072e-01 -7.568875551223754883e-01 2.987898588180541992e-01 -5.811485052108764648e-01 5.573175549507141113e-01
5.900946259498596191e-01 6.878358125686645508e-01 -4.227198958396911621e-01 -2.074965089559555054e-01 2.720061242580413818e-01 -6.626206040382385254e-01 -6.980522274971008301e-01 -2.617546916007995605e-01 -7.600597143173217773e-01 2.966292500495910645e-01 -5.780912637710571289e-01 5.615888237953186035e-01
5.968267917633056641e-01 6.784803867340087891e-01 -4.279578626155853271e-01 -2.100339978933334351e-01 2.659441232681274414e-01 -6.703006625175476074e-01 -6.923874020576477051e-01 -2.565132677555084229e-01 -7.571020126342773438e-01 2.994431257247924805e-01 -5.810092091560363770e-01 5.570673942565917969e-01
6.185300350189208984e-01 6.686099767684936523e-01 -4.127744734287261963e-01 -2.018097192049026489e-01 2.655653059482574463e-01 -6.722685694694519043e-01 -6.912291646003723145e-01 -2.556838393211364746e-01 -7.395640015602111816e-01 3.178264498710632324e-01 -5.935052037239074707e-01 5.488825440406799316e-01
6.280589103698730469e-01 6.575822830200195312e-01 -4.159428775310516357e-01 -2.013482749462127686e-01 2.590268254280090332e-01 -6.805772185325622559e-01 -6.852566599845886230e-01 -2.524617016315460205e-01 -7.336997985839843750e-01 3.227820396423339844e-01 -5.982440710067749023e-01 5.420646667480468750e-01
6.294586658477783203e-01 6.566218137741088867e-01 -4.155417084693908691e-01 -2.008651643991470337e-01 2.580588161945343018e-01 -6.810153126716613770e-01 -6.854000687599182129e-01 -2.534396648406982422e-01 -7.326177954673767090e-01 3.242250680923461914e-01 -5.980661511421203613e-01 5.420764684677124023e-01
6.463516354560852051e-01 6.521873474121093750e-01 -3.962102830410003662e-01 -1.915338039398193359e-01 2.654346227645874023e-01 -6.788690090179443359e-01 -6.844613552093505859e-01 -2.487525045871734619e-01 -7.155465483665466309e-01 3.374358415603637695e-01 -6.118518710136413574e-01 5.304179787635803223e-01
6.596985459327697754e-01 6.386849880218505859e-01 -3.955948352813720703e-01 -1.835385113954544067e-01 2.607448101043701172e-01 -6.884342432022094727e-01 -6.766087412834167480e-01 -2.414348721504211426e-01 -7.044427990913391113e-01 3.435319066047668457e-01 -6.213080286979675293e-01 5.202696919441223145e-01
6.656213998794555664e-01 6.279363036155700684e-01 -4.035666286945343018e-01 -1.872198879718780518e-01 2.409131824970245361e-01 -6.925289034843444824e-01 -6.800310611724853516e-01 -2.494416832923889160e-01 -7.066457867622375488e-01 3.554008007049560547e-01 -6.118643283843994141e-01 5.166965126991271973e-01
6.655447483062744141e-01 6.278319954872131348e-01 -4.046553969383239746e-01 -1.878247559070587158e-01 2.405932247638702393e-01 -6.929762363433837891e-01 -6.795486807823181152e-01 -2.491218596696853638e-01 -7.067956924438476562e-01 3.551996946334838867e-01 -6.119586229324340820e-01 5.168222784996032715e-01
6.708022952079772949e-01 6.159192919731140137e-01 -4.129843413829803467e-01 -1.875891983509063721e-01 2.277222275733947754e-01 -7.010473012924194336e-01 -6.758803129196166992e-01 -2.512438893318176270e-01 -7.059041857719421387e-01 3.592673838138580322e-01 -6.101444959640502930e-01 5.119159817695617676e-01
6.874251365661621094e-01 6.053521037101745605e-01 -4.011008143424987793e-01 -1.794414818286895752e-01 2.259107232093811035e-01 -7.035516500473022461e-01 -6.739814877510070801e-01 -2.524073123931884766e-01 -6.899553537368774414e-01 3.729645609855651855e-01 -6.206987500190734863e-01 5.012661814689636230e-01
6.993055939674377441e-01 5.898889899253845215e-01 -4.040482044219970703e-01 -1.849235445261001587e-01 2.154421508312225342e-01 -7.124042510986328125e-01 -6.675738692283630371e-01 -2.501949667930603027e-01 -6.820341944694519043e-01 3.795025348663330078e-01 -6.251920461654663086e-01 4.919297695159912109e-01
6.991314291954040527e-01 5.899260044097900391e-01 -4.040708541870117188e-01 -1.850793957710266113e-01 2.148945033550262451e-01 -7.122478485107421875e-01 -6.681073904037475586e-01 -2.506003677845001221e-01 -6.819014549255371094e-01 3.803442716598510742e-01 -6.243681907653808594e-01 4.923472106456756592e-01
7.113023996353149414e-01 5.833607912063598633e-01 -3.930584192276000977e-01 -1.798236221075057983e-01 2.095197439193725586e-01 -7.089725732803344727e-01 -6.736549139022827148e-01 -2.553040981292724609e-01 -6.714088320732116699e-01 3.964481949806213379e-01 -6.262773275375366211e-01 4.862130880355834961e-01
7.157844305038452148e-01 5.797364115715026855e-01 -3.891585469245910645e-01 -1.797980666160583496e-01 2.076171338558197021e-01 -7.088025808334350586e-01 -6.741368174552917480e-01 -2.554756999015808105e-01 -6.667964458465576172e-01 4.021475315093994141e-01 -6.276792287826538086e-01 4.794952571392059326e-01
7.151575088500976562e-01 5.834343433380126953e-01 -3.847270309925079346e-01 -1.770616024732589722e-01 2.096392661333084106e-01 -7.043486833572387695e-01 -6.785679459571838379e-01 -2.558946609497070312e-01 -6.664861440658569336e-01 4.045441746711730957e-01 -6.261821389198303223e-01 4.803951084613800049e-01
7.154579758644104004e-01 5.834744572639465332e-01 -3.840459585189819336e-01 -1.766443997621536255e-01 2.096734493970870972e-01 -7.041090130805969238e-01 -6.788455843925476074e-01 -2.565808296203613281e-01 -6.665149331092834473e-01 4.050174951553344727e-01 -6.260564327239990234e-01 4.801381826400756836e-01
