9.762663841247558594e-01 9.014177322387695312e-02 1.972783505916595459e-01 -1.358727216720581055e-01 1.764828115701675415e-01 -8.576014041900634766e-01 -4.828865230083465576e-01 -2.148546129465103149e-01 1.257043480873107910e-01 5.064658522605895996e-01 -8.535107970237731934e-01 3.433407247066497803e-01
9.744013547897338867e-01 9.570920467376708984e-02 2.022857666015625000e-01 -1.331096738576889038e-01 1.831165701150894165e-01 -8.588587045669555664e-01 -4.779162704944610596e-01 -2.101916372776031494e-01 1.280263662338256836e-01 5.029748678207397461e-01 -8.547470569610595703e-01 3.446388542652130127e-01
9.752195477485656738e-01 9.701640903949737549e-02 1.995746791362762451e-01 -1.365481615066528320e-01 1.831542998552322388e-01 -8.599013686180114746e-01 -4.759103953838348389e-01 -2.042798101902008057e-01 1.254966259002685547e-01 5.008302330970764160e-01 -8.564526438713073730e-01 3.466715216636657715e-01
9.739590287208557129e-01 9.270924329757690430e-02 2.071206569671630859e-01 -1.353602558374404907e-01 1.818871796131134033e-01 -8.628386855125427246e-01 -4.709677994251251221e-01 -1.953966617584228516e-01 1.351653337478637695e-01 4.965250492095947266e-01 -8.574597835540771484e-01 3.475231528282165527e-01
9.738359451293945312e-01 8.958135545253753662e-02 2.085821926593780518e-01 -1.374297440052032471e-01 1.808189153671264648e-01 -8.612063527107238770e-01 -4.748307168483734131e-01 -1.939016282558441162e-01 1.371470689773559570e-01 5.001307725906372070e-01 -8.550370335578918457e-01 3.493426740169525146e-01
9.738571047782897949e-01 9.007120132446289062e-02 2.084548026323318481e-01 -1.392241269350051880e-01 1.831420660018920898e-01 -8.534090518951416016e-01 -4.878830611705780029e-01 -1.970534771680831909e-01 1.340448856353759766e-01 5.130623579025268555e-01 -8.479806184768676758e-01 3.541834950447082520e-01
9.748047590255737305e-01 9.532016515731811523e-02 2.022164911031723022e-01 -1.395524591207504272e-01 1.854538917541503906e-01 -8.515837192535400391e-01 -4.905306398868560791e-01 -1.926553249359130859e-01 1.255109310150146484e-01 5.155820846557617188e-01 -8.476272225379943848e-01 3.568234145641326904e-01
9.747405052185058594e-01 9.430437535047531128e-02 2.028333544731140137e-01 -1.424232423305511475e-01 1.848570108413696289e-01 -8.501423597335815430e-01 -4.930533766746520996e-01 -1.896876245737075806e-01 1.258305907249450684e-01 5.181774497032165527e-01 -8.458953499794006348e-01 3.610816001892089844e-01
9.741951823234558105e-01 9.093923121690750122e-02 2.079864889383316040e-01 -1.377932280302047729e-01 1.852598935365676880e-01 -8.478810191154479980e-01 -4.968678057193756104e-01 -1.934341192245483398e-01 1.312642097473144531e-01 5.226058363914489746e-01 -8.427306413650512695e-01 3.653278648853302002e-01
9.726583957672119141e-01 8.844337612390518188e-02 2.137697786092758179e-01 -1.397408396005630493e-01 1.868729740381240845e-01 -8.452552556991577148e-01 -5.004163384437561035e-01 -1.955839395523071289e-01 1.362651139497756958e-01 5.268859863281250000e-01 -8.387201428413391113e-01 3.728296756744384766e-01
9.762804508209228516e-01 9.564763307571411133e-02 1.953747421503067017e-01 -1.569789350032806396e-01 1.835179924964904785e-01 -8.450079560279846191e-01 -5.024440288543701172e-01 -1.995742768049240112e-01 1.169826239347457886e-01 5.263621211051940918e-01 -8.421770930290222168e-01 3.711694478988647461e-01
9.773718714714050293e-01 1.030483990907669067e-01 1.846221238374710083e-01 -1.601192057132720947e-01 1.842293739318847656e-01 -8.435222506523132324e-01 -5.050154924392700195e-01 -2.016416341066360474e-01 1.035702228546142578e-01 5.275109410285949707e-01 -8.434596657752990723e-01 3.714412748813629150e-01
9.795988798141479492e-01 1.112221479415893555e-01 1.676208823919296265e-01 -1.670893877744674683e-01 1.828977167606353760e-01 -8.386250734329223633e-01 -5.129953622817993164e-01 -2.016743719577789307e-01 8.353579044342041016e-02 5.330095887184143066e-01 -8.417233228683471680e-01 3.697470724582672119e-01
9.777029156684875488e-01 1.273109316825866699e-01 1.684296727180480957e-01 -1.688647419214248657e-01 1.962485611438751221e-01 -8.425010442733764648e-01 -5.019024610519409180e-01 -1.914314031600952148e-01 7.777231931686401367e-02 5.235153436660766602e-01 -8.483737707138061523e-01 3.779196739196777344e-01
9.794220924377441406e-01 1.292621493339538574e-01 1.546884179115295410e-01 -1.700579077005386353e-01 1.908276230096817017e-01 -8.425687551498413086e-01 -5.042324066162109375e-01 -1.989596933126449585e-01 6.519678235054016113e-02 5.235595107078552246e-01 -8.498861193656921387e-01 3.795790970325469971e-01
9.794220924377441406e-01 1.292621493339538574e-01 1.546884179115295410e-01 -1.700579077005386353e-01 1.908276230096817017e-01 -8.425687551498413086e-01 -5.042324066162109375e-01 -1.989596933126449585e-01 6.519678235054016113e-02 5.235595107078552246e-01 -8.498861193656921387e-01 3.795790970325469971e-01
9.818361997604370117e-01 1.274440139532089233e-01 1.400965899229049683e-01 -1.790266782045364380e-01 1.821356713771820068e-01 -8.390010595321655273e-01 -5.132438540458679199e-01 -2.035142481327056885e-01 5.238872766494750977e-02 5.295112729072570801e-01 -8.469293713569641113e-01 3.839940726757049561e-01
9.825406074523925781e-01 1.302909851074218750e-01 1.302508115768432617e-01 -1.850014179944992065e-01 1.794411540031433105e-01 -8.379504084587097168e-01 -5.151644945144653320e-01 -2.012552320957183838e-01 4.217940568923950195e-02 5.297664999961853027e-01 -8.470170497894287109e-01 3.896908462047576904e-01
9.832745194435119629e-01 1.316763460636138916e-01 1.285864561796188354e-01 -1.952645778656005859e-01 1.797879636287689209e-01 -8.349275588989257812e-01 -5.198401212692260742e-01 -1.993101239204406738e-01 3.882625699043273926e-02 5.340164303779602051e-01 -8.446179628372192383e-01 4.035378992557525635e-01
9.825689792633056641e-01 1.361218690872192383e-01 1.270020604133605957e-01 -2.013816237449645996e-01 1.829442381858825684e-01 -8.350902795791625977e-01 -5.189242959022521973e-01 -1.917279958724975586e-01 3.540930151939392090e-02 5.329134464263916016e-01 -8.452787995338439941e-01 4.125858545303344727e-01
9.822369217872619629e-01 1.389457285404205322e-01 1.233627796173095703e-01 -2.155713140964508057e-01 1.834172010421752930e-01 -8.315114974975585938e-01 -5.244807600975036621e-01 -1.938071250915527344e-01 2.957375347614288330e-02 5.378834605216979980e-01 -8.428062200546264648e-01 4.195886552333831787e-01
9.822369217872619629e-01 1.389457285404205322e-01 1.233627796173095703e-01 -2.155713140964508057e-01 1.834172010421752930e-01 -8.315114974975585938e-01 -5.244807600975036621e-01 -1.938071250915527344e-01 2.957375347614288330e-02 5.378834605216979980e-01 -8.428062200546264648e-01 4.195886552333831787e-01
9.815728068351745605e-01 1.490953266620635986e-01 1.169141903519630432e-01 -2.248475402593612671e-01 1.884014010429382324e-01 -8.322368264198303223e-01 -5.213268995285034180e-01 -1.891345679759979248e-01 1.956015825271606445e-02 5.338336229324340820e-01 -8.457340598106384277e-01 4.249775409698486328e-01
9.815432429313659668e-01 1.529382467269897461e-01 1.163451671600341797e-01 -2.356111109256744385e-01 1.914407610893249512e-01 -8.283545970916748047e-01 -5.272617936134338379e-01 -1.930915713310241699e-01 1.574457809329032898e-02 5.392516255378723145e-01 -8.416098952293395996e-01 4.312053322792053223e-01
9.813961982727050781e-01 1.526450812816619873e-01 1.129197180271148682e-01 -2.430562824010848999e-01 1.895880699157714844e-01 -8.242512941360473633e-01 -5.341798663139343262e-01 -1.971584111452102661e-01 1.153394579887390137e-02 5.454660058021545410e-01 -8.380081653594970703e-01 4.392889440059661865e-01
9.828494191169738770e-01 1.521460413932800293e-01 1.027815937995910645e-01 -2.514034807682037354e-01 1.835767030715942383e-01 -8.207868337631225586e-01 -5.401666164398193359e-01 -1.988562196493148804e-01 2.113435417413711548e-03 5.501101016998291016e-01 -8.350816369056701660e-01 4.415216445922851562e-01
9.848433136940002441e-01 1.515821218490600586e-01 8.050501346588134766e-02 -2.656255364418029785e-01 1.705953776836395264e-01 -8.150260448455810547e-01 -5.537778139114379883e-01 -2.074421644210815430e-01 -1.840045303106307983e-02 5.592432022094726562e-01 -8.287684321403503418e-01 4.421385526657104492e-01
9.848433136940002441e-01 1.515821218490600586e-01 8.050501346588134766e-02 -2.656255364418029785e-01 1.705953776836395264e-01 -8.150260448455810547e-01 -5.537778139114379883e-01 -2.074421644210815430e-01 -1.840045303106307983e-02 5.592432022094726562e-01 -8.287684321403503418e-01 4.421385526657104492e-01
9.857249855995178223e-01 1.531685590744018555e-01 6.834661960601806641e-02 -2.736234962940216064e-01 1.652519106864929199e-01 -8.156229257583618164e-01 -5.542953610420227051e-01 -2.037714719772338867e-01 -2.925175428390502930e-02 5.582375526428222656e-01 -8.291454315185546875e-01 4.427346587181091309e-01
9.854053258895874023e-01 1.585257053375244141e-01 6.651997566223144531e-02 -2.856693267822265625e-01 1.684215366840362549e-01 -8.114701509475708008e-01 -5.593813061714172363e-01 -2.005433291196823120e-01 -3.472553938627243042e-02 5.624224543571472168e-01 -8.265042304992675781e-01 4.460566937923431396e-01
9.840787649154663086e-01 1.624782085418701172e-01 6.978344917297363281e-02 -3.003602921962738037e-01 1.735106706619262695e-01 -8.131442070007324219e-01 -5.563372969627380371e-01 -1.971899420022964478e-01 -3.399865329265594482e-02 5.596504807472229004e-01 -8.281057476997375488e-01 4.563339352607727051e-01
9.840787649154663086e-01 1.624782085418701172e-01 6.978344917297363281e-02 -3.003602921962738037e-01 1.735106706619262695e-01 -8.131442070007324219e-01 -5.563372969627380371e-01 -1.971899420022964478e-01 -3.399865329265594482e-02 5.596504807472229004e-01 -8.281057476997375488e-01 4.563339352607727051e-01
9.830433130264282227e-01 1.707090288400650024e-01 6.456807255744934082e-02 -3.108980655670166016e-01 1.774349808692932129e-01 -8.111903667449951172e-01 -5.574374198913574219e-01 -1.951836645603179932e-01 -4.273563623428344727e-02 5.592499375343322754e-01 -8.278124928474426270e-01 4.672652184963226318e-01
9.829612374305725098e-01 1.805431246757507324e-01 3.782580047845840454e-02 -3.290756344795227051e-01 1.708425581455230713e-01 -8.140401840209960938e-01 -5.552211403846740723e-01 -1.890644133090972900e-01 -6.936433911323547363e-02 5.521464943885803223e-01 -8.309581279754638672e-01 4.781203567981719971e-01
9.798992872238159180e-01 1.972181499004364014e-01 3.289687633514404297e-02 -3.429346084594726562e-01 1.825899779796600342e-01 -8.159089088439941406e-01 -5.488477349281311035e-01 -1.837050616741180420e-01 -8.126890659332275391e-02 5.438039302825927734e-01 -8.350591659545898438e-01 4.780345261096954346e-01
9.792318344116210938e-01 2.014404833316802979e-01 2.945256233215332031e-02 -3.580296635627746582e-01 1.835103631019592285e-01 -8.106492757797241211e-01 -5.558692216873168945e-01 -1.850382089614868164e-01 -8.793103694915771484e-02 5.497054457664489746e-01 -8.307934999465942383e-01 4.854375422000885010e-01
9.792318344116210938e-01 2.014404833316802979e-01 2.945256233215332031e-02 -3.580296635627746582e-01 1.835103631019592285e-01 -8.106492757797241211e-01 -5.558692216873168945e-01 -1.850382089614868164e-01 -8.793103694915771484e-02 5.497054457664489746e-01 -8.307934999465942383e-01 4.854375422000885010e-01
9.793853163719177246e-01 2.015307545661926270e-01 2.237272262573242188e-02 -3.666692078113555908e-01 1.797245442867279053e-01 -8.104147315025329590e-01 -5.575860142707824707e-01 -1.852360367774963379e-01 -9.426867961883544922e-02 5.500179529190063477e-01 -8.295385241508483887e-01 4.928597509860992432e-01
9.802197217941284180e-01 1.978718042373657227e-01 1.281058788299560547e-02 -3.742294311523437500e-01 1.715635210275650024e-01 -8.153041005134582520e-01 -5.532794594764709473e-01 -1.782823801040649414e-01 -9.848296642303466797e-02 5.444473028182983398e-01 -8.329099416732788086e-01 4.970665872097015381e-01
9.793083667755126953e-01 2.006790637969970703e-01 -8.250951766967773438e-03 -3.723129034042358398e-01 1.635585427284240723e-01 -8.197105526924133301e-01 -5.494375228881835938e-01 -1.853654980659484863e-01 -1.170059442520141602e-01 5.372509956359863281e-01 -8.352948427200317383e-01 4.992260634899139404e-01
9.793083667755126953e-01 2.006790637969970703e-01 -8.250951766967773438e-03 -3.723129034042358398e-01 1.635585427284240723e-01 -8.197105526924133301e-01 -5.494375228881835938e-01 -1.853654980659484863e-01 -1.170059442520141602e-01 5.372509956359863281e-01 -8.352948427200317383e-01 4.992260634899139404e-01
9.782011508941650391e-01 2.083414494991302490e-01 1.563787460327148438e-03 -3.565879464149475098e-01 1.752917766571044922e-01 -8.183879852294921875e-01 -5.471029281616210938e-01 -1.950233578681945801e-01 -1.128637790679931641e-01 5.356804728507995605e-01 -8.371412754058837891e-01 4.959769845008850098e-01
9.781054258346557617e-01 2.073158025741577148e-01 -1.951217651367187500e-02 -3.627849817276000977e-01 1.650080382823944092e-01 -8.288775086402893066e-01 -5.347027778625488281e-01 -1.843166351318359375e-01 -1.271703392267227173e-01 5.198652744293212891e-01 -8.448210358619689941e-01 4.880172312259674072e-01
9.757445454597473145e-01 2.165770232677459717e-01 -2.722235769033432007e-02 -3.594609200954437256e-01 1.682518720626831055e-01 -8.258886337280273438e-01 -5.376009941101074219e-01 -1.856390386819839478e-01 -1.390605568885803223e-01 5.201871395111083984e-01 -8.423876762390136719e-01 5.024521350860595703e-01
9.757445454597473145e-01 2.165770232677459717e-01 -2.722235769033432007e-02 -3.594609200954437256e-01 1.682518720626831055e-01 -8.258886337280273438e-01 -5.376009941101074219e-01 -1.856390386819839478e-01 -1.390605568885803223e-01 5.201871395111083984e-01 -8.423876762390136719e-01 5.024521350860595703e-01
9.749441146850585938e-01 2.187230587005615234e-01 -4.836434125900268555e-02 -3.727369904518127441e-01 1.577622890472412109e-01 -8.241090774536132812e-01 -5.443106889724731445e-01 -1.894890069961547852e-01 -1.589127182960510254e-01 5.227710008621215820e-01 -8.375551104545593262e-01 5.134581923484802246e-01
9.747139811515808105e-01 2.197923660278320312e-01 -4.207944869995117188e-02 -3.742563426494598389e-01 1.653991043567657471e-01 -8.343210816383361816e-01 -5.260438919067382812e-01 -1.866647303104400635e-01 -1.505093574523925781e-01 5.056960582733154297e-01 -8.496198654174804688e-01 5.191366076469421387e-01
9.731040000915527344e-01 2.240004539489746094e-01 -5.313579738140106201e-02 -3.763621747493743896e-01 1.651083230972290039e-01 -8.410394787788391113e-01 -5.152505636215209961e-01 -1.939491033554077148e-01 -1.602387428283691406e-01 4.928452372550964355e-01 -8.550039529800415039e-01 5.372788310050964355e-01
9.731040000915527344e-01 2.240004539489746094e-01 -5.313579738140106201e-02 -3.763621747493743896e-01 1.651083230972290039e-01 -8.410394787788391113e-01 -5.152505636215209961e-01 -1.939491033554077148e-01 -1.602387428283691406e-01 4.928452372550964355e-01 -8.550039529800415039e-01 5.372788310050964355e-01
9.683102369308471680e-01 2.402061223983764648e-01 -6.895288825035095215e-02 -3.908195793628692627e-01 1.711354255676269531e-01 -8.386384844779968262e-01 -5.170305371284484863e-01 -1.968069225549697876e-01 -1.820379495620727539e-01 4.885744154453277588e-01 -8.535652160644531250e-01 5.466126799583435059e-01
9.640420675277709961e-01 2.518319487571716309e-01 -8.023399114608764648e-02 -3.922307193279266357e-01 1.769454479217529297e-01 -8.407863378524780273e-01 -5.119979381561279297e-01 -2.022941708564758301e-01 -1.967216730117797852e-01 4.798353314399719238e-01 -8.552621006965637207e-01 5.401080846786499023e-01
9.588700532913208008e-01 2.699073553085327148e-01 -9.103155136108398438e-02 -4.009377956390380859e-01 1.856462359428405762e-01 -8.347254395484924316e-01 -5.188119411468505859e-01 -2.124660462141036987e-01 -2.156752496957778931e-01 4.802951812744140625e-01 -8.500143289566040039e-01 5.633674263954162598e-01
9.588700532913208008e-01 2.699073553085327148e-01 -9.103155136108398438e-02 -4.009377956390380859e-01 1.856462359428405762e-01 -8.347254395484924316e-01 -5.188119411468505859e-01 -2.124660462141036987e-01 -2.156752496957778931e-01 4.802951812744140625e-01 -8.500143289566040039e-01 5.633674263954162598e-01
9.505654573440551758e-01 2.908005714416503906e-01 -1.075379848480224609e-01 -3.963526189327239990e-01 1.968960762023925781e-01 -8.340605497360229492e-01 -5.155664086341857910e-01 -2.169376909732818604e-01 -2.397719621658325195e-01 4.688975811004638672e-01 -8.498185873031616211e-01 5.597196221351623535e-01
9.525581598281860352e-01 2.808201313018798828e-01 -1.187096238136291504e-01 -4.134427905082702637e-01 1.862221956253051758e-01 -8.441892862319946289e-01 -5.026969313621520996e-01 -2.105691283941268921e-01 -2.408772110939025879e-01 4.566907286643981934e-01 -8.564523458480834961e-01 5.748865604400634766e-01
9.505948424339294434e-01 2.820965349674224854e-01 -1.306043267250061035e-01 -4.201558828353881836e-01 1.835093796253204346e-01 -8.483546376228332520e-01 -4.963696599006652832e-01 -2.097058296203613281e-01 -2.509001195430755615e-01 4.482707381248474121e-01 -8.579136133193969727e-01 5.815311074256896973e-01
9.505948424339294434e-01 2.820965349674224854e-01 -1.306043267250061035e-01 -4.201558828353881836e-01 1.835093796253204346e-01 -8.483546376228332520e-01 -4.963696599006652832e-01 -2.097058296203613281e-01 -2.509001195430755615e-01 4.482707381248474121e-01 -8.579136133193969727e-01 5.815311074256896973e-01
9.441896677017211914e-01 2.949015498161315918e-01 -1.471014618873596191e-01 -4.394906759262084961e-01 1.898598670959472656e-01 -8.513969182968139648e-01 -4.889825582504272461e-01 -2.016206979751586914e-01 -2.698101997375488281e-01 4.338983297348022461e-01 -8.597253561019897461e-01 5.869560241699218750e-01
9.361978769302368164e-01 3.056099116802215576e-01 -1.729050874710083008e-01 -4.474454224109649658e-01 1.851499080657958984e-01 -8.479645848274230957e-01 -4.960225820541381836e-01 -2.179332375526428223e-01 -2.982629537582397461e-01 4.324494004249572754e-01 -8.505739569664001465e-01 6.054984331130981445e-01
9.280095696449279785e-01 3.074532449245452881e-01 -2.087074518203735352e-01 -4.541594386100769043e-01 1.676306128501892090e-01 -8.475407361984252930e-01 -5.038048028945922852e-01 -2.243225574493408203e-01 -3.315938115119934082e-01 4.328328073024749756e-01 -8.381350040435791016e-01 6.100900769233703613e-01
9.280095696449279785e-01 3.074532449245452881e-01 -2.087074518203735352e-01 -4.541594386100769043e-01 1.676306128501892090e-01 -8.475407361984252930e-01 -5.038048028945922852e-01 -2.243225574493408203e-01 -3.315938115119934082e-01 4.328328073024749756e-01 -8.381350040435791016e-01 6.100900769233703613e-01
9.249842166900634766e-01 3.071981668472290039e-01 -2.241177856922149658e-01 -4.488757550716400146e-01 1.584256887435913086e-01 -8.469711542129516602e-01 -5.068340301513671875e-01 -2.274827361106872559e-01 -3.455845117568969727e-01 4.332857131958007812e-01 -8.320893645286560059e-01 6.262547969818115234e-01
9.112600088119506836e-01 3.308058083057403564e-01 -2.457305938005447388e-01 -4.338164031505584717e-01 1.618822813034057617e-01 -8.356536030769348145e-01 -5.246955752372741699e-01 -2.368288785219192505e-01 -3.787801861763000488e-01 4.383976161479949951e-01 -8.152198791503906250e-01 6.360812783241271973e-01
8.969733715057373047e-01 3.459942340850830078e-01 -2.765343189239501953e-01 -4.328371882438659668e-01 1.610598713159561157e-01 -8.361466526985168457e-01 -5.238412022590637207e-01 -2.315473705530166626e-01 -4.126311838626861572e-01 4.254198670387268066e-01 -8.055037260055541992e-01 6.334930658340454102e-01
8.969733715057373047e-01 3.459942340850830078e-01 -2.765343189239501953e-01 -4.328371882438659668e-01 1.610598713159561157e-01 -8.361466526985168457e-01 -5.238412022590637207e-01 -2.315473705530166626e-01 -4.126311838626861572e-01 4.254198670387268066e-01 -8.055037260055541992e-01 6.334930658340454102e-01
8.679522275924682617e-01 3.849330842494964600e-01 -3.134151697158813477e-01 -4.284486770629882812e-01 1.763271093368530273e-01 -8.296586871147155762e-01 -5.304528474807739258e-01 -2.307870537042617798e-01 -4.639546871185302734e-01 4.051494598388671875e-01 -7.876752018928527832e-01 6.417276859283447266e-01
8.540164828300476074e-01 4.041987061500549316e-01 -3.275593817234039307e-01 -4.362410604953765869e-01 1.902153491973876953e-01 -8.287892341613769531e-01 -5.263213515281677246e-01 -2.402018904685974121e-01 -4.841548204421997070e-01 3.869247436523437500e-01 -7.849920392036437988e-01 6.449428200721740723e-01
8.508800864219665527e-01 4.100448489189147949e-01 -3.291492462158203125e-01 -4.261384308338165283e-01 1.847137212753295898e-01 -8.194688558578491211e-01 -5.429363250732421875e-01 -2.619816064834594727e-01 -4.924913048744201660e-01 4.008513092994689941e-01 -7.727019786834716797e-01 6.412726640701293945e-01
8.508800864219665527e-01 4.100448489189147949e-01 -3.291492462158203125e-01 -4.261384308338165283e-01 1.847137212753295898e-01 -8.194688558578491211e-01 -5.429363250732421875e-01 -2.619816064834594727e-01 -4.924913048744201660e-01 4.008513092994689941e-01 -7.727019786834716797e-01 6.412726640701293945e-01
8.430444002151489258e-01 4.241831302642822266e-01 -3.300951421260833740e-01 -3.982924818992614746e-01 1.961613893508911133e-01 -8.148669004440307617e-01 -5.456570386886596680e-01 -2.858577966690063477e-01 -5.004790425300598145e-01 3.945497274398803711e-01 -7.705885767936706543e-01 6.302616596221923828e-01
8.342724442481994629e-01 4.221468567848205566e-01 -3.537849783897399902e-01 -3.792412579059600830e-01 1.802046298980712891e-01 -8.159804940223693848e-01 -5.490795373916625977e-01 -3.017340302467346191e-01 -5.209140777587890625e-01 3.943687081336975098e-01 -7.569833993911743164e-01 6.250669360160827637e-01
8.346261978149414062e-01 4.228926301002502441e-01 -3.534178137779235840e-01 -3.913819193840026855e-01 1.877324581146240234e-01 -8.209984302520751953e-01 -5.392313003540039062e-01 -2.985089421272277832e-01 -5.178555250167846680e-01 3.833577632904052734e-01 -7.645790576934814453e-01 6.186270117759704590e-01
8.322834968566894531e-01 4.244746565818786621e-01 -3.561722934246063232e-01 -3.503697216510772705e-01 1.797888278961181641e-01 -8.146414756774902344e-01 -5.509019494056701660e-01 -3.204010426998138428e-01 -5.240536928176879883e-01 3.944164514541625977e-01 -7.548727393150329590e-01 6.079341173171997070e-01
8.322834968566894531e-01 4.244746565818786621e-01 -3.561722934246063232e-01 -3.503697216510772705e-01 1.797888278961181641e-01 -8.146414756774902344e-01 -5.509019494056701660e-01 -3.204010426998138428e-01 -5.240536928176879883e-01 3.944164514541625977e-01 -7.548727393150329590e-01 6.079341173171997070e-01
8.169271945953369141e-01 4.438645839691162109e-01 -3.680062890052795410e-01 -3.388124108314514160e-01 1.992826461791992188e-01 -8.160443305969238281e-01 -5.424646139144897461e-01 -3.054097890853881836e-01 -5.409138798713684082e-01 3.702197074890136719e-01 -7.552534937858581543e-01 6.095128059387207031e-01
8.096222877502441406e-01 4.515478312969207764e-01 -3.749980032444000244e-01 -3.053327798843383789e-01 2.046099305152893066e-01 -8.158328533172607422e-01 -5.404621362686157227e-01 -3.213286995887756348e-01 -5.502820014953613281e-01 3.609375953674316406e-01 -7.533449530601501465e-01 5.880809426307678223e-01
8.033004999160766602e-01 4.690882563591003418e-01 -3.680583536624908447e-01 -2.668149173259735107e-01 2.079444825649261475e-01 -7.987682223320007324e-01 -5.644013881683349609e-01 -3.259864449501037598e-01 -5.586305260658264160e-01 3.767476975917816162e-01 -7.394654154777526855e-01 5.634065866470336914e-01
8.033004999160766602e-01 4.690882563591003418e-01 -3.680583536624908447e-01 -2.668149173259735107e-01 2.079444825649261475e-01 -7.987682223320007324e-01 -5.644013881683349609e-01 -3.259864449501037598e-01 -5.586305260658264160e-01 3.767476975917816162e-01 -7.394654154777526855e-01 5.634065866470336914e-01
7.962161302566528320e-01 4.798979461193084717e-01 -3.684839010238647461e-01 -2.539370656013488770e-01 2.064298689365386963e-01 -7.878937721252441406e-01 -5.803365707397460938e-01 -3.326946794986724854e-01 -5.688757896423339844e-01 3.859643340110778809e-01 -7.265443801879882812e-01 5.600282549858093262e-01
7.978059649467468262e-01 4.910903573036193848e-01 -3.494729995727539062e-01 -2.156942933797836304e-01 2.179801464080810547e-01 -7.756196260452270508e-01 -5.920329093933105469e-01 -3.505549728870391846e-01 -5.618243217468261719e-01 3.960064649581909180e-01 -7.261180877685546875e-01 5.510858297348022461e-01
8.069801926612854004e-01 5.030297040939331055e-01 -3.101033866405487061e-01 -1.671485751867294312e-01 2.303078472614288330e-01 -7.510827779769897461e-01 -6.189004182815551758e-01 -3.732276260852813721e-01 -5.438556075096130371e-01 4.281629323959350586e-01 -7.218183279037475586e-01 5.507525801658630371e-01
7.957856655120849609e-01 5.126823186874389648e-01 -3.226839303970336914e-01 -1.619090735912322998e-01 2.307087779045104980e-01 -7.487789988517761230e-01 -6.216137409210205078e-01 -3.446938097476959229e-01 -5.603351593017578125e-01 4.198942780494689941e-01 -7.142639160156250000e-01 5.605131387710571289e-01
7.957856655120849609e-01 5.126823186874389648e-01 -3.226839303970336914e-01 -1.619090735912322998e-01 2.307087779045104980e-01 -7.487789988517761230e-01 -6.216137409210205078e-01 -3.446938097476959229e-01 -5.603351593017578125e-01 4.198942780494689941e-01 -7.142639160156250000e-01 5.605131387710571289e-01
7.900835871696472168e-01 5.224322080612182617e-01 -3.208588063716888428e-01 -1.381549239158630371e-01 2.185293436050415039e-01 -7.287290692329406738e-01 -6.487886309623718262e-01 -3.488730490207672119e-01 -5.730845332145690918e-01 4.425400495529174805e-01 -6.903465986251831055e-01 5.509938001632690430e-01
7.878766655921936035e-01 5.451870560646057129e-01 -2.860591113567352295e-01 -7.237468659877777100e-02 2.482533007860183716e-01 -7.066113948822021484e-01 -6.628742218017578125e-01 -3.569453954696655273e-01 -5.635588765144348145e-01 4.514326155185699463e-01 -6.920454502105712891e-01 5.614334344863891602e-01
7.740441560745239258e-01 5.515913963317871094e-01 -3.103836774826049805e-01 -5.293709039688110352e-02 2.556926906108856201e-01 -7.210308909416198730e-01 -6.444302201271057129e-01 -3.456667959690093994e-01 -5.792480111122131348e-01 4.192746877670288086e-01 -6.992390155792236328e-01 5.362130999565124512e-01
7.740441560745239258e-01 5.515913963317871094e-01 -3.103836774826049805e-01 -5.293709039688110352e-02 2.556926906108856201e-01 -7.210308909416198730e-01 -6.444302201271057129e-01 -3.456667959690093994e-01 -5.792480111122131348e-01 4.192746877670288086e-01 -6.992390155792236328e-01 5.362130999565124512e-01
7.587631940841674805e-01 5.588293671607971191e-01 -3.342722356319427490e-01 -7.395408302545547485e-02 2.410897612571716309e-01 -7.180010080337524414e-01 -6.530289649963378906e-01 -3.529104292392730713e-01 -6.050322651863098145e-01 4.151909351348876953e-01 -6.795711517333984375e-01 5.243189334869384766e-01
7.682427763938903809e-01 5.485866069793701172e-01 -3.308005332946777344e-01 -4.569610208272933960e-02 2.377998679876327515e-01 -7.237766385078430176e-01 -6.475079655647277832e-01 -3.532360196113586426e-01 -5.945046544075012207e-01 4.193243980407714844e-01 -6.865235567092895508e-01 5.220729112625122070e-01
7.742085456848144531e-01 5.542095899581909180e-01 -3.058301806449890137e-01 -3.257535398006439209e-02 2.615929841995239258e-01 -7.196212410926818848e-01 -6.427718997001647949e-01 -3.305100202560424805e-01 -5.763560533523559570e-01 4.177007675170898438e-01 -7.022734880447387695e-01 5.075210928916931152e-01
7.742085456848144531e-01 5.542095899581909180e-01 -3.058301806449890137e-01 -3.257535398006439209e-02 2.615929841995239258e-01 -7.196212410926818848e-01 -6.427718997001647949e-01 -3.305100202560424805e-01 -5.763560533523559570e-01 4.177007675170898438e-01 -7.022734880447387695e-01 5.075210928916931152e-01
7.687115073204040527e-01 5.512083172798156738e-01 -3.245448768138885498e-01 -4.205424338579177856e-02 2.513127624988555908e-01 -7.266206741333007812e-01 -6.394071578979492188e-01 -3.331445753574371338e-01 -5.885831117630004883e-01 4.100539684295654297e-01 -6.970583200454711914e-01 5.208275914192199707e-01
7.530293464660644531e-01 5.621261000633239746e-01 -3.413552641868591309e-01 -3.260447829961776733e-02 2.463093996047973633e-01 -7.222420573234558105e-01 -6.464685201644897461e-01 -3.339626193046569824e-01 -6.100746989250183105e-01 4.028260707855224609e-01 -6.823961734771728516e-01 5.119384527206420898e-01
7.455842494964599609e-01 5.638846755027770996e-01 -3.556998074054718018e-01 -4.314882308244705200e-02 2.335228323936462402e-01 -7.206630110740661621e-01 -6.525993347167968750e-01 -3.270118534564971924e-01 -6.243564486503601074e-01 4.036340713500976562e-01 -6.690294146537780762e-01 5.053836107254028320e-01
7.366225719451904297e-01 5.669609308242797852e-01 -3.692494332790374756e-01 -2.563921548426151276e-02 2.245884388685226440e-01 -7.198243141174316406e-01 -6.569043397903442383e-01 -3.148761391639709473e-01 -6.380433440208435059e-01 4.010137319564819336e-01 -6.575866341590881348e-01 4.950982332229614258e-01
7.366225719451904297e-01 5.669609308242797852e-01 -3.692494332790374756e-01 -2.563921548426151276e-02 2.245884388685226440e-01 -7.198243141174316406e-01 -6.569043397903442383e-01 -3.148761391639709473e-01 -6.380433440208435059e-01 4.010137319564819336e-01 -6.575866341590881348e-01 4.950982332229614258e-01
7.124966979026794434e-01 6.000835895538330078e-01 -3.639402389526367188e-01 -1.956690289080142975e-02 2.384016811847686768e-01 -6.949861645698547363e-01 -6.787961721420288086e-01 -3.236041665077209473e-01 -6.601077914237976074e-01 3.966445922851562500e-01 -6.380636692047119141e-01 4.902522861957550049e-01
6.784212589263916016e-01 6.202775239944458008e-01 -3.946655988693237305e-01 -3.556185960769653320e-02 2.435958683490753174e-01 -6.959986686706542969e-01 -6.754523515701293945e-01 -3.172916173934936523e-01 -6.935910582542419434e-01 3.620298504829406738e-01 -6.230621337890625000e-01 4.987229406833648682e-01
6.593325138092041016e-01 6.204960346221923828e-01 -4.245563149452209473e-01 -1.696835644543170929e-02 2.355750054121017456e-01 -7.065555453300476074e-01 -6.672828793525695801e-01 -3.075712323188781738e-01 -7.144309878349304199e-01 3.397817611694335938e-01 -6.121920347213745117e-01 4.746766984462738037e-01
6.593325138092041016e-01 6.204960346221923828e-01 -4.245563149452209473e-01 -1.696835644543170929e-02 2.355750054121017456e-01 -7.065555453300476074e-01 -6.672828793525695801e-01 -3.075712323188781738e-01 -7.144309878349304199e-01 3.397817611694335938e-01 -6.121920347213745117e-01 4.746766984462738037e-01
6.538180112838745117e-01 6.190196871757507324e-01 -4.346543252468109131e-01 -2.155471034348011017e-02 2.197973132133483887e-01 -7.053946852684020996e-01 -6.739908456802368164e-01 -3.092088103294372559e-01 -7.241086959838867188e-01 3.453171253204345703e-01 -5.969581007957458496e-01 4.753417670726776123e-01
6.589680910110473633e-01 6.221224069595336914e-01 -4.232817888259887695e-01 -1.471502147614955902e-02 2.343919575214385986e-01 -7.041906714439392090e-01 -6.698673367500305176e-01 -3.079645633697509766e-01 -7.149400115013122559e-01 3.421435952186584473e-01 -6.098195910453796387e-01 4.836944043636322021e-01
6.649069786071777344e-01 6.278124451637268066e-01 -4.054849147796630859e-01 -3.639496862888336182e-02 2.556361258029937744e-01 -7.006788253784179688e-01 -6.655645370483398438e-01 -3.009775876998901367e-01 -7.022278308868408203e-01 3.388083875179290771e-01 -6.264930963516235352e-01 4.666605889797210693e-01
6.629987359046936035e-01 6.161519885063171387e-01 -4.249432086944580078e-01 -4.967372119426727295e-02 2.467103004455566406e-01 -7.159781455993652344e-01 -6.529887318611145020e-01 -2.954301834106445312e-01 -7.067349553108215332e-01 3.279737234115600586e-01 -6.267320513725280762e-01 4.695609211921691895e-01
6.629987359046936035e-01 6.161519885063171387e-01 -4.249432086944580078e-01 -4.967372119426727295e-02 2.467103004455566406e-01 -7.159781455993652344e-01 -6.529887318611145020e-01 -2.954301834106445312e-01 -7.067349553108215332e-01 3.279737234115600586e-01 -6.267320513725280762e-01 4.695609211921691895e-01
6.612872481346130371e-01 6.200768947601318359e-01 -4.220277070999145508e-01 -5.294206738471984863e-02 2.591995298862457275e-01 -7.172245979309082031e-01 -6.471173763275146484e-01 -2.882269024848937988e-01 -7.042596936225891113e-01 3.184149265289306641e-01 -6.348265409469604492e-01 4.858385622501373291e-01
6.637490391731262207e-01 6.172067523002624512e-01 -4.225760102272033691e-01 -5.824936926364898682e-02 2.577248811721801758e-01 -7.192118167877197266e-01 -6.453863978385925293e-01 -2.814328670501708984e-01 -7.020286917686462402e-01 3.195235133171081543e-01 -6.362364292144775391e-01 4.774713218212127686e-01
6.432493329048156738e-01 6.220207810401916504e-01 -4.468124508857727051e-01 -8.153115212917327881e-02 2.465439289808273315e-01 -7.205961346626281738e-01 -6.479915380477905273e-01 -2.889183163642883301e-01 -7.250170111656188965e-01 3.070783615112304688e-01 -6.170060634613037109e-01 4.907281696796417236e-01
6.552436947822570801e-01 6.216260790824890137e-01 -4.287102222442626953e-01 -8.263298869132995605e-02 2.564930915832519531e-01 -7.174439430236816406e-01 -6.476628184318542480e-01 -2.798750400543212891e-01 -7.104694247245788574e-01 3.146426677703857422e-01 -6.296329498291015625e-01 4.770107865333557129e-01
6.552436947822570801e-01 6.216260790824890137e-01 -4.287102222442626953e-01 -8.263298869132995605e-02 2.564930915832519531e-01 -7.174439430236816406e-01 -6.476628184318542480e-01 -2.798750400543212891e-01 -7.104694247245788574e-01 3.146426677703857422e-01 -6.296329498291015625e-01 4.770107865333557129e-01
6.517173647880554199e-01 6.163368225097656250e-01 -4.417720437049865723e-01 -1.001674532890319824e-01 2.358462959527969360e-01 -7.186088562011718750e-01 -6.544687151908874512e-01 -2.891227304935455322e-01 -7.208725214004516602e-01 3.222247660160064697e-01 -6.136149168014526367e-01 4.872015714645385742e-01
6.513972878456115723e-01 6.281647086143493652e-01 -4.254055619239807129e-01 -8.423401415348052979e-02 2.667792439460754395e-01 -7.150160670280456543e-01 -6.463529467582702637e-01 -2.909847497940063477e-01 -7.101181745529174805e-01 3.074695467948913574e-01 -6.330309510231018066e-01 4.885164797306060791e-01
6.455542445182800293e-01 6.389273405075073242e-01 -4.181289672851562500e-01 -9.910632669925689697e-02 2.752792537212371826e-01 -7.058073282241821289e-01 -6.528484821319580078e-01 -2.830035686492919922e-01 -7.120825648307800293e-01 3.062522411346435547e-01 -6.313688755035400391e-01 4.893196821212768555e-01
6.455542445182800293e-01 6.389273405075073242e-01 -4.181289672851562500e-01 -9.910632669925689697e-02 2.752792537212371826e-01 -7.058073282241821289e-01 -6.528484821319580078e-01 -2.830035686492919922e-01 -7.120825648307800293e-01 3.062522411346435547e-01 -6.313688755035400391e-01 4.893196821212768555e-01
6.426687836647033691e-01 6.389842033386230469e-01 -4.230863451957702637e-01 -1.120465323328971863e-01 2.690506577491760254e-01 -7.053765058517456055e-01 -6.559956073760986328e-01 -2.845292091369628906e-01 -7.173563241958618164e-01 3.076287508010864258e-01 -6.251580119132995605e-01 4.900501072406768799e-01
6.476767063140869141e-01 6.379088759422302246e-01 -4.168286025524139404e-01 -1.110344231128692627e-01 2.770828008651733398e-01 -7.061744928359985352e-01 -6.512319445610046387e-01 -2.839471697807312012e-01 -7.101253271102905273e-01 3.064003586769104004e-01 -6.343740224838256836e-01 4.832711517810821533e-01
6.635205745697021484e-01 6.248045563697814941e-01 -4.115377366542816162e-01 -1.183281168341636658e-01 2.772438824176788330e-01 -7.163423299789428711e-01 -6.404102444648742676e-01 -2.825675010681152344e-01 -6.952673792839050293e-01 3.106659650802612305e-01 -6.481496095657348633e-01 4.734734594821929932e-01
6.635205745697021484e-01 6.248045563697814941e-01 -4.115377366542816162e-01 -1.183281168341636658e-01 2.772438824176788330e-01 -7.163423299789428711e-01 -6.404102444648742676e-01 -2.825675010681152344e-01 -6.952673792839050293e-01 3.106659650802612305e-01 -6.481496095657348633e-01 4.734734594821929932e-01
6.602398157119750977e-01 6.328105926513671875e-01 -4.047411978244781494e-01 -1.137474626302719116e-01 2.834121882915496826e-01 -7.090168595314025879e-01 -6.458375453948974609e-01 -2.808341979980468750e-01 -6.956940293312072754e-01 3.117628097534179688e-01 -6.475723385810852051e-01 4.742683470249176025e-01
6.630833148956298828e-01 6.430385112762451172e-01 -3.838720321655273438e-01 -1.187944114208221436e-01 2.974626123905181885e-01 -6.963952779769897461e-01 -6.531622409820556641e-01 -2.849327325820922852e-01 -6.877227425575256348e-01 3.188019990921020508e-01 -6.526578664779663086e-01 4.670230150222778320e-01
6.630150079727172852e-01 6.388511061668395996e-01 -3.896944224834442139e-01 -1.265344917774200439e-01 2.840404808521270752e-01 -6.968264579772949219e-01 -6.585237979888916016e-01 -2.697176337242126465e-01 -6.923227310180664062e-01 3.260637521743774414e-01 -6.437540650367736816e-01 4.713397026062011719e-01
6.630150079727172852e-01 6.388511061668395996e-01 -3.896944224834442139e-01 -1.265344917774200439e-01 2.840404808521270752e-01 -6.968264579772949219e-01 -6.585237979888916016e-01 -2.697176337242126465e-01 -6.923227310180664062e-01 3.260637521743774414e-01 -6.437540650367736816e-01 4.713397026062011719e-01
6.700693368911743164e-01 6.276004314422607422e-01 -3.967725336551666260e-01 -1.247646212577819824e-01 2.668738067150115967e-01 -7.022798061370849609e-01 -6.602987051010131836e-01 -2.748194336891174316e-01 -6.930422782897949219e-01 3.364066481590270996e-01 -6.380026936531066895e-01 4.698078930377960205e-01
6.753047108650207520e-01 6.276568174362182617e-01 -3.878318071365356445e-01 -1.220598667860031128e-01 2.712855637073516846e-01 -7.001022100448608398e-01 -6.605259180068969727e-01 -2.869213819503784180e-01 -6.860718131065368652e-01 3.410565555095672607e-01 -6.429098248481750488e-01 4.605779945850372314e-01
6.839184761047363281e-01 6.212900280952453613e-01 -3.818285465240478516e-01 -1.134847551584243774e-01 2.607775032520294189e-01 -6.971043348312377930e-01 -6.679384708404541016e-01 -2.837620377540588379e-01 -6.810898184776306152e-01 3.573751449584960938e-01 -6.389902830123901367e-01 4.537615180015563965e-01
6.839184761047363281e-01 6.212900280952453613e-01 -3.818285465240478516e-01 -1.134847551584243774e-01 2.607775032520294189e-01 -6.971043348312377930e-01 -6.679384708404541016e-01 -2.837620377540588379e-01 -6.810898184776306152e-01 3.573751449584960938e-01 -6.389902830123901367e-01 4.537615180015563965e-01
7.001415491104125977e-01 6.114290356636047363e-01 -3.686498999595642090e-01 -1.102076768875122070e-01 2.590014934539794922e-01 -6.984345912933349609e-01 -6.669681072235107422e-01 -2.779051363468170166e-01 -6.653357148170471191e-01 3.715928792953491211e-01 -6.476787328720092773e-01 4.433712661266326904e-01
7.048584818840026855e-01 6.065102815628051758e-01 -3.674657344818115234e-01 -1.126660853624343872e-01 2.539478242397308350e-01 -6.997839808464050293e-01 -6.675827503204345703e-01 -2.764064669609069824e-01 -6.622093915939331055e-01 3.772289454936981201e-01 -6.478517651557922363e-01 4.404412508010864258e-01
7.067134380340576172e-01 6.101555228233337402e-01 -3.570103645324707031e-01 -1.220115870237350464e-01 2.586622238159179688e-01 -6.929562687873840332e-01 -6.729310750961303711e-01 -2.819864153861999512e-01 -6.579703688621520996e-01 3.831915855407714844e-01 -6.479972600936889648e-01 4.373965263366699219e-01
7.067134380340576172e-01 6.101555228233337402e-01 -3.570103645324707031e-01 -1.220115870237350464e-01 2.586622238159179688e-01 -6.929562687873840332e-01 -6.729310750961303711e-01 -2.819864153861999512e-01 -6.579703688621520996e-01 3.831915855407714844e-01 -6.479972600936889648e-01 4.373965263366699219e-01
