9.707434841283986149e-01 6.589942609876257851e-02 -2.308990119074924019e-01 9.092683451018193641e-02 -4.574965914091208563e-02 -8.932277552320649905e-01 -4.472707753626735117e-01 -1.311235980989572114e-01 -2.357202935498853569e-01 4.447487418971645678e-01 -8.640801469413738056e-01 2.016072551523669931e-01
9.706349401970473245e-01 6.697147411141152196e-02 -2.310468234881188632e-01 9.082330683956515993e-02 -4.425159720884252329e-02 -8.943649672116142924e-01 -4.451439128727920913e-01 -1.317951106852484622e-01 -2.364521289013392091e-01 4.422964261660095042e-01 -8.651382917348762192e-01 2.006043097061560587e-01
9.704876259886042744e-01 6.892494276539978815e-02 -2.310911507471754556e-01 9.084195787550342072e-02 -4.226853255618186200e-02 -8.948300869163956506e-01 -4.444012659910199226e-01 -1.329665342413438034e-01 -2.374176462041202029e-01 4.410538134925560128e-01 -8.655081705530630609e-01 2.003232376774601586e-01
9.704112111580324163e-01 6.914362913349816897e-02 -2.313465790385781373e-01 9.146587856718535470e-02 -4.158848950050646198e-02 -8.959409114190615142e-01 -4.422219788471167812e-01 -1.344130519746697394e-01 -2.378496971871720822e-01 4.387585209363741301e-01 -8.665555259198244320e-01 1.990421783987197379e-01
9.704274522129906488e-01 6.608014772429492145e-02 -2.321722940733830787e-01 9.345134668173554759e-02 -4.389429292985022601e-02 -8.974625749277118647e-01 -4.389011488302307917e-01 -1.348514568197619612e-01 -2.373685976993442637e-01 4.361127622881397770e-01 -8.680217786646081679e-01 1.970400207619347754e-01
9.697577501820815460e-01 6.008008846535405068e-02 -2.365592711774970602e-01 9.525865410528383537e-02 -5.084670647622015205e-02 -8.982319573473338536e-01 -4.365706835665674190e-01 -1.363268225248493726e-01 -2.387143022579380491e-01 4.353960638016085571e-01 -8.680125275298958831e-01 1.959052991770444674e-01
9.679540414177503216e-01 5.426224720161223342e-02 -2.451949881517012098e-01 9.382721820982178884e-02 -6.023961954053724810e-02 -8.976996567817272510e-01 -4.364705194232303409e-01 -1.419739006639526291e-01 -2.437953279067644752e-01 4.372538560452581269e-01 -8.656632736411776774e-01 1.967174475523542077e-01
9.664807246353183112e-01 5.127117356352431377e-02 -2.515676365070195208e-01 9.014820363878173204e-02 -6.477098337165965170e-02 -8.994692459569284537e-01 -4.321571423578668414e-01 -1.463863711278841351e-01 -2.484345562513942396e-01 4.339658312616646030e-01 -8.659988042624779947e-01 1.980192872794760417e-01
9.671663555263529943e-01 4.857832689178386010e-02 -2.494581863842777469e-01 8.876444394227087087e-02 -6.318366403082260885e-02 -9.047826453927024781e-01 -4.211605257444362982e-01 -1.474771595387798229e-01 -2.461647113152981015e-01 4.230939731033837026e-01 -8.720059770620030015e-01 1.968197793848801558e-01
9.685589299668152519e-01 4.409895224679329095e-02 -2.448446069751067378e-01 9.059432607244485847e-02 -6.240059607607662678e-02 -9.096415411320558642e-01 -4.106804501249089467e-01 -1.470154434778586372e-01 -2.408314031499848018e-01 4.130466667712938689e-01 -8.782896368396544418e-01 1.936855459771673615e-01
9.687237787571036929e-01 4.056737002790393454e-02 -2.448030407691926535e-01 9.336090637649416268e-02 -6.440938695249913415e-02 -9.116240192882819615e-01 -4.059471362490785218e-01 -1.474710855733681325e-01 -2.396365394040340102e-01 4.090182577159574562e-01 -8.804989454413858496e-01 1.912406035698119289e-01
9.687640656482280344e-01 4.058015252665275741e-02 -2.446414443203972500e-01 9.347414140566759344e-02 -6.452425975913311795e-02 -9.112921570785498249e-01 -4.066733629176096931e-01 -1.480922871389390161e-01 -2.394426965357572268e-01 4.097558485875348877e-01 -8.802086908100240636e-01 1.913452454920368528e-01
9.674003998282747485e-01 3.431003077657129863e-02 -2.509168950728996594e-01 9.456057940448447940e-02 -7.267342942331028732e-02 -9.115007960648261465e-01 -4.048269649603645770e-01 -1.524861122793949864e-01 -2.426005752712267483e-01 4.098647590058427936e-01 -8.792928069378359579e-01 1.915938256698201947e-01
9.649229140711129693e-01 3.228773357161872359e-02 -2.605403471199942977e-01 9.141433772874182906e-02 -7.637733397345841668e-02 -9.149585772008772544e-01 -3.962540924400924092e-01 -1.519816487024647500e-01 -2.511777721689476550e-01 4.022540304795736987e-01 -8.803984453986500869e-01 1.896053844924237564e-01
9.649196511711987112e-01 3.234180886446458292e-02 -2.605457232910228793e-01 9.141222063506679318e-02 -7.643809872031910591e-02 -9.147868890371739781e-01 -3.966385810285512625e-01 -1.522688947051263064e-01 -2.511718205907387813e-01 4.026399811412579299e-01 -8.802236996159817917e-01 1.897368540947267923e-01
9.634264507147999312e-01 4.211513097430918257e-02 -2.646427577462991954e-01 8.757242367688025664e-02 -6.768998117152824623e-02 -9.172994447880801205e-01 -3.924025912033196617e-01 -1.515168026454505878e-01 -2.592827408186796356e-01 3.959646993383805769e-01 -8.808997761163784856e-01 1.887348558568511525e-01
9.642744634126685366e-01 5.604707968000480905e-02 -2.589082543565618399e-01 8.825205893776935651e-02 -5.177536996367691768e-02 -9.186379237675673659e-01 -3.916933448020693542e-01 -1.566631272062759817e-01 -2.597962094045149217e-01 3.911049604848322314e-01 -8.829172327029328748e-01 1.873767804311339824e-01
9.642744634126685366e-01 5.604707968000480905e-02 -2.589082543565618399e-01 8.825205893776935651e-02 -5.177536996367691768e-02 -9.186379237675673659e-01 -3.916933448020693542e-01 -1.566631272062759817e-01 -2.597962094045149217e-01 3.911049604848322314e-01 -8.829172327029328748e-01 1.873767804311339824e-01
9.655138835595391544e-01 6.401958548437536312e-02 -2.523577489618296088e-01 9.155049669728820838e-02 -4.008943992541201540e-02 -9.211780178542108288e-01 -3.870709193402246395e-01 -1.602483883021455224e-01 -2.572465308626317726e-01 3.838392273075177941e-01 -8.868436561230204074e-01 1.836586956556154338e-01
9.656447765084840151e-01 6.755242811574746487e-02 -2.509319330911058965e-01 9.347409907623552283e-02 -3.455669388427124594e-02 -9.236653914359594930e-01 -3.816386766812125408e-01 -1.617952050880240578e-01 -2.575577614691333395e-01 3.771987726529315577e-01 -8.895982719035505637e-01 1.790764598969113996e-01
9.656447765084840151e-01 6.755242811574746487e-02 -2.509319330911058965e-01 9.347409907623552283e-02 -3.455669388427124594e-02 -9.236653914359594930e-01 -3.816386766812125408e-01 -1.617952050880240578e-01 -2.575577614691333395e-01 3.771987726529315577e-01 -8.895982719035505637e-01 1.790764598969113996e-01
9.650520779595455068e-01 7.213381690738826513e-02 -2.519349102521142858e-01 9.405793092727005034e-02 -3.020715332312355617e-02 -9.243420675140938680e-01 -3.803672823242210121e-01 -1.659969581845455733e-01 -2.603113796202192742e-01 3.746844727356877236e-01 -8.898592757501352368e-01 1.754317508393848923e-01
9.647326498118642402e-01 7.690104970709014942e-02 -2.517481740657846467e-01 9.340331040060867451e-02 -2.509433150277692870e-02 -9.251509742832555450e-01 -3.787689925889049514e-01 -1.695285828187467758e-01 -2.620328016912986113e-01 3.717282659794321487e-01 -8.905935704556525723e-01 1.710040593765792538e-01
9.647517875320759106e-01 7.688508818074892004e-02 -2.516797005738996562e-01 9.346739944686671686e-02 -2.488642517665335535e-02 -9.254288856875554359e-01 -3.781032179208387856e-01 -1.689716363565532675e-01 -2.619821641066421014e-01 3.710391633951045098e-01 -8.908957767063092614e-01 1.708190011432274003e-01
9.654817314680526064e-01 8.175707143722484027e-02 -2.473071113076636962e-01 9.462700977031077154e-02 -1.854224408813246947e-02 -9.254800411326408183e-01 -3.783422766103137214e-01 -1.709894325584255803e-01 -2.598099520552342723e-01 3.698681851520683739e-01 -8.920181129790790697e-01 1.649927030045123533e-01
9.654822272323075882e-01 8.175739388106068040e-02 -2.473050697010978349e-01 9.462847022144860176e-02 -1.854006973856411888e-02 -9.254815635422117825e-01 -3.783386597780410976e-01 -1.709875311855666713e-01 -2.598082654156233517e-01 3.698643051228815426e-01 -8.920202134464028099e-01 1.649869723884516692e-01
9.659751495828449164e-01 8.908678654779027262e-02 -2.428076499479111527e-01 9.657709122912891408e-02 -1.166064560273109493e-02 -9.228487804768670255e-01 -3.849859189316177099e-01 -1.775959291932893147e-01 -2.583719020282614354e-01 3.747181245831927576e-01 -8.904101793176683044e-01 1.622702122760799337e-01
9.665027940724771893e-01 9.550552298121380013e-02 -2.382247764815823010e-01 9.686627150235352368e-02 -4.276046636682018232e-03 -9.220659073451066279e-01 -3.870092737075474520e-01 -1.842430664038908206e-01 -2.566204677626979236e-01 3.750642046244890837e-01 -8.907708896976974655e-01 1.586189592781658275e-01
9.683976712621424898e-01 9.826491583399867003e-02 -2.292377727763561523e-01 9.705948177415069100e-02 3.272956050415047613e-03 -9.240434277169403687e-01 -3.822735028772679677e-01 -1.843134398347991421e-01 -2.493897309661275430e-01 3.694424847818330027e-01 -8.951631203035970152e-01 1.517588476077363357e-01
9.683976712621424898e-01 9.826491583399867003e-02 -2.292377727763561523e-01 9.705948177415069100e-02 3.272956050415047613e-03 -9.240434277169403687e-01 -3.822735028772679677e-01 -1.843134398347991421e-01 -2.493897309661275430e-01 3.694424847818330027e-01 -8.951631203035970152e-01 1.517588476077363357e-01
9.712572508532153481e-01 9.987650154277807890e-02 -2.160648908477517116e-01 1.010206451388021009e-01 9.068230403383694543e-03 -9.225793318184370984e-01 -3.857008471185051635e-01 -1.861498041856427532e-01 -2.378594539236534855e-01 3.726554181939100707e-01 -8.969675686489869681e-01 1.458318729420932935e-01
9.733003884364849201e-01 1.003476942838977259e-01 -2.064381122452200734e-01 1.073570831503846690e-01 1.093614863665151593e-02 -9.186267265172273211e-01 -3.949751112264806574e-01 -1.925743829322631162e-01 -2.292744088883595099e-01 3.821717913300830549e-01 -8.951971670372604883e-01 1.428004441293237170e-01
9.733003884364849201e-01 1.003476942838977259e-01 -2.064381122452200734e-01 1.073570831503846690e-01 1.093614863665151593e-02 -9.186267265172273211e-01 -3.949751112264806574e-01 -1.925743829322631162e-01 -2.292744088883595099e-01 3.821717913300830549e-01 -8.951971670372604883e-01 1.428004441293237170e-01
9.740892502516055318e-01 9.996340813346794862e-02 -2.028729889341309156e-01 1.105225509066855571e-01 1.123861342024180289e-02 -9.173038348588115065e-01 -3.980293565483251639e-01 -1.953936850509027379e-01 -2.258845416434863973e-01 3.854361064313521212e-01 -8.946592548407602541e-01 1.385089167511150687e-01
9.747913309888811551e-01 1.029175954233618878e-01 -1.979642130284660351e-01 1.133816200316523914e-01 1.469294237742050854e-02 -9.149445628168793032e-01 -4.033119946127531885e-01 -1.967893429884263745e-01 -2.226341808998608396e-01 3.902363592857483465e-01 -8.933921904548604020e-01 1.319684688028444908e-01
9.747913309888811551e-01 1.029175954233618878e-01 -1.979642130284660351e-01 1.133816200316523914e-01 1.469294237742050854e-02 -9.149445628168793032e-01 -4.033119946127531885e-01 -1.967893429884263745e-01 -2.226341808998608396e-01 3.902363592857483465e-01 -8.933921904548604020e-01 1.319684688028444908e-01
9.752537332530805125e-01 1.121751780947334298e-01 -1.905174143100912543e-01 1.185657367033223220e-01 2.325591355173345018e-02 -9.089931720544661697e-01 -4.161617177047450267e-01 -2.033486927929520627e-01 -2.198620436675900180e-01 4.014326122961187626e-01 -8.891077208068318694e-01 1.300042989273355043e-01
9.763419017705852188e-01 1.186623781740729494e-01 -1.807642964524110440e-01 1.260130468479284671e-01 3.197457212039205021e-02 -9.060096197318389111e-01 -4.220476227163991179e-01 -2.099720069449446669e-01 -2.138553660545251534e-01 4.062829175709313789e-01 -8.883693339114422383e-01 1.270869372508752482e-01
9.763419017705852188e-01 1.186623781740729494e-01 -1.807642964524110440e-01 1.260130468479284671e-01 3.197457212039205021e-02 -9.060096197318389111e-01 -4.220476227163991179e-01 -2.099720069449446669e-01 -2.138553660545251534e-01 4.062829175709313789e-01 -8.883693339114422383e-01 1.270869372508752482e-01
9.780887410367828938e-01 1.196619151109160617e-01 -1.703626741683732237e-01 1.365600478477181356e-01 3.799659478394009499e-02 -9.071699935883905663e-01 -4.190451785473146007e-01 -2.109033972412361901e-01 -2.046916545624170025e-01 4.033901696264570180e-01 -8.918395022240815928e-01 1.201769941598723884e-01
9.797775992948054569e-01 1.147187451129221408e-01 -1.639373827469949307e-01 1.497969893003885111e-01 3.513606018503849515e-02 -9.052315239172725736e-01 -4.234635114919039767e-01 -2.150250151252735553e-01 -1.969804893875604368e-01 4.091399489292469882e-01 -8.909563340325249436e-01 1.128870144996031999e-01
9.796566551212873009e-01 1.081913040100691004e-01 -1.690191698995509306e-01 1.606806184014546723e-01 2.567485774784838623e-02 -9.028782309963094832e-01 -4.291290032489052386e-01 -2.187741207257437870e-01 -1.990317556421484502e-01 4.160595407947492719e-01 -8.872884641062498412e-01 1.076358498776413958e-01
9.796566551212873009e-01 1.081913040100691004e-01 -1.690191698995509306e-01 1.606806184014546723e-01 2.567485774784838623e-02 -9.028782309963094832e-01 -4.291290032489052386e-01 -2.187741207257437870e-01 -1.990317556421484502e-01 4.160595407947492719e-01 -8.872884641062498412e-01 1.076358498776413958e-01
9.785921463224392935e-01 1.043219771692417835e-01 -1.774100796466611951e-01 1.694936588221316598e-01 1.762164032689992471e-02 -9.013182183815161563e-01 -4.327989708197964025e-01 -2.221373263837189693e-01 -2.050533807606884640e-01 4.204074171927129067e-01 -8.838612541756029062e-01 1.017672096792979347e-01
9.771423654252942015e-01 1.076257824606196151e-01 -1.833289083218922200e-01 1.768458741251992261e-01 1.738876896067229408e-02 -8.999500527299492125e-01 -4.356461099177673102e-01 -2.227911417644848902e-01 -2.118736142187217231e-01 4.225004062980070030e-01 -8.812508031583367041e-01 9.475997630057581000e-02
9.771423654252942015e-01 1.076257824606196151e-01 -1.833289083218922200e-01 1.768458741251992261e-01 1.738876896067229408e-02 -8.999500527299492125e-01 -4.356461099177673102e-01 -2.227911417644848902e-01 -2.118736142187217231e-01 4.225004062980070030e-01 -8.812508031583367041e-01 9.475997630057581000e-02
9.761899944274737839e-01 1.155577743066494578e-01 -1.835742232705123711e-01 1.865624644134050714e-01 2.315347942177770069e-02 -8.969608864413851634e-01 -4.415032084811231772e-01 -2.268555480286792714e-01 -2.156780265539879338e-01 4.267406325870920503e-01 -8.782798073307794828e-01 8.916596910328333792e-02
9.764165740078185607e-01 1.196748176074911851e-01 -1.796903222567253766e-01 1.970644367931920216e-01 2.802195235266993767e-02 -8.955142610155394367e-01 -4.441497239245084105e-01 -2.327024480174494647e-01 -2.140687837134819527e-01 4.286398781046542039e-01 -8.777484888011500841e-01 8.415186112428707510e-02
9.764165740078185607e-01 1.196748176074911851e-01 -1.796903222567253766e-01 1.970644367931920216e-01 2.802195235266993767e-02 -8.955142610155394367e-01 -4.441497239245084105e-01 -2.327024480174494647e-01 -2.140687837134819527e-01 4.286398781046542039e-01 -8.777484888011500841e-01 8.415186112428707510e-02
9.772265414330539857e-01 1.205278057230234345e-01 -1.746463127253120862e-01 2.121772609106968299e-01 3.231100285758756185e-02 -8.979525138095778569e-01 -4.389046366061588600e-01 -2.340106172348589697e-01 -2.097243089489502499e-01 4.232662625118374100e-01 -8.813974038131107136e-01 7.744775399573300412e-02
9.762176590880493610e-01 1.187596824791315175e-01 -1.813703936877171241e-01 2.247443771674934587e-01 2.830849868926267263e-02 -8.992745205427047361e-01 -4.364675975586080336e-01 -2.372527238513547077e-01 -2.149365276893946963e-01 4.209530527562367341e-01 -8.812495757185700995e-01 6.992418223121590892e-02
9.738562668892737362e-01 1.169151441815470815e-01 -1.947686328144019319e-01 2.383649506311216193e-01 2.116537301011055250e-02 -9.003575993398829080e-01 -4.346357310081684355e-01 -2.373983861496609671e-01 -2.261769182568048597e-01 4.191503796184458119e-01 -8.792934432514372123e-01 6.338539352599137366e-02
9.738571661268710100e-01 1.169565322068058799e-01 -1.947392861423015431e-01 2.383798682362877064e-01 2.127410015598818482e-02 -9.004629819786037492e-01 -4.344120519042817263e-01 -2.372523306764600104e-01 -2.261628454234402286e-01 4.189123867252929623e-01 -8.794104728087550615e-01 6.307067108018393764e-02
9.696922965276543183e-01 1.252581800484305063e-01 -2.097790229417379471e-01 2.429561406676582491e-01 2.148042147696508156e-02 -8.989715218042577671e-01 -4.374800509465776588e-01 -2.416079523067213575e-01 -2.433833223490302067e-01 4.197148934943557008e-01 -8.744163579691450749e-01 5.805702058011799616e-02
9.678508712970910199e-01 1.321404683653994716e-01 -2.140177266730865779e-01 2.448815925587333742e-01 2.630414051909347323e-02 -8.993906681602701347e-01 -4.363536606459275102e-01 -2.425143123728712991e-01 -2.501455236042561259e-01 4.166957181964701662e-01 -8.739518833327477587e-01 4.907776502458397611e-02
9.694058909804991186e-01 1.368658014055274541e-01 -2.037644985192816338e-01 2.570015475664866322e-01 3.399876855202933756e-02 -8.969878449855718250e-01 -4.407458329583463508e-01 -2.440098277611471300e-01 -2.430973101965538119e-01 4.203338648376051534e-01 -8.741985698049381526e-01 4.331424485641411498e-02
9.694058909804991186e-01 1.368658014055274541e-01 -2.037644985192816338e-01 2.570015475664866322e-01 3.399876855202933756e-02 -8.969878449855718250e-01 -4.407458329583463508e-01 -2.440098277611471300e-01 -2.430973101965538119e-01 4.203338648376051534e-01 -8.741985698049381526e-01 4.331424485641411498e-02
9.716443175267898136e-01 1.352703041964000985e-01 -1.939310832346991809e-01 2.806651355062645958e-01 3.690018887039728940e-02 -8.968880212610865765e-01 -4.407156152420564910e-01 -2.426053467203341252e-01 -2.335502007926697488e-01 4.210627296044217038e-01 -8.764476490783748019e-01 3.550678923801910830e-02
9.688004704311178328e-01 1.355092553747639927e-01 -2.075159991382310165e-01 2.973858916853045486e-01 2.856237094058885692e-02 -8.927575127874970429e-01 -4.496311962139982188e-01 -2.503514894852399975e-01 -2.461906563759996280e-01 4.296757653378041053e-01 -8.687743640940879253e-01 2.883916333808504706e-02
9.632947480480482660e-01 1.335794346853396430e-01 -2.328513751706035861e-01 3.125856331337034111e-01 1.447834307290667491e-02 -8.919951389910704131e-01 -4.518130688581366017e-01 -2.533643111159317729e-01 -2.680552291804053078e-01 4.318578541967960094e-01 -8.611882415744821495e-01 2.586862022232463976e-02
9.633152780111182700e-01 1.335409270018044214e-01 -2.327885226258722129e-01 3.128449836699644937e-01 1.459818396292512921e-02 -8.921987077953563716e-01 -4.514070891549863407e-01 -2.528031933761807903e-01 -2.679749398978965025e-01 4.314490560333232860e-01 -8.614181012046243646e-01 2.601085559047344037e-02
9.544428983033774738e-01 1.335365628129372151e-01 -2.668459109726632472e-01 3.115897766329002727e-01 3.187001014331065918e-04 -8.947305351426082520e-01 -4.466062782240241003e-01 -2.578497081770866339e-01 -2.983934520795210044e-01 4.261751467517114200e-01 -8.540117632831352168e-01 2.432239803388734634e-02
9.491149418983138020e-01 1.392833586428862680e-01 -2.824552581228093051e-01 3.159502773584675905e-01 2.549804091615537338e-04 -8.972225833165703435e-01 -4.415784987714063137e-01 -2.605966061320371119e-01 -3.149297728508946292e-01 4.190367305943785148e-01 -8.516028745775341413e-01 1.751723248850641651e-02
9.491242717844072807e-01 1.392748648699586866e-01 -2.824280959193569140e-01 3.159636076533360316e-01 2.672591969837684323e-04 -8.972327921619527302e-01 -4.415577497250091632e-01 -2.605847644223951431e-01 -3.149016448076210617e-01 4.190176963010866507e-01 -8.516226429273887621e-01 1.748469536436958460e-02
9.468564436218103175e-01 1.473300613250286273e-01 -2.859313364158913018e-01 3.338201696403328422e-01 8.875676190495472573e-03 -9.005626341838085525e-01 -4.346356699413770897e-01 -2.559562545342619067e-01 -3.215339771157400550e-01 4.089997510009752424e-01 -8.540111868911279824e-01 7.080007206984484380e-03
9.413471825767872891e-01 1.555147728475936852e-01 -2.994672557753911835e-01 3.482789178956262610e-01 8.756487829510030407e-03 -8.984283116014928350e-01 -4.390329063232508711e-01 -2.610519188781886823e-01 -3.373259636854861188e-01 4.106601080455379860e-01 -8.470947230889676050e-01 -7.599876926555199086e-04
9.414255560076921769e-01 1.555336998071320254e-01 -2.992109441370593981e-01 3.483869965230890209e-01 8.931596053839280236e-03 -8.984738234796527667e-01 -4.389362291010641126e-01 -2.610277836309595201e-01 -3.371025771637583546e-01 4.105533518438513330e-01 -8.472353831549620518e-01 -1.160771574807678563e-03
9.344392390853037966e-01 1.575207768817632470e-01 -3.193908504447864338e-01 3.599486771778108718e-01 -3.078716869160252889e-04 -8.964987754062855307e-01 -4.430461069738219071e-01 -2.649261445863284603e-01 -3.561224728584181376e-01 4.140979988734276307e-01 -8.376751372214177316e-01 -5.783070838548898251e-03
9.265573397016388935e-01 1.636263424983182002e-01 -3.387003322451556664e-01 3.680683962293933575e-01 -5.655757984683144890e-03 -8.942690603500846880e-01 -4.474939765992236307e-01 -2.716116492934774751e-01 -3.761110307261579244e-01 4.165444353984256720e-01 -8.276661306011956487e-01 -1.199496059186976049e-02
9.154907973838913859e-01 1.725757505195728569e-01 -3.634476701566825563e-01 3.651060969802305545e-01 -9.931189514455110445e-03 -8.933690418098906294e-01 -4.492138975735336381e-01 -2.763900779971445454e-01 -4.022163225020585209e-01 4.148606567962743186e-01 -8.161572540122483677e-01 -1.739048937589467159e-02
9.130531356961332223e-01 1.815886657004374682e-01 -3.651842341436535855e-01 3.659845603674522496e-01 -6.026508839101475667e-03 -8.893042601452129103e-01 -4.572762972859014674e-01 -2.817347667859871896e-01 -4.077960882593593128e-01 4.197183426403116591e-01 -8.108876977684067455e-01 -2.181604483198922029e-02
9.130441234496630143e-01 1.815767953955458314e-01 -3.652126741340976368e-01 3.659724063171533870e-01 -6.046626329887797024e-03 -8.893100325845610943e-01 -4.572648085640300675e-01 -2.817180833890713387e-01 -4.078159735356509108e-01 4.197112511091346532e-01 -8.108813720759692201e-01 -2.179629507185872062e-02
9.176777600504735233e-01 1.841257013665698050e-01 -3.520869994911329792e-01 3.821284141491700925e-01 -9.650212392100718239e-04 -8.851070445734742220e-01 -4.653864939032483772e-01 -2.828208805686865945e-01 -3.973242980734046359e-01 4.274146067951631878e-01 -8.120653648295008686e-01 -2.425074429137467902e-02
9.191709751487053826e-01 1.844561930929770333e-01 -3.479951613602900728e-01 3.997686765576450307e-01 -2.722599527330768487e-04 -8.832554092983975202e-01 -4.688921077767932433e-01 -2.822632895031518263e-01 -3.938586616392808493e-01 4.310867613081016403e-01 -8.118125157609900056e-01 -3.176081619713325144e-02
9.191691421626274616e-01 1.844671537828781460e-01 -3.479941895633753557e-01 3.997779506289357299e-01 -2.639402084997494180e-04 -8.832524496754987631e-01 -4.688976853745883688e-01 -2.822664535240327899e-01 -3.938629421044596568e-01 4.310881326191330354e-01 -8.118097082743850335e-01 -3.175320464074014859e-02
9.132828933948515804e-01 1.901204071595755662e-01 -3.602340749392327068e-01 4.110425666562276259e-01 -4.490638400660766638e-03 -8.796346083657068382e-01 -4.756288374647991701e-01 -2.856935731032932413e-01 -4.073011074203356507e-01 4.360013620888121277e-01 -8.025014781720974932e-01 -3.268447517920768097e-02
9.065496727175728076e-01 1.951231996857102358e-01 -3.742921688742989472e-01 4.191463291640770139e-01 -8.133367229381877062e-03 -8.785003072555079839e-01 -4.776725430376166370e-01 -2.911801514939827973e-01 -4.220207803841493632e-01 4.360781431892817861e-01 -7.948171573958279224e-01 -3.242689072914788084e-02
9.064619497408860083e-01 1.952244548168076965e-01 -3.744517963368350078e-01 4.189535298335535507e-01 -8.198046762750280103e-03 -8.784199293400309916e-01 -4.778192347975396270e-01 -2.913439262186278134e-01 -4.222079197985406651e-01 4.361947288646951248e-01 -7.946537825248556342e-01 -3.231517098731774562e-02
9.009927216948366846e-01 1.942745538697787655e-01 -3.879039996426908443e-01 4.299462564129876152e-01 -1.290876818174801349e-02 -8.817283529918534812e-01 -4.715808256153755096e-01 -2.914230387834151337e-01 -4.336421092623918838e-01 4.298982543435930781e-01 -7.919229833886648473e-01 -3.762656560945924766e-02
8.914226257764665817e-01 1.990629336236573454e-01 -4.071113467302883704e-01 4.331351890263174798e-01 -1.784512112019369379e-02 -8.822414925776808081e-01 -4.704588178798568832e-01 -2.957307497161016374e-01 -4.528214348209933515e-01 4.266425857785774989e-01 -7.828977257992698613e-01 -4.292840750255411120e-02
8.842149198769277962e-01 2.059962278617847031e-01 -4.192010627141844470e-01 4.401037489806519099e-01 -1.763010038005667635e-02 -8.821336345917873967e-01 -4.706691310843622023e-01 -2.961766652195008120e-01 -4.667474225235463958e-01 4.235632250251152864e-01 -7.763639868026154245e-01 -4.534441067391856151e-02
8.842149198769277962e-01 2.059962278617847031e-01 -4.192010627141844470e-01 4.401037489806519099e-01 -1.763010038005667635e-02 -8.821336345917873967e-01 -4.706691310843622023e-01 -2.961766652195008120e-01 -4.667474225235463958e-01 4.235632250251152864e-01 -7.763639868026154245e-01 -4.534441067391856151e-02
8.785627385204274331e-01 2.163087135911349879e-01 -4.258380601299966983e-01 4.461698138866405650e-01 -1.353219059862094398e-02 -8.799395521739288295e-01 -4.748928970524557980e-01 -3.006093167966069624e-01 -4.774352237293170154e-01 4.229857257253176184e-01 -7.701549720160550949e-01 -4.481955025633134471e-02
8.762331495367765566e-01 2.223528963274043757e-01 -4.275215246709864747e-01 4.561185958397828144e-01 -8.493794997025197469e-03 -8.799171036390852629e-01 -4.750513075490683246e-01 -3.031564249476372819e-01 -4.818125362009990642e-01 4.198869831137074238e-01 -7.691239152971000026e-01 -4.619352974856676119e-02
8.762700812943188255e-01 2.223987761395204710e-01 -4.274219528550433633e-01 4.561671718914036555e-01 -8.445870215473050280e-03 -8.798721081906698549e-01 -4.751354954963186161e-01 -3.032705591909702347e-01 -4.817462077902507356e-01 4.199569691060544008e-01 -7.691272527430708106e-01 -4.628574246319173968e-02
8.721925558927682287e-01 2.259437416793446118e-01 -4.338543231368808817e-01 4.664811256510198456e-01 -7.250137333794468009e-03 -8.808640553547518737e-01 -4.733137992777902148e-01 -3.074739485735270561e-01 -4.891089690340029161e-01 4.159662761686879762e-01 -7.666449485351830573e-01 -4.849179517439176912e-02
8.686491936965328176e-01 2.259793938375687372e-01 -4.408876172836015961e-01 4.726429025488727564e-01 -6.590604712992789715e-03 -8.845636224983259854e-01 -4.663729852805552634e-01 -3.068087975209701779e-01 -4.953838324466947052e-01 4.080202335196875252e-01 -7.668861366377692779e-01 -4.960709357192848168e-02
8.686491936965328176e-01 2.259793938375687372e-01 -4.408876172836015961e-01 4.726429025488727564e-01 -6.590604712992789715e-03 -8.845636224983259854e-01 -4.663729852805552634e-01 -3.068087975209701779e-01 -4.953838324466947052e-01 4.080202335196875252e-01 -7.668861366377692779e-01 -4.960709357192848168e-02
8.690620581487268348e-01 2.270581226994578261e-01 -4.395176324340172580e-01 4.784976381016083913e-01 -3.085180936563125531e-03 -8.859424580980077568e-01 -4.637849103067194223e-01 -3.091216278832683573e-01 -4.946934626109383837e-01 4.044138602971130703e-01 -7.692384605781907858e-01 -5.059065814298539798e-02
8.709655667947284741e-01 2.263868734878588529e-01 -4.360825150417972917e-01 4.864599860600447023e-01 -1.673284152964443772e-04 -8.873931440323505893e-01 -4.610134251444821807e-01 -3.108008960128804121e-01 -4.913440225278775664e-01 4.015997873278934760e-01 -7.728509919945067974e-01 -5.530255595908305233e-02
8.690114929105490216e-01 2.304127140017852016e-01 -4.378687123574256379e-01 4.938616861746291109e-01 2.799935197269384779e-03 -8.872311153416037044e-01 -4.613167125773527388e-01 -3.157877966824622629e-01 -4.947839815104109196e-01 3.996635215516107231e-01 -7.716591765922480306e-01 -5.654308816922525016e-02
8.690124410930890608e-01 2.304570039881945198e-01 -4.378435180065564647e-01 4.938655321005346321e-01 2.845266853752179137e-03 -8.872202606769906685e-01 -4.613373097918690435e-01 -3.157912874704577599e-01 -4.947820544521624453e-01 3.996620800547409091e-01 -7.716611562099568999e-01 -5.654013925964217202e-02
8.661149067677937907e-01 2.334983226706504045e-01 -4.419541859740360179e-01 5.001189235081071605e-01 7.154047043662403738e-03 -8.898828240952374458e-01 -4.561330718921023930e-01 -3.159101799644665753e-01 -4.997937462469990155e-01 3.919018921522189891e-01 -7.724112371510347685e-01 -5.984673019378357328e-02
8.623599680587384908e-01 2.364842869177330442e-01 -4.476722796990406650e-01 5.048698341133058820e-01 7.832225563424013992e-03 -8.903365208407683085e-01 -4.552356934866101934e-01 -3.198077960835769007e-01 -5.062350681033590538e-01 3.890707682361893571e-01 -7.696427717902806220e-01 -6.681749968110285709e-02
8.623599680587384908e-01 2.364842869177330442e-01 -4.476722796990406650e-01 5.048698341133058820e-01 7.832225563424013992e-03 -8.903365208407683085e-01 -4.552356934866101934e-01 -3.198077960835769007e-01 -5.062350681033590538e-01 3.890707682361893571e-01 -7.696427717902806220e-01 -6.681749968110285709e-02
8.574297437322623283e-01 2.427935781811094429e-01 -4.537240465116725296e-01 5.109561631895629397e-01 8.900589358468713463e-03 -8.885657283122270211e-01 -4.586629756559864601e-01 -3.209747146136880946e-01 -5.145240631267191667e-01 3.892328658165314370e-01 -7.640436908273730010e-01 -6.838903630052288463e-02
8.574297437322623283e-01 2.427935781811094429e-01 -4.537240465116725296e-01 5.109561631895629397e-01 8.900589358468713463e-03 -8.885657283122270211e-01 -4.586629756559864601e-01 -3.209747146136880946e-01 -5.145240631267191667e-01 3.892328658165314370e-01 -7.640436908273730010e-01 -6.838903630052288463e-02
8.529123209588451715e-01 2.523876654546928777e-01 -4.569912881525856063e-01 5.172459196796883596e-01 1.445770382383096408e-02 -8.864549576136531162e-01 -4.625889994954215378e-01 -3.241397192237484570e-01 -5.218539507859345505e-01 3.879408122140786119e-01 -7.597173015646582206e-01 -6.768703053504974976e-02
8.487968859332915006e-01 2.614058535020133966e-01 -4.595767848779402920e-01 5.238509617016351427e-01 2.244391015895381980e-02 -8.862575645700035976e-01 -4.626486774760592002e-01 -3.273014741953584883e-01 -5.282424750499205013e-01 3.823800556627965364e-01 -7.581196308685320684e-01 -7.040343100114952735e-02
8.441028679859267081e-01 2.674275478095488046e-01 -4.647287955680482474e-01 5.296893659176018510e-01 2.681498430704933045e-02 -8.867086711294889234e-01 -4.615503101196604674e-01 -3.295604472320904366e-01 -5.355103205422115931e-01 3.771342448267221981e-01 -7.556443980042728548e-01 -7.514290256760917941e-02
8.441063235421514266e-01 2.674160094353238426e-01 -4.647291519158152640e-01 5.296890818597943529e-01 2.679957848148530053e-02 -8.867068628352138271e-01 -4.615546771175438323e-01 -3.295651481416862483e-01 -5.355056391001014049e-01 3.771466746484145593e-01 -7.556415070984946469e-01 -7.514886896197793542e-02
8.397849632736605896e-01 2.728202690746684422e-01 -4.693935684949844811e-01 5.354889955965348447e-01 2.826394048963962180e-02 -8.853700569296689693e-01 -4.640269533890279408e-01 -3.322665764632295460e-01 -5.421829680999145085e-01 3.764159473379153908e-01 -7.512314360354149789e-01 -7.905567164067951735e-02
8.397905014664500678e-01 2.728033185536479777e-01 -4.693935112237638263e-01 5.354916568034826518e-01 2.824660347712068531e-02 -8.853709758515382333e-01 -4.640262555937392230e-01 -3.322684137985126851e-01 -5.421752929308274460e-01 3.764260705919723060e-01 -7.512319024568865355e-01 -7.905091304988830225e-02
8.365875884639425442e-01 2.786617789876354445e-01 -4.716660130051333888e-01 5.406828339011824358e-01 3.161523426612423970e-02 -8.840893334520143476e-01 -4.662472836362857587e-01 -3.322138259360378765e-01 -5.469201876531628592e-01 3.751448608580939537e-01 -7.484281200805609213e-01 -8.126776542615397891e-02
8.350865191335978821e-01 2.874019974101315045e-01 -4.690741919512464997e-01 5.446902513576942217e-01 3.872431964578926245e-02 -8.812739518051008192e-01 -4.710166121983824228e-01 -3.322999241530183445e-01 -5.487539819764392091e-01 3.751750442128801155e-01 -7.470694436183366038e-01 -8.347772263930146319e-02
8.350843458347662063e-01 2.873940173804917508e-01 -4.690829556308364623e-01 5.446923695273439003e-01 3.871558670570979244e-02 -8.812774870568391705e-01 -4.710107169992862053e-01 -3.322956844960712752e-01 -5.487579099133714777e-01 3.751728558171084082e-01 -7.470676611967264069e-01 -8.347040788767660924e-02
8.363934915029429540e-01 2.953828102729033622e-01 -4.617303662076075454e-01 5.524689320615020494e-01 4.520700182653818178e-02 -8.766784043155183559e-01 -4.789481233426722828e-01 -3.379539271467523198e-01 -5.462620821474972743e-01 3.797156496649822799e-01 -7.466014816878364657e-01 -8.227096065465276664e-02
8.363997858794725015e-01 2.954044675815038490e-01 -4.617051040186624933e-01 5.524927549515530334e-01 4.522799236652877419e-02 -8.766659899953932467e-01 -4.789688632720503492e-01 -3.379694466070280456e-01 -5.462507035283090673e-01 3.797274608358296444e-01 -7.466037967647416451e-01 -8.227110647776432473e-02
8.372462687484067967e-01 2.966533994459554235e-01 -4.593641770398225743e-01 5.613046922008284589e-01 4.712206434870373772e-02 -8.760712508932583242e-01 -4.798736028757549232e-01 -3.453095805482512271e-01 -5.447918846351385014e-01 3.801261954395971365e-01 -7.474663064025504067e-01 -8.358209240490575842e-02
8.341742757290819821e-01 2.942406750744917532e-01 -4.664501071869616711e-01 5.662885294088229049e-01 4.791033737722662222e-02 -8.812485066962914004e-01 -4.702187458249667551e-01 -3.476035885980001683e-01 -5.494159416563917375e-01 3.698965996434895320e-01 -7.492120048677797239e-01 -8.523961515239229791e-02
8.341926447335755723e-01 2.941880949881043317e-01 -4.664504259098694039e-01 5.662858351854428429e-01 4.785653330737249522e-02 -8.812528183586174624e-01 -4.702161453096497246e-01 -3.475989630744029113e-01 -5.493927440122499117e-01 3.699281503763930390e-01 -7.492134411376907277e-01 -8.526953999807020124e-02
8.311451331712992330e-01 2.949308847052364291e-01 -4.713953185517296141e-01 5.688868758693547134e-01 5.271208634483150191e-02 -8.857207887153608628e-01 -4.612159165647513603e-01 -3.486449503023101304e-01 -5.535514509958915363e-01 3.584891349820873985e-01 -7.517089444478157745e-01 -8.885820777041968099e-02
8.302846098500011873e-01 2.982290365546556021e-01 -4.708363842415157485e-01 5.714279221086758787e-01 6.108158572235782013e-02 -8.883946926563413005e-01 -4.549988002508427165e-01 -3.481662693631987215e-01 -5.539823996137061002e-01 3.490190664773707985e-01 -7.558367443004613273e-01 -9.526108427486061625e-02
8.302846098500011873e-01 2.982290365546556021e-01 -4.708363842415157485e-01 5.714279221086758787e-01 6.108158572235782013e-02 -8.883946926563413005e-01 -4.549988002508427165e-01 -3.481662693631987215e-01 -5.539823996137061002e-01 3.490190664773707985e-01 -7.558367443004613273e-01 -9.526108427486061625e-02
8.309078423598186269e-01 3.015714731211066035e-01 -4.675968276469217311e-01 5.706559189867106419e-01 6.819708006473185202e-02 -8.892429534276795611e-01 -4.523230323875958581e-01 -3.427988090360887252e-01 -5.522149085574707961e-01 3.439500137951544967e-01 -7.594452392767701010e-01 -9.667763771941755013e-02
8.363381965985726696e-01 3.101306638663880455e-01 -4.520590602801402014e-01 5.704110504505744972e-01 7.582814084939140664e-02 -8.821193179626926062e-01 -4.648823532970824401e-01 -3.507991911075603042e-01 -5.429443025192568495e-01 3.545200713823245531e-01 -7.612667109283559608e-01 -9.700194082682285501e-02
8.362998370509017176e-01 3.102162223149137477e-01 -4.520713300917500455e-01 5.703413726666530792e-01 7.577653558888901297e-02 -8.820233826918328912e-01 -4.650727595123679281e-01 -3.510479754353768023e-01 -5.430105969091644225e-01 3.546838764482493911e-01 -7.611431201742284713e-01 -9.694462748959374598e-02
8.443078857343752075e-01 3.195560967625008519e-01 -4.301489156514345380e-01 5.743549661548252860e-01 9.198713346865038110e-02 -8.772448962767642744e-01 -4.711472778698888586e-01 -3.528405372161455000e-01 -5.279039270256215000e-01 3.582251946181446711e-01 -7.700598341613604791e-01 -9.627396582465007346e-02
8.515009303273491925e-01 3.321675566627730336e-01 -4.057226605077379755e-01 5.793442995222735092e-01 1.114656052009323217e-01 -8.707398945765151277e-01 -4.789441029740824640e-01 -3.565960092425844996e-01 -5.123685997243985213e-01 3.625972264299995862e-01 -7.784610887816082458e-01 -9.780552384273992483e-02
8.514846639561721720e-01 3.321760347576630523e-01 -4.057498591160295653e-01 5.793167499941432874e-01 1.114543486915961640e-01 -8.707355097852457204e-01 -4.789546949714856838e-01 -3.566156305279798433e-01 -5.123980820131641689e-01 3.625999909407320865e-01 -7.784403967716028161e-01 -9.780752787168466023e-02
8.636164187696261374e-01 3.322712822309848990e-01 -3.791602334537186869e-01 5.888274130772110926e-01 1.204521059445498726e-01 -8.662887567574679704e-01 -4.848041699355926104e-01 -3.638142579712948521e-01 -4.895487486234529340e-01 3.730141947561538274e-01 -7.881639673585321137e-01 -9.663374650961518986e-02
8.636565355755874140e-01 3.322573427474700414e-01 -3.790810428528151865e-01 5.889343080824468446e-01 1.205440214386141878e-01 -8.663375239063633160e-01 -4.846941601375719944e-01 -3.636237894749708710e-01 -4.894553284499950641e-01 3.729133222811695791e-01 -7.882697039123409688e-01 -9.657605062418921082e-02
8.761653498355299607e-01 3.210526980330880575e-01 -3.595266850219842603e-01 5.905372971721870590e-01 1.207764650785859151e-01 -8.683231718718327219e-01 -4.810695485834194374e-01 -3.644316886966197933e-01 -4.666340304112888138e-01 3.780741043971828086e-01 -7.995702882606759987e-01 -9.974810521075731795e-02
8.938722663239925259e-01 3.019049297084247518e-01 -3.314299147229367026e-01 6.003398715341106140e-01 1.153456214363015042e-01 -8.692513029070191299e-01 -4.807260782407379307e-01 -3.580100932185282803e-01 -4.332294567343568104e-01 3.914787208760119874e-01 -8.118230425609763712e-01 -1.032616035455022202e-01
8.938572028104618816e-01 3.019564135643834080e-01 -3.314236327710347596e-01 6.003484902784388400e-01 1.153652588549832353e-01 -8.692141104891475401e-01 -4.807886090147736602e-01 -3.580970477523200968e-01 -4.332553025710116357e-01 3.915215876576237930e-01 -8.117885736108516603e-01 -1.032745653328034502e-01
9.059179996440158700e-01 2.842133734981384108e-01 -3.139033801730048978e-01 6.036250856721979696e-01 9.768793276715967422e-02 -8.615684965977373766e-01 -4.981533798086047460e-01 -3.667698503217010075e-01 -4.120311179082901676e-01 4.206215394441366051e-01 -8.082746274538668008e-01 -1.017303952942525264e-01
9.179141921593441111e-01 2.673934241393404188e-01 -2.931455128396081022e-01 6.072100724911104752e-01 8.819112486223579239e-02 -8.578252190431513435e-01 -5.063182972093747125e-01 -3.722556018133995059e-01 -3.868537974630203435e-01 4.389039178926396056e-01 -8.109916701379807913e-01 -9.551613221589334846e-02
9.179195201170564644e-01 2.674116278279891068e-01 -2.931122188723148114e-01 6.072284028388507116e-01 8.821416408879818871e-02 -8.578094723260091259e-01 -5.063409592206370435e-01 -3.722833452296957502e-01 -3.868358997246391651e-01 4.389235997317436633e-01 -8.109895535716077353e-01 -9.552831351185668562e-02
9.315802251536448031e-01 2.462891678661821571e-01 -2.673947087168678793e-01 6.147354701960343615e-01 8.035552838725568137e-02 -8.568493871656783778e-01 -5.092662538592147570e-01 -3.746247703719896016e-01 -3.545437539136462313e-01 4.529357284689953245e-01 -8.180146410915686284e-01 -9.727963364629570175e-02
9.315750418763936169e-01 2.463034261023868687e-01 -2.673996337314212823e-01 6.147293474424972981e-01 8.035598602174669203e-02 -8.568354276111492807e-01 -5.092896682992217317e-01 -3.746496006700638093e-01 -3.545572693338312487e-01 4.529543830339159971e-01 -8.179984538259799098e-01 -9.727625484580097737e-02
