9.910894036293029785e-01 6.170579791069030762e-02 1.199597418308258057e-01 -1.172497868537902832e-04 1.183576136827468872e-01 -8.240246176719665527e-01 -5.538532733917236328e-01 -5.625839233398437500e-01 6.471496820449829102e-02 5.628945827484130859e-01 -8.236942887306213379e-01 4.448246359825134277e-01
9.908092021942138672e-01 6.096426397562026978e-02 1.208117455244064331e-01 -9.915195405483245850e-04 1.184002012014389038e-01 -8.222957849502563477e-01 -5.562888383865356445e-01 -5.635389685630798340e-01 6.538771092891693115e-02 5.655776262283325195e-01 -8.216077685356140137e-01 4.470794200897216797e-01
9.909640550613403320e-01 5.976155400276184082e-02 1.194106116890907288e-01 -2.917610108852386475e-03 1.167135834693908691e-01 -8.228355050086975098e-01 -5.565063357353210449e-01 -5.631204247474670410e-01 6.496767699718475342e-02 5.658161044120788574e-01 -8.219356536865234375e-01 4.464532732963562012e-01
9.914467930793762207e-01 5.817942321300506592e-02 1.193718314170837402e-01 -3.771331161260604858e-03 1.155077815055847168e-01 -8.217098116874694824e-01 -5.578463077545166016e-01 -5.631425976753234863e-01 6.566435843706130981e-02 5.666102170944213867e-01 -8.213458061218261719e-01 4.465171694755554199e-01
9.905731678009033203e-01 6.051790341734886169e-02 1.214482337236404419e-01 -1.849479973316192627e-03 1.185350269079208374e-01 -8.219775557518005371e-01 -5.574356913566589355e-01 -5.629549026489257812e-01 6.608942151069641113e-02 5.666235089302062988e-01 -8.209893107414245605e-01 4.468030929565429688e-01
9.908204078674316406e-01 6.066110730171203613e-02 1.216888129711151123e-01 -1.951396465301513672e-03 1.187086030840873718e-01 -8.221371173858642578e-01 -5.564746260643005371e-01 -5.622475147247314453e-01 6.627018749713897705e-02 5.659096837043762207e-01 -8.217583894729614258e-01 4.462341964244842529e-01
9.902059435844421387e-01 6.478189677000045776e-02 1.266971826553344727e-01 7.619231939315795898e-03 1.253958344459533691e-01 -8.182435631752014160e-01 -5.613122582435607910e-01 -5.636061429977416992e-01 6.726852059364318848e-02 5.716071128845214844e-01 -8.175979852676391602e-01 4.521916508674621582e-01
9.903333783149719238e-01 6.335496902465820312e-02 1.241266429424285889e-01 4.859495908021926880e-03 1.225110366940498352e-01 -8.195515275001525879e-01 -5.596188306808471680e-01 -5.537657141685485840e-01 6.625892221927642822e-02 5.692138671875000000e-01 -8.191255927085876465e-01 4.462835788726806641e-01
9.901055693626403809e-01 6.185996532440185547e-02 1.249772310256958008e-01 6.033796817064285278e-03 1.223116070032119751e-01 -8.149299621582031250e-01 -5.667206048965454102e-01 -5.629446506500244141e-01 6.679850816726684570e-02 5.768609046936035156e-01 -8.140080571174621582e-01 4.514363110065460205e-01
9.906322360038757324e-01 5.767930299043655396e-02 1.227093636989593506e-01 2.568826079368591309e-03 1.177967637777328491e-01 -8.142862915992736816e-01 -5.682726502418518066e-01 -5.631722807884216309e-01 6.712031364440917969e-02 5.774090290069580078e-01 -8.138350248336791992e-01 4.499669075012207031e-01
9.903066754341125488e-01 5.062673240900039673e-02 1.264676153659820557e-01 7.948484271764755249e-03 1.143606305122375488e-01 -8.124488592147827148e-01 -5.719615817070007324e-01 -5.627961158752441406e-01 7.379090785980224609e-02 5.810439586639404297e-01 -8.105130195617675781e-01 4.553467035293579102e-01
9.907987713813781738e-01 4.846712946891784668e-02 1.254654824733734131e-01 9.042717516422271729e-03 1.120849847793579102e-01 -8.134205937385559082e-01 -5.707486271858215332e-01 -5.601755380630493164e-01 7.439568638801574707e-02 5.794525146484375000e-01 -8.116645812988281250e-01 4.558643102645874023e-01
9.909622669219970703e-01 4.892283678054809570e-02 1.280984580516815186e-01 1.106201857328414917e-02 1.140721589326858521e-01 -8.121881484985351562e-01 -5.724394321441650391e-01 -5.687761306762695312e-01 7.601678371429443359e-02 5.814274549484252930e-01 -8.102449178695678711e-01 4.665324687957763672e-01
9.902645945549011230e-01 4.945755004882812500e-02 1.307054460048675537e-01 2.072459086775779724e-02 1.157823652029037476e-01 -8.131956458091735840e-01 -5.706584453582763672e-01 -5.674486756324768066e-01 7.809409499168395996e-02 5.797845125198364258e-01 -8.108307123184204102e-01 4.677897095680236816e-01
9.902719855308532715e-01 4.905289784073829651e-02 1.322824805974960327e-01 2.234981209039688110e-02 1.166846454143524170e-01 -8.121613860130310059e-01 -5.718386173248291016e-01 -5.665592551231384277e-01 7.930620014667510986e-02 5.814669728279113770e-01 -8.099502325057983398e-01 4.680749177932739258e-01
9.897515773773193359e-01 4.410046339035034180e-02 1.332240998744964600e-01 2.472876757383346558e-02 1.135850250720977783e-01 -8.098405003547668457e-01 -5.759215354919433594e-01 -5.676017999649047852e-01 8.248590677976608276e-02 5.852771997451782227e-01 -8.065593838691711426e-01 4.687947034835815430e-01
9.902806878089904785e-01 4.201304912567138672e-02 1.338098049163818359e-01 2.604538202285766602e-02 1.125316470861434937e-01 -8.078178167343139648e-01 -5.784258246421813965e-01 -5.611064434051513672e-01 8.374431729316711426e-02 5.878240466117858887e-01 -8.045526742935180664e-01 4.786199331283569336e-01
9.890519976615905762e-01 4.079473018646240234e-02 1.389789730310440063e-01 4.280180484056472778e-02 1.155182123184204102e-01 -8.012501001358032227e-01 -5.866844654083251953e-01 -5.732946991920471191e-01 8.734244108200073242e-02 5.963419675827026367e-01 -7.977982163429260254e-01 4.875972867012023926e-01
9.908432364463806152e-01 3.598785400390625000e-02 1.292126625776290894e-01 2.755947783589363098e-02 1.057035326957702637e-01 -8.047047257423400879e-01 -5.840736031532287598e-01 -5.587072372436523438e-01 8.338844776153564453e-02 5.920671224594116211e-01 -8.013372421264648438e-01 4.901719987392425537e-01
9.915326833724975586e-01 3.196048736572265625e-02 1.272579431533813477e-01 2.741531282663345337e-02 1.009822487831115723e-01 -8.047686815261840820e-01 -5.846691131591796875e-01 -5.550724864006042480e-01 8.400082588195800781e-02 5.925145149230957031e-01 -8.008266687393188477e-01 4.960588812828063965e-01
9.923141002655029297e-01 2.990007400512695312e-02 1.226863861083984375e-01 2.717829868197441101e-02 9.661787748336791992e-02 -8.056955337524414062e-01 -5.842285156250000000e-01 -5.498462319374084473e-01 8.158957958221435547e-02 5.912284851074218750e-01 -8.022557497024536133e-01 5.006427764892578125e-01
9.906338453292846680e-01 3.159269690513610840e-02 1.331768333911895752e-01 5.055191367864608765e-02 1.054631620645523071e-01 -7.958231568336486816e-01 -5.965152382850646973e-01 -5.685331225395202637e-01 8.698124438524246216e-02 6.045771837234497070e-01 -7.914786338806152344e-01 5.137897133827209473e-01
9.911735057830810547e-01 2.703335881233215332e-02 1.314946711063385010e-01 5.335811153054237366e-02 1.009144783020019531e-01 -7.955402731895446777e-01 -5.974665880203247070e-01 -5.649654865264892578e-01 8.822023868560791016e-02 6.057019829750061035e-01 -7.908169627189636230e-01 5.162971615791320801e-01
9.908740520477294922e-01 2.458071708679199219e-02 1.318413913249969482e-01 5.870629474520683289e-02 1.007826328277587891e-01 -7.876310348510742188e-01 -6.074928045272827148e-01 -5.746000409126281738e-01 8.843851089477539062e-02 6.153550148010253906e-01 -7.832619547843933105e-01 5.344228744506835938e-01
9.907818436622619629e-01 2.224433422088623047e-02 1.328678280115127563e-01 6.379166245460510254e-02 9.944862127304077148e-02 -7.879885435104370117e-01 -6.073584556579589844e-01 -5.678125619888305664e-01 9.116047620773315430e-02 6.149130463600158691e-01 -7.831593751907348633e-01 5.364881157875061035e-01
9.915933609008789062e-01 2.424746751785278320e-02 1.250519156455993652e-01 6.683053076267242432e-02 9.734801948070526123e-02 -7.789028882980346680e-01 -6.196076869964599609e-01 -5.591087341308593750e-01 8.211737871170043945e-02 6.264047026634216309e-01 -7.751569747924804688e-01 5.564827919006347656e-01
9.922782778739929199e-01 2.639770507812500000e-02 1.228665858507156372e-01 7.071375846862792969e-02 9.803286194801330566e-02 -7.766652703285217285e-01 -6.219834685325622559e-01 -5.569062232971191406e-01 7.882973551750183105e-02 6.292102336883544922e-01 -7.728391885757446289e-01 5.637490153312683105e-01
9.920138716697692871e-01 3.163818269968032837e-02 1.220253407955169678e-01 8.194321393966674805e-02 1.020369529724121094e-01 -7.719324231147766113e-01 -6.275018453598022461e-01 -5.524607300758361816e-01 7.434618473052978516e-02 6.346493959426879883e-01 -7.691929340362548828e-01 5.722920298576354980e-01
9.928412437438964844e-01 3.511919081211090088e-02 1.158805489540100098e-01 8.798815310001373291e-02 1.012865602970123291e-01 -7.667843699455261230e-01 -6.340326070785522461e-01 -5.501294732093811035e-01 6.663206219673156738e-02 6.408616900444030762e-01 -7.648066878318786621e-01 5.811375379562377930e-01
9.924240112304687500e-01 4.448509216308593750e-02 1.122210472822189331e-01 9.907867759466171265e-02 1.060298085212707520e-01 -7.599160671234130859e-01 -6.408718824386596680e-01 -5.537822246551513672e-01 5.671763420104980469e-02 6.480302810668945312e-01 -7.593830227851867676e-01 5.968776345252990723e-01
9.933364391326904297e-01 4.349470138549804688e-02 1.079421937465667725e-01 1.095360368490219116e-01 1.027500033378601074e-01 -7.562669515609741211e-01 -6.459797620773315430e-01 -5.629045367240905762e-01 5.405887961387634277e-02 6.527051329612731934e-01 -7.560876011848449707e-01 6.093405485153198242e-01
9.941515326499938965e-01 4.790607094764709473e-02 9.688514471054077148e-02 1.151202321052551270e-01 1.000641286373138428e-01 -7.538741827011108398e-01 -6.494339108467102051e-01 -5.603900551795959473e-01 4.186943173408508301e-02 6.557139158248901367e-01 -7.538650631904602051e-01 6.230508089065551758e-01
9.939838051795959473e-01 5.257084965705871582e-02 9.490311890840530396e-02 1.222788766026496887e-01 1.021512448787689209e-01 -7.464122176170349121e-01 -6.575531363487243652e-01 -5.612279176712036133e-01 3.651843965053558350e-02 6.636598110198974609e-01 -7.475724220275878906e-01 6.368453502655029297e-01
9.950984120368957520e-01 5.149772763252258301e-02 8.581386506557464600e-02 1.228796839714050293e-01 9.585380554199218750e-02 -7.442665100097656250e-01 -6.610272526741027832e-01 -5.580931305885314941e-01 2.978408336639404297e-02 6.655790805816650391e-01 -7.458516955375671387e-01 6.404454708099365234e-01
9.954527616500854492e-01 5.652591586112976074e-02 7.745139300823211670e-02 1.292096078395843506e-01 9.364843368530273438e-02 -7.405128479003906250e-01 -6.657123565673828125e-01 -5.581541657447814941e-01 1.971983909606933594e-02 6.699543595314025879e-01 -7.421780824661254883e-01 6.486484408378601074e-01
9.952000975608825684e-01 6.402943283319473267e-02 7.296282798051834106e-02 1.406897157430648804e-01 9.651848673820495605e-02 -7.342283129692077637e-01 -6.720562577247619629e-01 -5.620481371879577637e-01 1.043778657913208008e-02 6.756883263587951660e-01 -7.366803884506225586e-01 6.712548136711120605e-01
9.959282279014587402e-01 6.881988048553466797e-02 6.477695703506469727e-02 1.446818560361862183e-01 9.469407796859741211e-02 -7.322677373886108398e-01 -6.738869547843933105e-01 -5.605524778366088867e-01 9.943321347236633301e-04 6.770390272140502930e-01 -7.355701327323913574e-01 6.739827394485473633e-01
9.958133101463317871e-01 7.739925384521484375e-02 5.330890417098999023e-02 1.439698636531829834e-01 9.299004077911376953e-02 -7.300569415092468262e-01 -6.767978668212890625e-01 -5.491481423377990723e-01 -1.344341784715652466e-02 6.788715124130249023e-01 -7.346138954162597656e-01 6.886767148971557617e-01
9.961435794830322266e-01 7.848173379898071289e-02 4.412537813186645508e-02 1.502144336700439453e-01 8.728076517581939697e-02 -7.204345464706420898e-01 -6.875637173652648926e-01 -5.668737292289733887e-01 -2.222561836242675781e-02 6.886665821075439453e-01 -7.246202230453491211e-01 7.088033556938171387e-01
9.953840970993041992e-01 8.379450440406799316e-02 4.228129982948303223e-02 1.624795943498611450e-01 8.967427909374237061e-02 -7.206646800041198730e-01 -6.872730255126953125e-01 -5.588107109069824219e-01 -2.702841162681579590e-02 6.880232095718383789e-01 -7.252587676048278809e-01 7.213799357414245605e-01
9.961621761322021484e-01 7.906463742256164551e-02 3.136208653450012207e-02 1.617986112833023071e-01 7.901945710182189941e-02 -7.251994013786315918e-01 -6.841117143630981445e-01 -5.602062940597534180e-01 -3.122329711914062500e-02 6.844290494918823242e-01 -7.285715937614440918e-01 7.284011840820312500e-01
9.967866539955139160e-01 7.584266364574432373e-02 2.672421932220458984e-02 1.672167330980300903e-01 7.336688041687011719e-02 -7.213221192359924316e-01 -6.884521842002868652e-01 -5.632734894752502441e-01 -3.273367881774902344e-02 6.881961226463317871e-01 -7.244024872779846191e-01 7.416847944259643555e-01
9.968196153640747070e-01 7.777234911918640137e-02 2.180576324462890625e-02 1.756013482809066772e-01 7.085150480270385742e-02 -7.185479998588562012e-01 -6.918495297431945801e-01 -5.707843303680419922e-01 -3.834521770477294922e-02 6.912727952003479004e-01 -7.216100692749023438e-01 7.497501969337463379e-01
9.967324733734130859e-01 8.062475919723510742e-02 1.933336257934570312e-02 1.828769445419311523e-01 7.150751352310180664e-02 -7.158794999122619629e-01 -6.951270103454589844e-01 -5.743690133094787598e-01 -4.197216033935546875e-02 6.938405632972717285e-01 -7.191109657287597656e-01 7.621573805809020996e-01
9.967150688171386719e-01 7.923245429992675781e-02 1.415133476257324219e-02 1.833437383174896240e-01 6.703367829322814941e-02 -7.172120809555053711e-01 -6.933046579360961914e-01 -5.683461427688598633e-01 -4.491326212882995605e-02 6.920375227928161621e-01 -7.203996181488037109e-01 7.620192766189575195e-01
9.968675374984741211e-01 7.860952615737915039e-02 1.179525256156921387e-02 1.900439113378524780e-01 6.451624631881713867e-02 -7.137336134910583496e-01 -6.976353526115417480e-01 -5.674585700035095215e-01 -4.624164104461669922e-02 6.960853934288024902e-01 -7.166815996170043945e-01 7.691187858581542969e-01
9.971207380294799805e-01 7.484370470046997070e-02 8.573949337005615234e-03 1.926404833793640137e-01 5.963414907455444336e-02 -7.130950093269348145e-01 -6.987545490264892578e-01 -5.671657919883728027e-01 -4.627287387847900391e-02 6.968485116958618164e-01 -7.156496047973632812e-01 7.716235518455505371e-01
9.969643354415893555e-01 7.386368513107299805e-02 1.103687286376953125e-02 1.963911503553390503e-01 5.998378992080688477e-02 -7.008998394012451172e-01 -7.105575203895568848e-01 -5.763429403305053711e-01 -4.454410076141357422e-02 7.092621326446533203e-01 -7.032599449157714844e-01 8.007684946060180664e-01
9.978681802749633789e-01 6.427010893821716309e-02 1.588118076324462891e-02 2.043041288852691650e-01 5.650609731674194336e-02 -6.979987621307373047e-01 -7.136968374252319336e-01 -5.740119218826293945e-01 -3.497585654258728027e-02 7.134630084037780762e-01 -7.002468109130859375e-01 8.069134354591369629e-01
9.980573654174804688e-01 6.034409999847412109e-02 1.054275035858154297e-02 1.992337852716445923e-01 4.932531714439392090e-02 -6.886992454528808594e-01 -7.231007814407348633e-01 -5.814152956008911133e-01 -3.651508688926696777e-02 7.220931053161621094e-01 -6.904224753379821777e-01 8.139904737472534180e-01
9.979813098907470703e-01 6.076496839523315430e-02 1.443278789520263672e-02 2.072577774524688721e-01 5.227595567703247070e-02 -6.835591197013854980e-01 -7.283833026885986328e-01 -5.786817073822021484e-01 -3.426873683929443359e-02 7.275180816650390625e-01 -6.851352453231811523e-01 8.220489025115966797e-01
9.982714056968688965e-01 5.902349948883056641e-02 2.125418186187744141e-02 2.209797948598861694e-01 5.595311522483825684e-02 -6.823638081550598145e-01 -7.290960550308227539e-01 -5.666155815124511719e-01 -2.824896574020385742e-02 7.290099859237670898e-01 -6.841206550598144531e-01 8.275901079177856445e-01
9.985055327415466309e-01 5.206471681594848633e-02 2.026578783988952637e-02 2.291483581066131592e-01 5.046151578426361084e-02 -6.797972917556762695e-01 -7.318650484085083008e-01 -5.576881766319274902e-01 -2.440454065799713135e-02 7.319239377975463867e-01 -6.812755465507507324e-01 8.393228650093078613e-01
9.988195896148681641e-01 5.073606967926025391e-02 1.291513442993164062e-02 2.268785238265991211e-01 4.386830329895019531e-02 -6.785646080970764160e-01 -7.326489090919494629e-01 -5.598743557929992676e-01 -2.893741428852081299e-02 7.323300838470458984e-01 -6.803790330886840820e-01 8.421567678451538086e-01
9.989560246467590332e-01 3.895761817693710327e-02 1.412804424762725830e-02 2.272550910711288452e-01 3.679987788200378418e-02 -6.769496202468872070e-01 -7.354078292846679688e-01 -5.692976713180541992e-01 -1.907043159008026123e-02 7.351384162902832031e-01 -6.774703860282897949e-01 8.536981940269470215e-01
9.994506835937500000e-01 3.209713101387023926e-02 1.468791067600250244e-02 2.296760380268096924e-01 3.248853236436843872e-02 -6.760302186012268066e-01 -7.362773418426513672e-01 -5.722982287406921387e-01 -1.382873952388763428e-02 7.359364032745361328e-01 -6.767978668212890625e-01 8.575477004051208496e-01
9.995447397232055664e-01 3.130005300045013428e-02 1.458089053630828857e-02 2.334436923265457153e-01 3.193876147270202637e-02 -6.699461340904235840e-01 -7.414113879203796387e-01 -5.731272697448730469e-01 -1.283076405525207520e-02 7.415530681610107422e-01 -6.706736087799072266e-01 8.693549633026123047e-01
9.995218515396118164e-01 2.624088525772094727e-02 2.121990919113159180e-02 2.462047487497329712e-01 3.349021077156066895e-02 -6.672055721282958984e-01 -7.443964481353759766e-01 -5.683152675628662109e-01 -5.098387598991394043e-03 7.448731660842895508e-01 -6.674789190292358398e-01 8.821947574615478516e-01
9.998540878295898438e-01 1.288014650344848633e-02 2.634859085083007812e-02 2.561444640159606934e-01 2.838933467864990234e-02 -6.628111600875854492e-01 -7.482017278671264648e-01 -5.837228298187255859e-01 7.730722427368164062e-03 7.488852739334106445e-01 -6.629598140716552734e-01 8.912568092346191406e-01
1.000099062919616699e+00 9.353160858154296875e-03 2.654051780700683594e-02 2.581110000610351562e-01 2.611684799194335938e-02 -6.679370403289794922e-01 -7.434212565422058105e-01 -5.752057433128356934e-01 1.058535277843475342e-02 7.438015937805175781e-01 -6.682398319244384766e-01 8.949124813079833984e-01
9.999147057533264160e-01 -1.440227031707763672e-03 2.358028292655944824e-02 2.598886787891387939e-01 1.641234755516052246e-02 -6.752473115921020508e-01 -7.378394603729248047e-01 -5.754646658897399902e-01 1.701128482818603516e-02 7.378153800964355469e-01 -6.746313571929931641e-01 8.934580683708190918e-01
9.996067285537719727e-01 -4.137933254241943359e-03 2.347987890243530273e-02 2.603454589843750000e-01 1.449704170227050781e-02 -6.759040951728820801e-01 -7.372781038284301758e-01 -5.795201659202575684e-01 1.891291141510009766e-02 7.372965216636657715e-01 -6.751229763031005859e-01 8.984969854354858398e-01
9.993454217910766602e-01 -1.211702823638916016e-02 2.897036075592041016e-02 2.657945156097412109e-01 1.309573650360107422e-02 -6.764352321624755859e-01 -7.359120845794677734e-01 -5.822345018386840820e-01 2.843141555786132812e-02 7.360949516296386719e-01 -6.764483451843261719e-01 9.040299654006958008e-01
9.987123012542724609e-01 -2.263081073760986328e-02 4.431998729705810547e-02 2.866357564926147461e-01 1.726403832435607910e-02 -6.776032447814941406e-01 -7.350646257400512695e-01 -5.795881152153015137e-01 4.658520221710205078e-02 7.347116470336914062e-01 -6.765271425247192383e-01 9.140700101852416992e-01
9.982621669769287109e-01 -3.273093700408935547e-02 4.983723163604736328e-02 2.979751527309417725e-01 1.405829191207885742e-02 -6.852781772613525391e-01 -7.281738519668579102e-01 -5.725907683372497559e-01 5.809783935546875000e-02 7.275080680847167969e-01 -6.841397881507873535e-01 9.080966711044311523e-01
9.977142810821533203e-01 -4.130253195762634277e-02 5.354198813438415527e-02 3.075788617134094238e-01 1.122379302978515625e-02 -6.796604990959167480e-01 -7.334757447242736816e-01 -5.876507759094238281e-01 6.672710180282592773e-02 7.321073412895202637e-01 -6.779584288597106934e-01 9.209913611412048340e-01
9.968939423561096191e-01 -5.241020023822784424e-02 5.625140666961669922e-02 3.122897744178771973e-01 4.515171051025390625e-03 -6.905691623687744141e-01 -7.235431075096130371e-01 -5.783650279045104980e-01 7.667624950408935547e-02 7.212422490119934082e-01 -6.882939934730529785e-01 9.134600162506103516e-01
9.964839816093444824e-01 -6.207269430160522461e-02 6.107044219970703125e-02 3.217871487140655518e-01 1.376092433929443359e-03 -6.909168958663940430e-01 -7.230903506278991699e-01 -5.794814229011535645e-01 8.693325519561767578e-02 7.203301191329956055e-01 -6.879780292510986328e-01 9.224192500114440918e-01
9.955046176910400391e-01 -6.518173217773437500e-02 6.772935390472412109e-02 3.371161222457885742e-01 3.646492958068847656e-03 -6.929783821105957031e-01 -7.208465933799743652e-01 -5.778342485427856445e-01 9.394839406013488770e-02 7.181282043457031250e-01 -6.893653273582458496e-01 9.260854721069335938e-01
9.934599399566650391e-01 -8.226472139358520508e-02 7.763114571571350098e-02 3.566455543041229248e-01 -1.908451318740844727e-03 -6.985642910003662109e-01 -7.156012058258056641e-01 -5.736508965492248535e-01 1.131555140018463135e-01 7.108159065246582031e-01 -6.939246058464050293e-01 9.309004545211791992e-01
9.929384589195251465e-01 -8.568795770406723022e-02 8.114825189113616943e-02 3.682417869567871094e-01 -2.756178379058837891e-03 -7.039363980293273926e-01 -7.101227641105651855e-01 -5.667781829833984375e-01 1.180277466773986816e-01 7.051841616630554199e-01 -6.994350552558898926e-01 9.291357994079589844e-01
9.916428327560424805e-01 -9.655126929283142090e-02 8.696874231100082397e-02 3.777632117271423340e-01 -6.406605243682861328e-03 -7.044756412506103516e-01 -7.096799015998840332e-01 -5.715569257736206055e-01 1.297629475593566895e-01 7.030689716339111328e-01 -6.989362835884094238e-01 9.309670329093933105e-01
9.898546934127807617e-01 -1.067895516753196716e-01 9.424885362386703491e-02 3.943700194358825684e-01 -7.713615894317626953e-03 -7.009976506233215332e-01 -7.132033109664916992e-01 -5.790609121322631836e-01 1.420578360557556152e-01 7.048805356025695801e-01 -6.946277022361755371e-01 9.357677698135375977e-01
9.890772104263305664e-01 -1.107541918754577637e-01 9.611892700195312500e-02 4.008896648883819580e-01 -1.084053516387939453e-02 -7.086470127105712891e-01 -7.055232524871826172e-01 -5.708643794059753418e-01 1.462825536727905273e-01 6.966236233711242676e-01 -7.023262381553649902e-01 9.317790269851684570e-01
9.878264665603637695e-01 -1.104811728000640869e-01 1.094221174716949463e-01 4.140338897705078125e-01 -2.036631107330322266e-03 -7.130521535873413086e-01 -7.015677690505981445e-01 -5.581779479980468750e-01 1.554127931594848633e-01 6.929800510406494141e-01 -7.044745087623596191e-01 9.370286464691162109e-01
9.863353371620178223e-01 -1.204655766487121582e-01 1.141837239265441895e-01 4.243525266647338867e-01 -6.095588207244873047e-03 -7.136333584785461426e-01 -7.009052634239196777e-01 -5.656046271324157715e-01 1.659214496612548828e-01 6.904618740081787109e-01 -7.037730813026428223e-01 9.356995820999145508e-01
9.849656820297241211e-01 -1.257928311824798584e-01 1.184465885162353516e-01 4.337754547595977783e-01 -6.878376007080078125e-03 -7.132740020751953125e-01 -7.007173299789428711e-01 -5.722548961639404297e-01 1.729890704154968262e-01 6.896364688873291016e-01 -7.035699486732482910e-01 9.371600747108459473e-01
9.830909371376037598e-01 -1.299900114536285400e-01 1.301431059837341309e-01 4.531692862510681152e-01 -1.532703638076782227e-03 -7.141055464744567871e-01 -7.004430294036865234e-01 -5.698704123497009277e-01 1.840052604675292969e-01 6.882660388946533203e-01 -7.018753886222839355e-01 9.403611421585083008e-01
9.809393286705017090e-01 -1.316250115633010864e-01 1.449327170848846436e-01 4.726001918315887451e-01 8.193969726562500000e-03 -7.116744518280029297e-01 -7.025012969970703125e-01 -5.746234655380249023e-01 1.955893635749816895e-01 6.899856925010681152e-01 -6.972018480300903320e-01 9.413465261459350586e-01
9.782649278640747070e-01 -1.375313997268676758e-01 1.527785658836364746e-01 4.847396016120910645e-01 8.728981018066406250e-03 -7.150691747665405273e-01 -6.990590095520019531e-01 -5.723981857299804688e-01 2.054213285446166992e-01 6.857542991638183594e-01 -6.981390118598937988e-01 9.436697959899902344e-01
9.768518209457397461e-01 -1.425937414169311523e-01 1.587773561477661133e-01 4.998700022697448730e-01 8.367568254470825195e-03 -7.181630730628967285e-01 -6.954659819602966309e-01 -5.701342821121215820e-01 2.133510112762451172e-01 6.809993982315063477e-01 -7.004799842834472656e-01 9.358499050140380859e-01
9.755370616912841797e-01 -1.481794714927673340e-01 1.616965532302856445e-01 5.063911676406860352e-01 5.785197019577026367e-03 -7.194650173187255859e-01 -6.949350833892822266e-01 -5.674719810485839844e-01 2.189072370529174805e-01 6.787812709808349609e-01 -7.008361816406250000e-01 9.366426467895507812e-01
9.769592881202697754e-01 -1.426345109939575195e-01 1.597602367401123047e-01 5.042722225189208984e-01 8.890897035598754883e-03 -7.179834246635437012e-01 -6.957347989082336426e-01 -5.721982717514038086e-01 2.137123346328735352e-01 6.808992624282836914e-01 -7.000176906585693359e-01 9.323846101760864258e-01
9.747151136398315430e-01 -1.444752514362335205e-01 1.709390282630920410e-01 5.243993997573852539e-01 1.478585600852966309e-02 -7.205184698104858398e-01 -6.931993365287780762e-01 -5.642570257186889648e-01 2.232313156127929688e-01 6.783070564270019531e-01 -6.998049020767211914e-01 9.333280920982360840e-01
9.732099771499633789e-01 -1.514111757278442383e-01 1.704190373420715332e-01 5.268090367317199707e-01 8.800148963928222656e-03 -7.217952013015747070e-01 -6.917889118194580078e-01 -5.609430074691772461e-01 2.280480265617370605e-01 6.751655340194702148e-01 -7.017065286636352539e-01 9.299397468566894531e-01
9.722210764884948730e-01 -1.539838612079620361e-01 1.761957406997680664e-01 5.395277738571166992e-01 1.090377569198608398e-02 -7.224190831184387207e-01 -6.916083097457885742e-01 -5.496430993080139160e-01 2.336969375610351562e-01 6.741244792938232422e-01 -7.007961273193359375e-01 9.402394890785217285e-01
9.694506525993347168e-01 -1.548316031694412231e-01 1.886726021766662598e-01 5.579434633255004883e-01 1.914262771606445312e-02 -7.222137451171875000e-01 -6.917645931243896484e-01 -5.481961965560913086e-01 2.435916364192962646e-01 6.744011044502258301e-01 -6.970841884613037109e-01 9.476757645606994629e-01
9.694395065307617188e-01 -1.549254655838012695e-01 1.890419125556945801e-01 5.633652806282043457e-01 1.882755756378173828e-02 -7.241297364234924316e-01 -6.895864009857177734e-01 -5.464650988578796387e-01 2.438365817070007324e-01 6.721941232681274414e-01 -6.988852620124816895e-01 9.491353034973144531e-01
9.693510532379150391e-01 -1.518425345420837402e-01 1.924632191658020020e-01 5.729867815971374512e-01 2.275198698043823242e-02 -7.265030145645141602e-01 -6.869377493858337402e-01 -5.500330328941345215e-01 2.443655431270599365e-01 6.703546047210693359e-01 -7.008510828018188477e-01 9.449682831764221191e-01
9.676130414009094238e-01 -1.573058962821960449e-01 1.973328888416290283e-01 5.906438231468200684e-01 2.029055356979370117e-02 -7.312057018280029297e-01 -6.816161870956420898e-01 -5.484452247619628906e-01 2.515971660614013672e-01 6.639201641082763672e-01 -7.043917179107666016e-01 9.478473067283630371e-01
9.680401086807250977e-01 -1.587281227111816406e-01 1.935491561889648438e-01 5.894623398780822754e-01 1.504299044609069824e-02 -7.346109747886657715e-01 -6.780799627304077148e-01 -5.457975268363952637e-01 2.496545165777206421e-01 6.593283414840698242e-01 -7.086763381958007812e-01 9.406099319458007812e-01
9.678156375885009766e-01 -1.578416526317596436e-01 1.963327974081039429e-01 5.918115973472595215e-01 1.746153086423873901e-02 -7.357494831085205078e-01 -6.776089072227478027e-01 -5.414793491363525391e-01 2.510670721530914307e-01 6.589675545692443848e-01 -7.089226841926574707e-01 9.458600282669067383e-01
9.669519066810607910e-01 -1.628532856702804565e-01 1.956875175237655640e-01 5.968050360679626465e-01 1.209944486618041992e-02 -7.385262846946716309e-01 -6.739054322242736816e-01 -5.483081340789794922e-01 2.541732788085937500e-01 6.540739536285400391e-01 -7.120355963706970215e-01 9.420703649520874023e-01
9.669892787933349609e-01 -1.576969623565673828e-01 2.011003494262695312e-01 6.084639430046081543e-01 2.110300958156585693e-02 -7.355972528457641602e-01 -6.773532629013061523e-01 -5.481860041618347168e-01 2.547851800918579102e-01 6.589428186416625977e-01 -7.077782154083251953e-01 9.535351395606994629e-01
9.677522182464599609e-01 -1.620914340019226074e-01 1.933231949806213379e-01 6.081972122192382812e-01 1.101949810981750488e-02 -7.385491132736206055e-01 -6.742270588874816895e-01 -5.539473295211791992e-01 2.520453929901123047e-01 6.544234752655029297e-01 -7.128124237060546875e-01 9.472473859786987305e-01
9.663029909133911133e-01 -1.659021973609924316e-01 1.955272555351257324e-01 6.148576140403747559e-01 7.525339722633361816e-03 -7.438271045684814453e-01 -6.682421565055847168e-01 -5.462788939476013184e-01 2.562736272811889648e-01 6.472103595733642578e-01 -7.177346944808959961e-01 9.405237436294555664e-01
9.629977941513061523e-01 -1.731674671173095703e-01 2.056009769439697266e-01 6.376660466194152832e-01 8.669137954711914062e-03 -7.445170283317565918e-01 -6.677471399307250977e-01 -5.433043241500854492e-01 2.687981128692626953e-01 6.448459625244140625e-01 -7.154121398925781250e-01 9.515338540077209473e-01
9.643290042877197266e-01 -1.685748100280761719e-01 2.038044929504394531e-01 6.361116170883178711e-01 1.467484235763549805e-02 -7.353387475013732910e-01 -6.775670647621154785e-01 -5.561180710792541504e-01 2.640210986137390137e-01 6.565223336219787598e-01 -7.065700292587280273e-01 9.593532681465148926e-01
9.622506499290466309e-01 -1.762490272521972656e-01 2.079612016677856445e-01 6.482216119766235352e-01 1.106482744216918945e-02 -7.368224263191223145e-01 -6.757353544235229492e-01 -5.616679787635803223e-01 2.719790637493133545e-01 6.525106430053710938e-01 -7.072591781616210938e-01 9.539764523506164551e-01
9.622749090194702148e-01 -1.727376580238342285e-01 2.102181315422058105e-01 6.515173316001892090e-01 1.559983193874359131e-02 -7.358044385910034180e-01 -6.764968633651733398e-01 -5.562673211097717285e-01 2.716947197914123535e-01 6.543625593185424805e-01 -7.053996920585632324e-01 9.615304470062255859e-01
9.607344865798950195e-01 -1.791311204433441162e-01 2.118644416332244873e-01 6.551889181137084961e-01 9.929582476615905762e-03 -7.413394451141357422e-01 -6.712543964385986328e-01 -5.509975552558898926e-01 2.772468924522399902e-01 6.470367908477783203e-01 -7.104220390319824219e-01 9.603741765022277832e-01
9.584478139877319336e-01 -1.795274019241333008e-01 2.221982628107070923e-01 6.763218641281127930e-01 1.863060146570205688e-02 -7.373176217079162598e-01 -6.752597093582153320e-01 -5.512821674346923828e-01 2.849488854408264160e-01 6.511342525482177734e-01 -7.032669186592102051e-01 9.777991175651550293e-01
9.588412642478942871e-01 -1.776499748229980469e-01 2.205406725406646729e-01 6.830534934997558594e-01 1.922810077667236328e-02 -7.360419034957885742e-01 -6.767572164535522461e-01 -5.518008470535278320e-01 2.824997901916503906e-01 6.531576514244079590e-01 -7.025363445281982422e-01 9.845156669616699219e-01
9.596890211105346680e-01 -1.719761490821838379e-01 2.234095931053161621e-01 6.910343170166015625e-01 2.498561143875122070e-02 -7.376549839973449707e-01 -6.746938824653625488e-01 -5.484390258789062500e-01 2.808162569999694824e-01 6.529574990272521973e-01 -7.035947442054748535e-01 9.973322153091430664e-01
9.564138054847717285e-01 -1.754390001296997070e-01 2.330758422613143921e-01 7.159031033515930176e-01 2.801555395126342773e-02 -7.400261759757995605e-01 -6.721275448799133301e-01 -5.504658818244934082e-01 2.903369367122650146e-01 6.490153074264526367e-01 -7.028962969779968262e-01 1.008072376251220703e+00
9.578858613967895508e-01 -1.796825975179672241e-01 2.247963845729827881e-01 7.164323329925537109e-01 1.900649070739746094e-02 -7.399777770042419434e-01 -6.728284955024719238e-01 -5.504095554351806641e-01 2.873305976390838623e-01 6.486620903015136719e-01 -7.051445245742797852e-01 1.005512237548828125e+00
9.588447809219360352e-01 -1.796271800994873047e-01 2.207834571599960327e-01 7.090058922767639160e-01 1.622381806373596191e-02 -7.399908304214477539e-01 -6.728403568267822266e-01 -5.502384901046752930e-01 2.840650677680969238e-01 6.485618948936462402e-01 -7.065528035163879395e-01 1.004102230072021484e+00
9.610932469367980957e-01 -1.890305429697036743e-01 2.026908397674560547e-01 7.115612626075744629e-01 -3.693569451570510864e-03 -7.398220896720886230e-01 -6.726909279823303223e-01 -5.516967773437500000e-01 2.772392332553863525e-01 6.454168558120727539e-01 -7.118018865585327148e-01 1.008511066436767578e+00
9.626084566116333008e-01 -1.825657188892364502e-01 1.983195245265960693e-01 7.155424952507019043e-01 -3.996480256319046021e-03 -7.454822063446044922e-01 -6.666601300239562988e-01 -5.335755348205566406e-01 2.694838941097259521e-01 6.412049531936645508e-01 -7.185832858085632324e-01 1.013146281242370605e+00
9.623804688453674316e-01 -1.820410639047622681e-01 2.009648829698562622e-01 7.342705726623535156e-01 -9.881928563117980957e-04 -7.431480288505554199e-01 -6.685134172439575195e-01 -5.411300659179687500e-01 2.711756825447082520e-01 6.433574557304382324e-01 -7.159193158149719238e-01 1.027291774749755859e+00
9.631371498107910156e-01 -1.897383481264114380e-01 1.896055787801742554e-01 7.413203120231628418e-01 -1.249450445175170898e-02 -7.376862168312072754e-01 -6.751747727394104004e-01 -5.616362094879150391e-01 2.678491771221160889e-01 6.477105617523193359e-01 -7.130391597747802734e-01 1.036357522010803223e+00
9.642534255981445312e-01 -1.895527243614196777e-01 1.842902302742004395e-01 7.518697977066040039e-01 -1.829538121819496155e-02 -7.430343627929687500e-01 -6.685358285903930664e-01 -5.621891617774963379e-01 2.638135552406311035e-01 6.414715051651000977e-01 -7.204146981239318848e-01 1.033166885375976562e+00
9.645978212356567383e-01 -1.999339461326599121e-01 1.720218360424041748e-01 7.466320395469665527e-01 -3.304181993007659912e-02 -7.385885715484619141e-01 -6.735196113586425781e-01 -5.712084174156188965e-01 2.616367042064666748e-01 6.437627673149108887e-01 -7.187608480453491211e-01 1.049276113510131836e+00
9.644600152969360352e-01 -2.035245299339294434e-01 1.708104908466339111e-01 7.479920983314514160e-01 -3.559495508670806885e-02 -7.361268997192382812e-01 -6.760302782058715820e-01 -5.811659097671508789e-01 2.632317841053009033e-01 6.455657482147216797e-01 -7.168412804603576660e-01 1.049197077751159668e+00
9.653682112693786621e-01 -1.998824775218963623e-01 1.670038998126983643e-01 7.515587210655212402e-01 -3.842869400978088379e-02 -7.431704998016357422e-01 -6.674796342849731445e-01 -5.586383938789367676e-01 2.575776576995849609e-01 6.383187174797058105e-01 -7.254037261009216309e-01 1.054699420928955078e+00
9.639451503753662109e-01 -2.311174571514129639e-01 1.326173692941665649e-01 7.227177023887634277e-01 -8.410784602165222168e-02 -7.357547283172607422e-01 -6.716799139976501465e-01 -5.995403528213500977e-01 2.526655793190002441e-01 6.365315318107604980e-01 -7.286868691444396973e-01 1.063372611999511719e+00
9.653250575065612793e-01 -2.371132969856262207e-01 1.097056269645690918e-01 6.907567381858825684e-01 -1.102155297994613647e-01 -7.500436902046203613e-01 -6.521317362785339355e-01 -5.785917639732360840e-01 2.368991971015930176e-01 6.173617243766784668e-01 -7.504230141639709473e-01 1.048078536987304688e+00
9.671466350555419922e-01 -2.158389091491699219e-01 1.325845122337341309e-01 7.407979965209960938e-01 -7.308571785688400269e-02 -7.386090159416198730e-01 -6.698665618896484375e-01 -5.644946098327636719e-01 2.426813542842864990e-01 6.381521224975585938e-01 -7.306102514266967773e-01 1.075500488281250000e+00
9.665774703025817871e-01 -2.531330585479736328e-01 3.245580196380615234e-02 6.211274862289428711e-01 -1.696380972862243652e-01 -7.323743104934692383e-01 -6.595594286918640137e-01 -5.826092362403869629e-01 1.907827556133270264e-01 6.323044300079345703e-01 -7.509809732437133789e-01 1.021243214607238770e+00
9.689145088195800781e-01 -2.260321229696273804e-01 1.027679666876792908e-01 7.182260155677795410e-01 -1.022914499044418335e-01 -7.406165003776550293e-01 -6.643870472908020020e-01 -5.528119802474975586e-01 2.261422574520111084e-01 6.330373287200927734e-01 -7.403011322021484375e-01 1.089238166809082031e+00
9.684418439865112305e-01 -2.246965020895004272e-01 1.063926815986633301e-01 7.279991507530212402e-01 -9.930546581745147705e-02 -7.425010204315185547e-01 -6.630926728248596191e-01 -5.606843233108520508e-01 2.279088646173477173e-01 6.313598752021789551e-01 -7.409834861755371094e-01 1.086232781410217285e+00
9.685301780700683594e-01 -2.453745603561401367e-01 3.687357902526855469e-02 6.447682380676269531e-01 -1.593784838914871216e-01 -7.289890050888061523e-01 -6.653449535369873047e-01 -5.927199125289916992e-01 1.903487890958786011e-01 6.385623216629028320e-01 -7.451872825622558594e-01 1.060175895690917969e+00
9.745037555694580078e-01 -2.242244482040405273e-01 9.669005870819091797e-03 5.966549515724182129e-01 -1.607728302478790283e-01 -7.277469038963317871e-01 -6.670090556144714355e-01 -5.912816524505615234e-01 1.563359647989273071e-01 6.487212181091308594e-01 -7.451459765434265137e-01 1.045320749282836914e+00
9.815486073493957520e-01 -1.895116567611694336e-01 3.521525859832763672e-02 6.331033706665039062e-01 -1.153032854199409485e-01 -7.233079671859741211e-01 -6.808316111564636230e-01 -5.783929824829101562e-01 1.544680595397949219e-01 6.641836166381835938e-01 -7.313679456710815430e-01 1.132210969924926758e+00
9.833347201347351074e-01 -1.823844909667968750e-01 9.707450866699218750e-03 5.938210487365722656e-01 -1.253251284360885620e-01 -7.111567258834838867e-01 -6.914334893226623535e-01 -5.959757566452026367e-01 1.328700631856918335e-01 6.787013411521911621e-01 -7.224205732345581055e-01 1.158221960067749023e+00
9.749692678451538086e-01 -2.209728956222534180e-01 3.143668174743652344e-02 6.370946168899536133e-01 -1.412949860095977783e-01 -7.191895842552185059e-01 -6.800755262374877930e-01 -5.984237194061279297e-01 1.728003323078155518e-01 6.584566831588745117e-01 -7.324428558349609375e-01 1.111843705177307129e+00
9.732118844985961914e-01 -2.255574464797973633e-01 4.520821571350097656e-02 6.508681178092956543e-01 -1.379533857107162476e-01 -7.291768193244934082e-01 -6.699113845825195312e-01 -5.895215272903442383e-01 1.844969093799591064e-01 6.457646489143371582e-01 -7.405342459678649902e-01 1.109425544738769531e+00
9.730836749076843262e-01 -2.244988083839416504e-01 5.012083053588867188e-02 6.566072702407836914e-01 -1.343475431203842163e-01 -7.311700582504272461e-01 -6.682593822479248047e-01 -5.850368738174438477e-01 1.868027299642562866e-01 6.436977982521057129e-01 -7.418393492698669434e-01 1.118496894836425781e+00
9.715953469276428223e-01 -2.321258187294006348e-01 4.740762710571289062e-02 6.398323774337768555e-01 -1.410421729087829590e-01 -7.274439930915832520e-01 -6.713998913764953613e-01 -5.967880487442016602e-01 1.906055212020874023e-01 6.457844972610473633e-01 -7.397768497467041016e-01 1.129477739334106445e+00
9.729804992675781250e-01 -2.255589365959167480e-01 4.378360509872436523e-02 6.297568678855895996e-01 -1.389153599739074707e-01 -7.291072010993957520e-01 -6.702454090118408203e-01 -5.959368348121643066e-01 1.833951473236083984e-01 6.461721658706665039e-01 -7.409775257110595703e-01 1.129581689834594727e+00
9.647401571273803711e-01 -2.416322529315948486e-01 1.069984436035156250e-01 7.367189526557922363e-01 -1.101484447717666626e-01 -7.356554269790649414e-01 -6.680293083190917969e-01 -6.012772321701049805e-01 2.400595843791961670e-01 6.325904130935668945e-01 -7.364135980606079102e-01 1.141454100608825684e+00
