9.897776246070861816e-01 5.733607709407806396e-02 1.309330165386199951e-01 -1.005563512444496155e-02 1.221079081296920776e-01 -8.114590048789978027e-01 -5.716685056686401367e-01 -5.868850946426391602e-01 7.348123192787170410e-02 5.816391706466674805e-01 -8.100383281707763672e-01 4.497571587562561035e-01
9.896104931831359863e-01 5.781920254230499268e-02 1.310714632272720337e-01 -8.758392184972763062e-03 1.231316477060317993e-01 -8.110177516937255859e-01 -5.723986029624938965e-01 -5.882554650306701660e-01 7.322278618812561035e-02 5.828419327735900879e-01 -8.092995882034301758e-01 4.477444887161254883e-01
9.899044036865234375e-01 5.974484235048294067e-02 1.302060335874557495e-01 -8.401710540056228638e-03 1.244883537292480469e-01 -8.096618652343750000e-01 -5.734406709671020508e-01 -5.884675979614257812e-01 7.113599777221679688e-02 5.835802555084228516e-01 -8.088791370391845703e-01 4.507576823234558105e-01
9.892515540122985840e-01 5.990711599588394165e-02 1.307688206434249878e-01 -8.249603211879730225e-03 1.249485015869140625e-01 -8.088405132293701172e-01 -5.740984082221984863e-01 -5.856826305389404297e-01 7.139158248901367188e-02 5.845807790756225586e-01 -8.082817792892456055e-01 4.535210728645324707e-01
9.899288415908813477e-01 6.036372482776641846e-02 1.300755292177200317e-01 -1.516458019614219666e-02 1.249522864818572998e-01 -8.084766864776611328e-01 -5.752038359642028809e-01 -5.865957736968994141e-01 7.041904330253601074e-02 5.855516791343688965e-01 -8.079248070716857910e-01 4.549067020416259766e-01
9.893221259117126465e-01 6.073680520057678223e-02 1.316305398941040039e-01 -1.061723381280899048e-02 1.261879056692123413e-01 -8.082917332649230957e-01 -5.752561688423156738e-01 -5.869039297103881836e-01 7.137334346771240234e-02 5.858021378517150879e-01 -8.074333071708679199e-01 4.539732933044433594e-01
9.896347522735595703e-01 6.468398123979568481e-02 1.283739954233169556e-01 -1.207799464464187622e-02 1.276959329843521118e-01 -8.053703904151916504e-01 -5.789732336997985840e-01 -5.894152522087097168e-01 6.594235450029373169e-02 5.891546607017517090e-01 -8.051905035972595215e-01 4.532057046890258789e-01
9.895331263542175293e-01 6.437340378761291504e-02 1.284982860088348389e-01 -6.339490413665771484e-03 1.278890222311019897e-01 -8.018677234649658203e-01 -5.831174850463867188e-01 -5.901862382888793945e-01 6.555046141147613525e-02 5.937424302101135254e-01 -8.019545674324035645e-01 4.575338363647460938e-01
9.899048805236816406e-01 5.909664928913116455e-02 1.265835464000701904e-01 -6.421636790037155151e-03 1.227503567934036255e-01 -8.000643849372863770e-01 -5.870550870895385742e-01 -5.930236577987670898e-01 6.664383411407470703e-02 5.965630412101745605e-01 -7.999038100242614746e-01 4.606081247329711914e-01
9.903054833412170410e-01 5.831453204154968262e-02 1.285953372716903687e-01 -6.343431770801544189e-03 1.236711218953132629e-01 -7.989167571067810059e-01 -5.885173082351684570e-01 -5.957418680191040039e-01 6.836753338575363159e-02 5.984039306640625000e-01 -7.979998588562011719e-01 4.592127203941345215e-01
9.901084303855895996e-01 5.550011992454528809e-02 1.270408630371093750e-01 -2.339798957109451294e-03 1.204170733690261841e-01 -7.976614236831665039e-01 -5.913721323013305664e-01 -5.952430963516235352e-01 6.856976449489593506e-02 6.009489893913269043e-01 -7.963385581970214844e-01 4.565448164939880371e-01
9.908384680747985840e-01 4.797969013452529907e-02 1.256745606660842896e-01 -1.616552472114562988e-04 1.136854439973831177e-01 -7.979059815406799316e-01 -5.922843217849731445e-01 -5.950037837028503418e-01 7.185933738946914673e-02 6.011658906936645508e-01 -7.958158254623413086e-01 4.628033638000488281e-01
9.910435676574707031e-01 4.776573181152343750e-02 1.259875148534774780e-01 -8.121456950902938843e-03 1.130137443542480469e-01 -8.052210211753845215e-01 -5.821112990379333496e-01 -5.806551575660705566e-01 7.360225915908813477e-02 5.910611748695373535e-01 -8.034905791282653809e-01 4.651277661323547363e-01
9.910228252410888672e-01 4.668924212455749512e-02 1.263780891895294189e-01 -6.872341036796569824e-04 1.125805005431175232e-01 -8.027462959289550781e-01 -5.856592655181884766e-01 -5.900570750236511230e-01 7.408647239208221436e-02 5.945382714271545410e-01 -8.008695244789123535e-01 4.672413468360900879e-01
9.905656576156616211e-01 4.898096248507499695e-02 1.294284462928771973e-01 5.624681711196899414e-03 1.163203492760658264e-01 -8.006788492202758789e-01 -5.880470871925354004e-01 -5.888221263885498047e-01 7.486824691295623779e-02 5.972269773483276367e-01 -7.984483242034912109e-01 4.744161367416381836e-01
9.902082681655883789e-01 4.481089115142822266e-02 1.310030668973922729e-01 7.762398570775985718e-03 1.141790896654129028e-01 -7.988476753234863281e-01 -5.911771059036254883e-01 -5.865192413330078125e-01 7.825186848640441895e-02 6.001274585723876953e-01 -7.959370613098144531e-01 4.745011925697326660e-01
9.906553626060485840e-01 4.035735130310058594e-02 1.319836378097534180e-01 1.988207921385765076e-02 1.117227375507354736e-01 -7.946738600730895996e-01 -5.964360237121582031e-01 -5.901269316673278809e-01 8.089128136634826660e-02 6.054613590240478516e-01 -7.914440631866455078e-01 4.835163950920104980e-01
9.907830357551574707e-01 3.863117098808288574e-02 1.311559081077575684e-01 1.980019360780715942e-02 1.105862408876419067e-01 -7.903549671173095703e-01 -6.027355790138244629e-01 -5.945426225662231445e-01 8.054906129837036133e-02 6.117194294929504395e-01 -7.873038053512573242e-01 4.930016398429870605e-01
9.900124073028564453e-01 3.699618577957153320e-02 1.346387267112731934e-01 3.277423977851867676e-02 1.117280274629592896e-01 -7.873908281326293945e-01 -6.066189408302307129e-01 -5.993511676788330078e-01 8.337104320526123047e-02 6.155900955200195312e-01 -7.833933830261230469e-01 5.017390847206115723e-01
9.910103678703308105e-01 3.374969959259033203e-02 1.272237300872802734e-01 2.688889950513839722e-02 1.049647927284240723e-01 -7.863751053810119629e-01 -6.085000634193420410e-01 -6.059607267379760742e-01 7.958883047103881836e-02 6.165543198585510254e-01 -7.831895351409912109e-01 4.976544380187988281e-01
9.917689561843872070e-01 3.263755142688751221e-02 1.243368387222290039e-01 2.633177116513252258e-02 1.017277240753173828e-01 -7.892317175865173340e-01 -6.053537130355834961e-01 -5.957940220832824707e-01 7.798624038696289062e-02 6.130910515785217285e-01 -7.858985662460327148e-01 5.073702931404113770e-01
9.915465116500854492e-01 3.011924028396606445e-02 1.254473924636840820e-01 3.347311913967132568e-02 1.003075838088989258e-01 -7.872398495674133301e-01 -6.085039377212524414e-01 -5.987860560417175293e-01 8.060395717620849609e-02 6.160657405853271484e-01 -7.832194566726684570e-01 5.173829793930053711e-01
9.916709661483764648e-01 2.064156532287597656e-02 1.262632608413696289e-01 3.959617018699645996e-02 9.454512596130371094e-02 -7.829959392547607422e-01 -6.147668361663818359e-01 -6.004852056503295898e-01 8.632600307464599609e-02 6.215973496437072754e-01 -7.786110639572143555e-01 5.297205448150634766e-01
9.916025996208190918e-01 2.045516669750213623e-02 1.280887126922607422e-01 5.017213523387908936e-02 9.609031677246093750e-02 -7.780747413635253906e-01 -6.208064556121826172e-01 -6.057264208793640137e-01 8.716303110122680664e-02 6.278491616249084473e-01 -7.736596465110778809e-01 5.402542948722839355e-01
9.922243356704711914e-01 2.306123077869415283e-02 1.245794594287872314e-01 5.351115018129348755e-02 9.674543142318725586e-02 -7.738191485404968262e-01 -6.258364915847778320e-01 -6.056014299392700195e-01 8.180734515190124512e-02 6.328542232513427734e-01 -7.702840566635131836e-01 5.422608256340026855e-01
9.896770119667053223e-01 2.058315277099609375e-02 1.417833715677261353e-01 8.292768895626068115e-02 1.064638495445251465e-01 -7.689747810363769531e-01 -6.304334998130798340e-01 -5.870432257652282715e-01 9.619706869125366211e-02 6.391335725784301758e-01 -7.633730173110961914e-01 5.551012158393859863e-01
9.897282719612121582e-01 1.952266693115234375e-02 1.413098573684692383e-01 9.123814105987548828e-02 1.058704853057861328e-01 -7.638227939605712891e-01 -6.363534331321716309e-01 -5.910678505897521973e-01 9.537762403488159180e-02 6.447626352310180664e-01 -7.580835223197937012e-01 5.542278885841369629e-01
9.895909428596496582e-01 2.627993375062942505e-02 1.410844326019287109e-01 9.663012623786926270e-02 1.115518212318420410e-01 -7.605713605880737305e-01 -6.397525668144226074e-01 -5.905530452728271484e-01 9.024643898010253906e-02 6.483930945396423340e-01 -7.556663155555725098e-01 5.584655404090881348e-01
9.897113442420959473e-01 3.240396082401275635e-02 1.371273994445800781e-01 1.011134684085845947e-01 1.137021109461784363e-01 -7.565704584121704102e-01 -6.439769864082336426e-01 -5.862272977828979492e-01 8.316145837306976318e-02 6.534888744354248047e-01 -7.527757883071899414e-01 5.599359273910522461e-01
9.909298419952392578e-01 3.652764856815338135e-02 1.275583207607269287e-01 9.227529168128967285e-02 1.111778914928436279e-01 -7.531714439392089844e-01 -6.485490798950195312e-01 -5.538296699523925781e-01 7.270357012748718262e-02 6.571369171142578125e-01 -7.505080699920654297e-01 6.038674712181091309e-01
9.926449656486511230e-01 3.872740268707275391e-02 1.133771538734436035e-01 9.278908371925354004e-02 1.040022671222686768e-01 -7.482211589813232422e-01 -6.554972529411315918e-01 -5.610682368278503418e-01 5.912080407142639160e-02 6.623950004577636719e-01 -7.465882301330566406e-01 6.177289485931396484e-01
9.930353164672851562e-01 3.667736053466796875e-02 1.112411618232727051e-01 1.309266537427902222e-01 1.024774312973022461e-01 -7.340433597564697266e-01 -6.714504361152648926e-01 -5.968127250671386719e-01 5.704408884048461914e-02 6.782012581825256348e-01 -7.327124476432800293e-01 6.274491548538208008e-01
9.931734204292297363e-01 3.803363442420959473e-02 1.129480153322219849e-01 1.338866502046585083e-01 1.042179912328720093e-01 -7.338468432426452637e-01 -6.713540554046630859e-01 -5.770495533943176270e-01 5.750623345375061035e-02 6.781727075576782227e-01 -7.325342893600463867e-01 6.343979835510253906e-01
9.914007782936096191e-01 3.787457942962646484e-02 1.252907514572143555e-01 1.484236121177673340e-01 1.128421425819396973e-01 -7.312810420989990234e-01 -6.728632450103759766e-01 -5.631415843963623047e-01 6.613558530807495117e-02 6.810094118118286133e-01 -7.294863462448120117e-01 6.602061986923217773e-01
9.929318428039550781e-01 3.787255287170410156e-02 1.125798225402832031e-01 1.403759121894836426e-01 1.044773459434509277e-01 -7.304160594940185547e-01 -6.750041246414184570e-01 -5.567268729209899902e-01 5.681166052818298340e-02 6.819013357162475586e-01 -7.292785644531250000e-01 6.641119718551635742e-01
9.940631389617919922e-01 4.697802662849426270e-02 9.574919939041137695e-02 1.379351019859313965e-01 9.997516870498657227e-02 -7.224622964859008789e-01 -6.839025020599365234e-01 -5.676737427711486816e-01 3.705449402332305908e-02 6.895127892494201660e-01 -7.229983806610107422e-01 6.684507131576538086e-01
9.939941763877868652e-01 6.661689281463623047e-02 8.864462375640869141e-02 1.512846052646636963e-01 1.094537526369094849e-01 -7.138045430183410645e-01 -6.918089389801025391e-01 -5.755104422569274902e-01 1.719117909669876099e-02 6.971852779388427734e-01 -7.167426943778991699e-01 6.834563612937927246e-01
9.937530159950256348e-01 7.791125774383544922e-02 8.019685745239257812e-02 1.573182791471481323e-01 1.119082272052764893e-01 -7.153053283691406250e-01 -6.898103952407836914e-01 -5.626229643821716309e-01 3.903657197952270508e-03 6.942772865295410156e-01 -7.194817066192626953e-01 6.842969059944152832e-01
9.948135614395141602e-01 7.876491546630859375e-02 6.486326456069946289e-02 1.634207665920257568e-01 1.017907261848449707e-01 -7.220302820205688477e-01 -6.845262050628662109e-01 -5.441507101058959961e-01 -7.047623395919799805e-03 6.876865625381469727e-01 -7.260491847991943359e-01 6.877878904342651367e-01
9.959516525268554688e-01 7.793736457824707031e-02 4.730302095413208008e-02 1.451748311519622803e-01 8.893221616744995117e-02 -7.146341800689697266e-01 -6.936343908309936523e-01 -5.681947469711303711e-01 -2.021199464797973633e-02 6.949625015258789062e-01 -7.185275554656982422e-01 6.994238495826721191e-01
9.962990880012512207e-01 7.080735266208648682e-02 4.553562402725219727e-02 1.455035209655761719e-01 8.265982568264007568e-02 -7.213059067726135254e-01 -6.875862479209899902e-01 -5.554558038711547852e-01 -1.587511226534843445e-02 6.887989640235900879e-01 -7.245109081268310547e-01 7.046445012092590332e-01
9.980583786964416504e-01 5.343297123908996582e-02 2.972346544265747070e-02 1.339635848999023438e-01 5.907893180847167969e-02 -7.244657278060913086e-01 -6.868619322776794434e-01 -5.669745802879333496e-01 -1.508283615112304688e-02 6.871391534805297852e-01 -7.259329557418823242e-01 7.102944850921630859e-01
9.979418516159057617e-01 6.334859877824783325e-02 2.207755297422409058e-02 1.389792859554290771e-01 6.185478344559669495e-02 -7.398170232772827148e-01 -6.701450943946838379e-01 -5.551075935363769531e-01 -2.614554017782211304e-02 6.700607538223266602e-01 -7.419872879981994629e-01 7.058925628662109375e-01
9.975436925888061523e-01 6.028312444686889648e-02 3.220742940902709961e-02 1.758429706096649170e-01 6.640039384365081787e-02 -7.437242269515991211e-01 -6.651683449745178223e-01 -5.261979699134826660e-01 -1.610180735588073730e-02 6.656445264816284180e-01 -7.457482814788818359e-01 7.351537942886352539e-01
9.973536729812622070e-01 6.138462573289871216e-02 3.966811299324035645e-02 1.914375424385070801e-01 7.223099470138549805e-02 -7.438976168632507324e-01 -6.640404462814331055e-01 -5.181418657302856445e-01 -1.126515865325927734e-02 6.652212738990783691e-01 -7.468271255493164062e-01 7.412675023078918457e-01
9.978622794151306152e-01 5.653530359268188477e-02 3.699831664562225342e-02 1.933858096599578857e-01 6.680381298065185547e-02 -7.432351708412170410e-01 -6.655737757682800293e-01 -5.051102042198181152e-01 -9.647786617279052734e-03 6.665874719619750977e-01 -7.452353239059448242e-01 7.651411294937133789e-01
9.983936548233032227e-01 4.180806875228881836e-02 4.093179106712341309e-02 2.025887817144393921e-01 5.858126655220985413e-02 -7.443074584007263184e-01 -6.650725603103637695e-01 -4.901195764541625977e-01 2.547889947891235352e-03 6.664246320724487305e-01 -7.456676363945007324e-01 7.811503410339355469e-01
9.989532828330993652e-01 3.265756368637084961e-02 3.776964545249938965e-02 1.994405090808868408e-01 4.964613914489746094e-02 -7.394934892654418945e-01 -6.717196702957153320e-01 -5.067842006683349609e-01 5.849644541740417480e-03 6.729657649993896484e-01 -7.397629022598266602e-01 7.860364913940429688e-01
9.989346265792846680e-01 2.937716245651245117e-02 2.781945466995239258e-02 1.854330003261566162e-01 4.048654437065124512e-02 -7.356306314468383789e-01 -6.757994294166564941e-01 -5.150405168533325195e-01 4.329085350036621094e-04 6.763267517089843750e-01 -7.365393638610839844e-01 7.833508849143981934e-01
9.985656142234802246e-01 3.220972418785095215e-02 3.559443354606628418e-02 1.991224437952041626e-01 4.785179719328880310e-02 -7.258027195930480957e-01 -6.864917278289794922e-01 -5.159485936164855957e-01 3.999426960945129395e-03 6.874479055404663086e-01 -7.263315916061401367e-01 7.913992404937744141e-01
9.984496831893920898e-01 3.905621170997619629e-02 3.796535730361938477e-02 2.074342221021652222e-01 5.434478819370269775e-02 -7.208451628684997559e-01 -6.905378699302673340e-01 -5.177608728408813477e-01 5.351752042770385742e-05 6.916087269783020020e-01 -7.219485044479370117e-01 7.919625043869018555e-01
9.986856579780578613e-01 2.856747806072235107e-02 3.930757939815521240e-02 2.155248373746871948e-01 4.787048697471618652e-02 -7.126546502113342285e-01 -7.000288367271423340e-01 -5.278500318527221680e-01 7.907852530479431152e-03 7.007738947868347168e-01 -7.134144306182861328e-01 8.085391521453857422e-01
9.986829161643981934e-01 1.403993368148803711e-02 4.415486752986907959e-02 2.268028557300567627e-01 4.109314084053039551e-02 -7.103084921836853027e-01 -7.028007507324218750e-01 -5.299049019813537598e-01 2.160416543483734131e-02 7.040191888809204102e-01 -7.101196050643920898e-01 8.190003037452697754e-01
9.992725849151611328e-01 1.185107231140136719e-02 3.432780504226684570e-02 2.193155884742736816e-01 3.274369239807128906e-02 -7.019519209861755371e-01 -7.114098072052001953e-01 -5.376281142234802246e-01 1.539478451013565063e-02 7.118898630142211914e-01 -7.020964026451110840e-01 8.246982693672180176e-01
9.984605908393859863e-01 2.898558974266052246e-03 5.765506625175476074e-02 2.612753212451934814e-01 4.266530275344848633e-02 -7.098743915557861328e-01 -7.030127644538879395e-01 -5.153842568397521973e-01 3.880397230386734009e-02 7.039819359779357910e-01 -7.087728977203369141e-01 8.465400338172912598e-01
9.982229471206665039e-01 -3.986865282058715820e-03 6.306713819503784180e-02 2.572111189365386963e-01 4.170954227447509766e-02 -7.092878818511962891e-01 -7.035518288612365723e-01 -5.158371329307556152e-01 4.730258882045745850e-02 7.049937844276428223e-01 -7.076140046119689941e-01 8.576427102088928223e-01
9.975039362907409668e-01 -1.666489243507385254e-02 6.710609793663024902e-02 2.770863175392150879e-01 3.506660461425781250e-02 -7.153137326240539551e-01 -6.978620886802673340e-01 -4.980869889259338379e-01 5.983503162860870361e-02 6.985200643539428711e-01 -7.131493091583251953e-01 8.668792843818664551e-01
9.978355765342712402e-01 -1.782089471817016602e-02 6.690526008605957031e-02 2.736757099628448486e-01 3.464366495609283447e-02 -7.084228992462158203e-01 -7.051064372062683105e-01 -5.155999064445495605e-01 6.002049148082733154e-02 7.057556509971618652e-01 -7.061917781829833984e-01 8.783079981803894043e-01
9.971235990524291992e-01 -2.980813384056091309e-02 6.814891099929809570e-02 2.774535119533538818e-01 2.688407897949218750e-02 -7.110106348991394043e-01 -7.022601366043090820e-01 -5.197165608406066895e-01 6.946176290512084961e-02 7.023289203643798828e-01 -7.084848880767822266e-01 8.743472695350646973e-01
9.965571761131286621e-01 -3.090460598468780518e-02 7.593047618865966797e-02 2.848415076732635498e-01 3.091122396290302277e-02 -7.168988585472106934e-01 -6.971123814582824707e-01 -5.028780102729797363e-01 7.612315565347671509e-02 6.967774033546447754e-01 -7.132781744003295898e-01 8.777757883071899414e-01
9.952839612960815430e-01 -4.703608900308609009e-02 8.576095104217529297e-02 3.010689020156860352e-01 2.535481005907058716e-02 -7.231927514076232910e-01 -6.904637813568115234e-01 -4.901594519615173340e-01 9.450653195381164551e-02 6.893464326858520508e-01 -7.184832096099853516e-01 8.808838725090026855e-01
9.952588677406311035e-01 -5.092281103134155273e-02 8.329244703054428101e-02 2.947324216365814209e-01 2.072760462760925293e-02 -7.231332659721374512e-01 -6.906588673591613770e-01 -4.978970289230346680e-01 9.553091228008270264e-02 6.890670657157897949e-01 -7.185264229774475098e-01 8.740121722221374512e-01
9.944283366203308105e-01 -5.165717005729675293e-02 9.151992946863174438e-02 2.996424734592437744e-01 2.497865259647369385e-02 -7.300856113433837891e-01 -6.824846863746643066e-01 -4.955427646636962891e-01 1.019228696823120117e-01 6.810134649276733398e-01 -7.247865200042724609e-01 8.665634989738464355e-01
9.924931526184082031e-01 -6.706237792968750000e-02 1.026807427406311035e-01 3.074066042900085449e-01 2.108700573444366455e-02 -7.314370274543762207e-01 -6.816164851188659668e-01 -4.897513389587402344e-01 1.207292303442955017e-01 6.789106130599975586e-01 -7.240961790084838867e-01 8.785688281059265137e-01
9.901696443557739258e-01 -8.812883496284484863e-02 1.092846393585205078e-01 3.125061094760894775e-01 9.805113077163696289e-03 -7.332146167755126953e-01 -6.796763539314270020e-01 -4.935041666030883789e-01 1.399561017751693726e-01 6.741774082183837891e-01 -7.250379920005798340e-01 8.804486393928527832e-01
9.904612302780151367e-01 -9.384572505950927734e-02 1.036979854106903076e-01 3.259268701076507568e-01 1.286432147026062012e-03 -7.357108592987060547e-01 -6.774050593376159668e-01 -5.077348947525024414e-01 1.397836059331893921e-01 6.709368228912353516e-01 -7.282964587211608887e-01 8.723402619361877441e-01
9.883472919464111328e-01 -1.026903241872787476e-01 1.140148192644119263e-01 3.252451717853546143e-01 9.840130805969238281e-04 -7.389963865280151367e-01 -6.736963391304016113e-01 -5.084539055824279785e-01 1.533485502004623413e-01 6.657971739768981934e-01 -7.300739288330078125e-01 8.688400387763977051e-01
9.856599569320678711e-01 -1.174065619707107544e-01 1.200519204139709473e-01 3.433327376842498779e-01 -6.924510002136230469e-03 -7.426685094833374023e-01 -6.700559258460998535e-01 -5.140700936317443848e-01 1.678106188774108887e-01 6.598087549209594727e-01 -7.325369715690612793e-01 8.742741942405700684e-01
9.831838607788085938e-01 -1.264197826385498047e-01 1.308015584945678711e-01 3.563961088657379150e-01 -6.646580994129180908e-03 -7.438035607337951660e-01 -6.685042381286621094e-01 -5.149027705192565918e-01 1.818130612373352051e-01 6.565727591514587402e-01 -7.324045300483703613e-01 8.793181777000427246e-01
9.847445487976074219e-01 -1.269795596599578857e-01 1.216404139995574951e-01 3.397201001644134521e-01 -1.323276758193969727e-02 -7.435424327850341797e-01 -6.687908768653869629e-01 -5.257562398910522461e-01 1.753814816474914551e-01 6.567940711975097656e-01 -7.333483695983886719e-01 8.794559836387634277e-01
9.816068410873413086e-01 -1.355754137039184570e-01 1.350387930870056152e-01 3.502640724182128906e-01 -1.144239306449890137e-02 -7.459004521369934082e-01 -6.655407547950744629e-01 -5.186945199966430664e-01 1.909953355789184570e-01 6.517700552940368652e-01 -7.341148257255554199e-01 8.834159970283508301e-01
9.781142473220825195e-01 -1.422622203826904297e-01 1.510052382946014404e-01 3.714817762374877930e-01 -7.060140371322631836e-03 -7.503491044044494629e-01 -6.611007452011108398e-01 -5.120664834976196289e-01 2.073003947734832764e-01 6.456907987594604492e-01 -7.348963618278503418e-01 8.834251165390014648e-01
9.741466641426086426e-01 -1.563133001327514648e-01 1.622633785009384155e-01 3.845263719558715820e-01 -1.043975353240966797e-02 -7.508074045181274414e-01 -6.604185104370117188e-01 -5.176132917404174805e-01 2.250731438398361206e-01 6.416689157485961914e-01 -7.328369021415710449e-01 8.879571557044982910e-01
9.710165262222290039e-01 -1.698050051927566528e-01 1.689170449972152710e-01 3.902086913585662842e-01 -1.691576838493347168e-02 -7.520574331283569336e-01 -6.591511368751525879e-01 -5.200101137161254883e-01 2.387797236442565918e-01 6.368322372436523438e-01 -7.328833937644958496e-01 8.917667865753173828e-01
9.666643142700195312e-01 -1.740495562553405762e-01 1.871249079704284668e-01 4.108222126960754395e-01 -8.263118565082550049e-03 -7.532580494880676270e-01 -6.577581167221069336e-01 -5.220833420753479004e-01 2.552471160888671875e-01 6.342346072196960449e-01 -7.297805547714233398e-01 8.995298147201538086e-01
9.643202424049377441e-01 -1.812095642089843750e-01 1.930953264236450195e-01 4.157885909080505371e-01 -1.043643057346343994e-02 -7.547507286071777344e-01 -6.563016176223754883e-01 -5.163409113883972168e-01 2.645442783832550049e-01 6.307281255722045898e-01 -7.295017242431640625e-01 9.082338213920593262e-01
9.605832695960998535e-01 -1.873902976512908936e-01 2.037660479545593262e-01 4.289121031761169434e-01 -7.554702460765838623e-03 -7.534378767013549805e-01 -6.573178172111511230e-01 -5.222138166427612305e-01 2.769682407379150391e-01 6.301493644714355469e-01 -7.257815599441528320e-01 9.168350696563720703e-01
9.613595008850097656e-01 -1.846480667591094971e-01 2.038407027721405029e-01 4.301237463951110840e-01 -4.490919411182403564e-03 -7.517765164375305176e-01 -6.596596837043762207e-01 -5.243342518806457520e-01 2.750934362411499023e-01 6.331700682640075684e-01 -7.232790589332580566e-01 9.120297431945800781e-01
9.579669237136840820e-01 -1.881577372550964355e-01 2.155407369136810303e-01 4.433844983577728271e-01 1.489952206611633301e-03 -7.499312162399291992e-01 -6.618628501892089844e-01 -5.227065682411193848e-01 2.860516607761383057e-01 6.343964934349060059e-01 -7.179344296455383301e-01 9.219890236854553223e-01
9.561851620674133301e-01 -1.931219100952148438e-01 2.194348871707916260e-01 4.609218537807464600e-01 8.849501609802246094e-04 -7.491104006767272949e-01 -6.626756191253662109e-01 -5.267970561981201172e-01 2.923792004585266113e-01 6.339459419250488281e-01 -7.162344455718994141e-01 9.167828559875488281e-01
9.527121186256408691e-01 -1.986185759305953979e-01 2.300756126642227173e-01 4.809443056583404541e-01 2.327978610992431641e-03 -7.521262168884277344e-01 -6.589319705963134766e-01 -5.191258788108825684e-01 3.036806583404541016e-01 6.281580328941345215e-01 -7.159734368324279785e-01 9.081757068634033203e-01
9.530187249183654785e-01 -1.979161500930786133e-01 2.290547192096710205e-01 4.850486814975738525e-01 2.739667892456054688e-03 -7.510285973548889160e-01 -6.601431369781494141e-01 -5.222616195678710938e-01 3.027903735637664795e-01 6.300146579742431641e-01 -7.151000499725341797e-01 9.070749878883361816e-01
9.530187249183654785e-01 -1.979161500930786133e-01 2.290547192096710205e-01 4.850486814975738525e-01 2.739667892456054688e-03 -7.510285973548889160e-01 -6.601431369781494141e-01 -5.222616195678710938e-01 3.027903735637664795e-01 6.300146579742431641e-01 -7.151000499725341797e-01 9.070749878883361816e-01
9.495061635971069336e-01 -2.077420949935913086e-01 2.367040514945983887e-01 4.941933453083038330e-01 1.867547631263732910e-03 -7.479679584503173828e-01 -6.640906333923339844e-01 -5.346844792366027832e-01 3.150813579559326172e-01 6.306108236312866211e-01 -7.092961072921752930e-01 9.095725417137145996e-01
9.445664882659912109e-01 -2.175720483064651489e-01 2.470781207084655762e-01 5.032982826232910156e-01 7.343888282775878906e-04 -7.490491867065429688e-01 -6.619083881378173828e-01 -5.287207365036010742e-01 3.292057812213897705e-01 6.255633234977722168e-01 -7.072793841361999512e-01 9.070909619331359863e-01
9.423730373382568359e-01 -2.231706678867340088e-01 2.494128942489624023e-01 5.124450922012329102e-01 -4.254430532455444336e-04 -7.457398176193237305e-01 -6.661580801010131836e-01 -5.323523283004760742e-01 3.347153067588806152e-01 6.275613307952880859e-01 -7.030091285705566406e-01 9.128714799880981445e-01
9.408893585205078125e-01 -2.284461557865142822e-01 2.499201893806457520e-01 5.048619508743286133e-01 -4.382357001304626465e-03 -7.461641430854797363e-01 -6.657854318618774414e-01 -5.314977765083312988e-01 3.385640978813171387e-01 6.253281831741333008e-01 -7.028159499168395996e-01 9.077680706977844238e-01
9.422530531883239746e-01 -2.199735641479492188e-01 2.528676986694335938e-01 4.984409511089324951e-01 4.314482212066650391e-03 -7.465327382087707520e-01 -6.655952930450439453e-01 -5.297955870628356934e-01 3.350513279438018799e-01 6.281099319458007812e-01 -7.021691203117370605e-01 9.193750023841857910e-01
9.361512064933776855e-01 -2.265080958604812622e-01 2.690467536449432373e-01 5.095824003219604492e-01 9.955585002899169922e-03 -7.475445866584777832e-01 -6.642351150512695312e-01 -5.290696024894714355e-01 3.516899645328521729e-01 6.245444416999816895e-01 -6.974537968635559082e-01 9.282204508781433105e-01
9.328689575195312500e-01 -2.307722568511962891e-01 2.773122489452362061e-01 5.083225965499877930e-01 1.084225624799728394e-02 -7.501490712165832520e-01 -6.608725786209106445e-01 -5.206167101860046387e-01 3.604825735092163086e-01 6.194015145301818848e-01 -6.976469755172729492e-01 9.420899748802185059e-01
9.314198493957519531e-01 -2.386020869016647339e-01 2.756741940975189209e-01 4.982631504535675049e-01 8.097011595964431763e-04 -7.544941902160644531e-01 -6.560832262039184570e-01 -5.188544392585754395e-01 3.644000291824340820e-01 6.108210086822509766e-01 -7.025320529937744141e-01 9.306225180625915527e-01
9.314198493957519531e-01 -2.386020869016647339e-01 2.756741940975189209e-01 4.982631504535675049e-01 8.097011595964431763e-04 -7.544941902160644531e-01 -6.560832262039184570e-01 -5.188544392585754395e-01 3.644000291824340820e-01 6.108210086822509766e-01 -7.025320529937744141e-01 9.306225180625915527e-01
9.308215975761413574e-01 -2.393529713153839111e-01 2.763842642307281494e-01 5.039855241775512695e-01 -6.511807441711425781e-05 -7.559068799018859863e-01 -6.544989347457885742e-01 -5.315970778465270996e-01 3.658125996589660645e-01 6.092689633369445801e-01 -7.038024663925170898e-01 9.443956017494201660e-01
9.302723407745361328e-01 -2.426848560571670532e-01 2.756988108158111572e-01 5.242607593536376953e-01 -3.340661525726318359e-03 -7.559658885002136230e-01 -6.546460390090942383e-01 -5.310715436935424805e-01 3.668407797813415527e-01 6.079428195953369141e-01 -7.040235996246337891e-01 9.363483786582946777e-01
9.249204397201538086e-01 -2.485982477664947510e-01 2.878512144088745117e-01 5.460032224655151367e-01 -1.986503601074218750e-03 -7.601721882820129395e-01 -6.498671770095825195e-01 -5.252190232276916504e-01 3.804286420345306396e-01 6.003826856613159180e-01 -7.034140825271606445e-01 9.393382072448730469e-01
9.288350343704223633e-01 -2.366203367710113525e-01 2.842179536819458008e-01 5.211644172668457031e-01 4.405260086059570312e-03 -7.609781026840209961e-01 -6.484739780426025391e-01 -5.165259838104248047e-01 3.701455593109130859e-01 6.038301587104797363e-01 -7.061817646026611328e-01 9.340154528617858887e-01
9.265785217285156250e-01 -2.403000295162200928e-01 2.886271774768829346e-01 5.230588912963867188e-01 5.165703594684600830e-03 -7.601824402809143066e-01 -6.491543650627136230e-01 -5.238579511642456055e-01 3.757292628288269043e-01 6.033201217651367188e-01 -7.033867835998535156e-01 9.303157925605773926e-01
9.194634556770324707e-01 -2.463770657777786255e-01 3.066700398921966553e-01 5.439389944076538086e-01 1.185766607522964478e-02 -7.619595527648925781e-01 -6.473487019538879395e-01 -5.143907666206359863e-01 3.934473693370819092e-01 5.993193387985229492e-01 -6.979530453681945801e-01 9.408581852912902832e-01
9.193831682205200195e-01 -2.445685267448425293e-01 3.085586726665496826e-01 5.503144264221191406e-01 1.458376646041870117e-02 -7.621005177497863770e-01 -6.472232341766357422e-01 -5.092298388481140137e-01 3.930707573890686035e-01 5.995920896530151367e-01 -6.967351436614990234e-01 9.472827315330505371e-01
9.193831682205200195e-01 -2.445685267448425293e-01 3.085586726665496826e-01 5.503144264221191406e-01 1.458376646041870117e-02 -7.621005177497863770e-01 -6.472232341766357422e-01 -5.092298388481140137e-01 3.930707573890686035e-01 5.995920896530151367e-01 -6.967351436614990234e-01 9.472827315330505371e-01
9.164711236953735352e-01 -2.515901923179626465e-01 3.117236793041229248e-01 5.341861248016357422e-01 1.267015933990478516e-02 -7.594817280769348145e-01 -6.504909396171569824e-01 -5.180460810661315918e-01 4.004714488983154297e-01 5.999005436897277832e-01 -6.929677128791809082e-01 9.521229267120361328e-01
9.148099422454833984e-01 -2.566468417644500732e-01 3.114421963691711426e-01 5.379208326339721680e-01 8.623301982879638672e-03 -7.590761780738830566e-01 -6.510683894157409668e-01 -5.313214659690856934e-01 4.035127460956573486e-01 5.981763005256652832e-01 -6.925317049026489258e-01 9.542846083641052246e-01
9.217627644538879395e-01 -2.496023625135421753e-01 2.962460219860076904e-01 5.352728366851806641e-01 4.084259271621704102e-03 -7.581697702407836914e-01 -6.517734527587890625e-01 -5.293845534324645996e-01 3.876237869262695312e-01 6.023120284080505371e-01 -6.978891491889953613e-01 9.501957297325134277e-01
9.219231009483337402e-01 -2.607930600643157959e-01 2.862223386764526367e-01 5.414203405380249023e-01 -1.026630401611328125e-02 -7.554658651351928711e-01 -6.551363468170166016e-01 -5.315058231353759766e-01 3.869167268276214600e-01 6.012011766433715820e-01 -6.990072727203369141e-01 9.658084511756896973e-01
9.280470013618469238e-01 -2.506804466247558594e-01 2.760329246520996094e-01 5.438258647918701172e-01 -8.190572261810302734e-03 -7.535806894302368164e-01 -6.573618650436401367e-01 -5.534338355064392090e-01 3.723394870758056641e-01 6.075541973114013672e-01 -7.015843391418457031e-01 9.622617959976196289e-01
9.246914386749267578e-01 -2.627569139003753662e-01 2.764717042446136475e-01 5.600936412811279297e-01 -1.725697517395019531e-02 -7.532001733779907227e-01 -6.582241058349609375e-01 -5.471913814544677734e-01 3.809468150138854980e-01 6.034162044525146484e-01 -7.005908489227294922e-01 9.637282490730285645e-01
9.246914386749267578e-01 -2.627569139003753662e-01 2.764717042446136475e-01 5.600936412811279297e-01 -1.725697517395019531e-02 -7.532001733779907227e-01 -6.582241058349609375e-01 -5.471913814544677734e-01 3.809468150138854980e-01 6.034162044525146484e-01 -7.005908489227294922e-01 9.637282490730285645e-01
9.214634299278259277e-01 -2.745366394519805908e-01 2.750023603439331055e-01 5.369495153427124023e-01 -2.433934807777404785e-02 -7.469334602355957031e-01 -6.639111638069152832e-01 -5.388181805610656738e-01 3.878005743026733398e-01 6.052360534667968750e-01 -6.949473023414611816e-01 9.583492875099182129e-01
9.236735105514526367e-01 -2.623049914836883545e-01 2.792299091815948486e-01 5.421345233917236328e-01 -1.614122092723846436e-02 -7.549450397491455078e-01 -6.555773019790649414e-01 -5.300340652465820312e-01 3.826973736286163330e-01 6.009477376937866211e-01 -7.012442350387573242e-01 9.568825364112854004e-01
9.304440617561340332e-01 -2.571518123149871826e-01 2.613631188869476318e-01 5.618748664855957031e-01 -2.008805796504020691e-02 -7.476193308830261230e-01 -6.641505360603332520e-01 -5.618558526039123535e-01 3.659250438213348389e-01 6.125783324241638184e-01 -7.006604075431823730e-01 9.506092071533203125e-01
9.315355420112609863e-01 -2.490753233432769775e-01 2.641382217407226562e-01 5.433102846145629883e-01 -1.352758705615997314e-02 -7.511104345321655273e-01 -6.599708795547485352e-01 -5.642821192741394043e-01 3.628495037555694580e-01 6.115645170211791992e-01 -7.030982375144958496e-01 9.399915337562561035e-01
9.333863854408264160e-01 -2.463265806436538696e-01 2.622043490409851074e-01 5.524883270263671875e-01 -1.429282873868942261e-02 -7.536255717277526855e-01 -6.571734547615051270e-01 -5.582885742187500000e-01 3.596211671829223633e-01 6.094190478324890137e-01 -7.066895365715026855e-01 9.509272575378417969e-01
9.360552430152893066e-01 -2.456498146057128906e-01 2.513794302940368652e-01 5.082150697708129883e-01 -1.843786239624023438e-02 -7.481161952018737793e-01 -6.629392504692077637e-01 -5.605940222740173340e-01 3.509443104267120361e-01 6.163128018379211426e-01 -7.051909565925598145e-01 9.674746990203857422e-01
9.360552430152893066e-01 -2.456498146057128906e-01 2.513794302940368652e-01 5.082150697708129883e-01 -1.843786239624023438e-02 -7.481161952018737793e-01 -6.629392504692077637e-01 -5.605940222740173340e-01 3.509443104267120361e-01 6.163128018379211426e-01 -7.051909565925598145e-01 9.674746990203857422e-01
9.363821148872375488e-01 -2.458497434854507446e-01 2.504761815071105957e-01 5.075397491455078125e-01 -1.857875287532806396e-02 -7.476297616958618164e-01 -6.643969416618347168e-01 -5.607043504714965820e-01 3.504813313484191895e-01 6.173861026763916016e-01 -7.046552896499633789e-01 9.911763668060302734e-01
9.360614418983459473e-01 -2.437692731618881226e-01 2.523906528949737549e-01 4.985704720020294189e-01 -1.462818682193756104e-02 -7.456269860267639160e-01 -6.662214994430541992e-01 -5.752905011177062988e-01 3.505188822746276855e-01 6.200812458992004395e-01 -7.019829154014587402e-01 9.795972108840942383e-01
9.400551319122314453e-01 -2.421507388353347778e-01 2.405374646186828613e-01 4.897982180118560791e-01 -2.519172430038452148e-02 -7.520781755447387695e-01 -6.587541103363037109e-01 -5.620420575141906738e-01 3.403657674789428711e-01 6.130951642990112305e-01 -7.128911614418029785e-01 9.591092467308044434e-01
9.431689977645874023e-01 -2.400761842727661133e-01 2.287333011627197266e-01 4.936493933200836182e-01 -3.059229627251625061e-02 -7.500294446945190430e-01 -6.606950759887695312e-01 -5.638990402221679688e-01 3.301077485084533691e-01 6.160811185836791992e-01 -7.147047519683837891e-01 9.626765847206115723e-01
9.427423477172851562e-01 -2.481905221939086914e-01 2.216849923133850098e-01 4.762746393680572510e-01 -4.129551351070404053e-02 -7.483107447624206543e-01 -6.622689962387084961e-01 -5.586381554603576660e-01 3.300671875476837158e-01 6.153181195259094238e-01 -7.162475585937500000e-01 9.814575910568237305e-01
9.546169638633728027e-01 -2.297121286392211914e-01 1.909450292587280273e-01 4.473228752613067627e-01 -4.866653680801391602e-02 -7.502717971801757812e-01 -6.594724655151367188e-01 -5.547000765800476074e-01 2.946652770042419434e-01 6.199694275856018066e-01 -7.271683812141418457e-01 9.681019186973571777e-01
9.546169638633728027e-01 -2.297121286392211914e-01 1.909450292587280273e-01 4.473228752613067627e-01 -4.866653680801391602e-02 -7.502717971801757812e-01 -6.594724655151367188e-01 -5.547000765800476074e-01 2.946652770042419434e-01 6.199694275856018066e-01 -7.271683812141418457e-01 9.681019186973571777e-01
9.523988962173461914e-01 -2.352098226547241211e-01 1.952089071273803711e-01 4.336589872837066650e-01 -4.916137456893920898e-02 -7.481984496116638184e-01 -6.620557308197021484e-01 -5.585301518440246582e-01 3.018078207969665527e-01 6.205565929412841797e-01 -7.240477800369262695e-01 9.811736345291137695e-01
9.581989049911499023e-01 -2.185463905334472656e-01 1.834809780120849609e-01 4.222831428050994873e-01 -3.790879249572753906e-02 -7.342404127120971680e-01 -6.773360371589660645e-01 -5.669494271278381348e-01 2.826400399208068848e-01 6.424779891967773438e-01 -7.126056551933288574e-01 1.002221465110778809e+00
9.646198153495788574e-01 -2.059364914894104004e-01 1.672759652137756348e-01 4.190376698970794678e-01 -4.038914293050765991e-02 -7.371500730514526367e-01 -6.748168468475341797e-01 -5.494704246520996094e-01 2.620355486869812012e-01 6.436231732368469238e-01 -7.189539670944213867e-01 1.002066850662231445e+00
9.643737673759460449e-01 -2.051078677177429199e-01 1.661189198493957520e-01 4.164184629917144775e-01 -4.032364487648010254e-02 -7.368243336677551270e-01 -6.747258305549621582e-01 -5.392585396766662598e-01 2.606072425842285156e-01 6.443459391593933105e-01 -7.187106013298034668e-01 1.008034110069274902e+00
9.607166647911071777e-01 -2.156348824501037598e-01 1.766933798789978027e-01 4.065171182155609131e-01 -4.228031635284423828e-02 -7.393971085548400879e-01 -6.724176406860351562e-01 -5.477918386459350586e-01 2.750852406024932861e-01 6.383886337280273438e-01 -7.192848920822143555e-01 1.015811443328857422e+00
9.581574797630310059e-01 -2.184814512729644775e-01 1.843757480382919312e-01 4.128970801830291748e-01 -4.165029153227806091e-02 -7.446454167366027832e-01 -6.662112474441528320e-01 -5.434754490852355957e-01 2.829441726207733154e-01 6.304813623428344727e-01 -7.227038741111755371e-01 1.009420633316040039e+00
9.549400806427001953e-01 -2.256585955619812012e-01 1.924228966236114502e-01 4.282701313495635986e-01 -4.286707937717437744e-02 -7.466595768928527832e-01 -6.635867953300476074e-01 -5.502081513404846191e-01 2.934362888336181641e-01 6.256831884384155273e-01 -7.230554819107055664e-01 1.001788139343261719e+00
9.533778429031372070e-01 -2.338151931762695312e-01 1.917699575424194336e-01 4.405571520328521729e-01 -4.988113790750503540e-02 -7.469641566276550293e-01 -6.633545160293579102e-01 -5.734496116638183594e-01 2.984173893928527832e-01 6.226629018783569336e-01 -7.238399982452392578e-01 1.001239418983459473e+00
9.533778429031372070e-01 -2.338151931762695312e-01 1.917699575424194336e-01 4.405571520328521729e-01 -4.988113790750503540e-02 -7.469641566276550293e-01 -6.633545160293579102e-01 -5.734496116638183594e-01 2.984173893928527832e-01 6.226629018783569336e-01 -7.238399982452392578e-01 1.001239418983459473e+00
9.549619555473327637e-01 -2.319209575653076172e-01 1.840115785598754883e-01 4.377680122852325439e-01 -5.176764726638793945e-02 -7.436355352401733398e-01 -6.670647263526916504e-01 -5.870483517646789551e-01 2.915050089359283447e-01 6.276085972785949707e-01 -7.221418023109436035e-01 1.008581519126892090e+00
