9.620420593914741358e-01 -1.084065887519585075e-01 2.504457774682985471e-01 -2.235614081702104738e-01 8.040440470957940788e-02 -7.643853655385455248e-01 -6.397266132490827539e-01 -4.534879944931744511e-01 2.607876673781482357e-01 6.355808520827843644e-01 -7.266545039282396035e-01 3.860795872870759204e-01
9.614280074950989352e-01 -1.084321919140885382e-01 2.527818153392614731e-01 -2.255124773574949670e-01 8.122098433390048666e-02 -7.661188289425006070e-01 -6.375461495214045371e-01 -4.518821189431382890e-01 2.627914347090407610e-01 6.334859120898796991e-01 -7.277611298689077302e-01 3.810804041220143823e-01
9.608913946176168563e-01 -1.102866017046710140e-01 2.540169152294379784e-01 -2.278996495847095960e-01 8.084571867565791548e-02 -7.655963133409467991e-01 -6.382211627817611088e-01 -4.508602715930957738e-01 2.648616571545243659e-01 6.337974032352884368e-01 -7.267387096361621612e-01 3.777587397873569675e-01
9.601160465501410446e-01 -1.118346355744846976e-01 2.562619586971561225e-01 -2.304656216221129261e-01 8.193863140010604340e-02 -7.637447681421003498e-01 -6.402968026712458904e-01 -4.508853387900122467e-01 2.673260894186281211e-01 6.357569890096356202e-01 -7.241200304559503031e-01 3.767112420300250397e-01
9.590231716996588940e-01 -1.144177886834747138e-01 2.591970790011861592e-01 -2.320153735528649452e-01 8.253887459788870895e-02 -7.623270312869212528e-01 -6.419071813984977837e-01 -4.505214502045957192e-01 2.710385401326787513e-01 6.369976962275201160e-01 -7.216453718783009119e-01 3.770734202880549613e-01
9.584466403992847328e-01 -1.170857159897512045e-01 2.601364499278172038e-01 -2.348042653497556254e-01 8.153971051616300258e-02 -7.614048550692442685e-01 -6.431282277614531750e-01 -4.504160429111074282e-01 2.733702853496490226e-01 6.376155400282597085e-01 -7.202187898696582602e-01 3.766547479090784356e-01
9.577834658049455552e-01 -1.185471106553433185e-01 2.619110825792398956e-01 -2.378316488710234822e-01 8.159448671461073943e-02 -7.614710979605492369e-01 -6.430428490577129175e-01 -4.494847126911163393e-01 2.756685914783893465e-01 6.372663089715397966e-01 -7.196516366560583577e-01 3.737088933297917914e-01
9.573775096651626626e-01 -1.212284910181478104e-01 2.621678033971603372e-01 -2.397784192035192774e-01 7.998522416097336718e-02 -7.608916501308589098e-01 -6.439303380510457142e-01 -4.469135250324235420e-01 2.775439941379531650e-01 6.374539741363616230e-01 -7.187640653747158215e-01 3.693619412372814992e-01
9.578564902668359471e-01 -1.237400767804031909e-01 2.592283497087602417e-01 -2.437461634354527451e-01 7.761683068603367208e-02 -7.573925243340789981e-01 -6.483302988524159982e-01 -4.478026876768897435e-01 2.765620564907406709e-01 6.411278673819342799e-01 -7.158690322977764309e-01 3.702212360179696904e-01
9.581917832406398050e-01 -1.248590376911663802e-01 2.574465522925579730e-01 -2.485716766470548178e-01 7.634454034283148782e-02 -7.555777564227597054e-01 -6.505949352517391704e-01 -4.486472424021506478e-01 2.757535454912098394e-01 6.430493599159456952e-01 -7.144560920336968657e-01 3.691886635388904603e-01
9.579097259410045417e-01 -1.270146365612426220e-01 2.574417198495433379e-01 -2.513756525536442465e-01 7.510914415607018724e-02 -7.546613916304816261e-01 -6.518012016625851501e-01 -4.484845051175700981e-01 2.770696187150972212e-01 6.437029377589096324e-01 -7.133575262807126949e-01 3.674421591412853072e-01
9.580629920155234736e-01 -1.303794536898244538e-01 2.551793513121309309e-01 -2.552231242042139470e-01 7.116057162595333663e-02 -7.543572094720255583e-01 -6.525958703407442885e-01 -4.463472875714764032e-01 2.775814768099187368e-01 6.433866605856475296e-01 -7.134438486453563710e-01 3.624236172237732534e-01
9.591660183260786177e-01 -1.316437585290806400e-01 2.503407081989592609e-01 -2.634232658622002177e-01 6.813146503855760372e-02 -7.514888051440652417e-01 -6.562184718387941151e-01 -4.467405977965337449e-01 2.745153053236704666e-01 6.464785380283308847e-01 -7.118334429738301106e-01 3.591252826576252777e-01
9.593264930417878533e-01 -1.310899406796216526e-01 2.500162141174346320e-01 -2.682837434478672067e-01 6.969964532085530518e-02 -7.482361709346667666e-01 -6.597610176986720143e-01 -4.490308433554496270e-01 2.735592064372674992e-01 6.503522648826978170e-01 -7.086658595999529853e-01 3.605654878504954142e-01
9.591863523868808805e-01 -1.329305599012812200e-01 2.495816650944442383e-01 -2.699232357672528559e-01 6.824459714129975374e-02 -7.477056557234078582e-01 -6.605141342841158725e-01 -4.475735713061672616e-01 2.744161369213282686e-01 6.505887432962960126e-01 -7.081172679684228921e-01 3.591904360436413146e-01
9.606087029464923654e-01 -1.340572976262879024e-01 2.434328671902358798e-01 -2.766742272132857172e-01 6.399365123455519333e-02 -7.457139171118840615e-01 -6.631859238143860136e-01 -4.496110275817049029e-01 2.704361893260088801e-01 6.526403281166988091e-01 -7.077604627898872458e-01 3.586157209467025764e-01
9.616611728114455859e-01 -1.332824543224154779e-01 2.396738949964387633e-01 -2.847852812985874893e-01 6.237099692446262250e-02 -7.447571157887721283e-01 -6.644145462737056640e-01 -4.523639013295667199e-01 2.670536411941511479e-01 6.538903715097195146e-01 -7.078910417412418443e-01 3.586291456963906499e-01
9.622178079738713530e-01 -1.332636301012729008e-01 2.374398759594797959e-01 -2.906657324681204968e-01 6.025316572945252358e-02 -7.462053924860306831e-01 -6.629834508320728848e-01 -4.517995520372602991e-01 2.655304987808402295e-01 6.522409868932362853e-01 -7.099825612495271887e-01 3.542093271406939747e-01
9.639787609309531380e-01 -1.315425940198037269e-01 2.311741643918715505e-01 -2.990994463271761106e-01 5.764884782666301888e-02 -7.451525873191566784e-01 -6.643976398294932917e-01 -4.517959857852591465e-01 2.596566168164384236e-01 6.537921377906786846e-01 -7.107279886930284452e-01 3.498521235380531724e-01
9.650444582873306532e-01 -1.299712303718061901e-01 2.275888243670314282e-01 -3.068601824770980646e-01 5.740326722443692825e-02 -7.424695241623552322e-01 -6.674158223177157900e-01 -4.549595259728157481e-01 2.557226204836569039e-01 6.571502828405291208e-01 -7.090553266458231585e-01 3.524017717292043383e-01
9.654432863882046467e-01 -1.311229018863673546e-01 2.252244339636344239e-01 -3.136864866758793946e-01 5.462396065485203983e-02 -7.432022014241239649e-01 -6.668333561426571521e-01 -4.550221993299806145e-01 2.548244178927556169e-01 6.560924374955805494e-01 -7.103571238283450384e-01 3.502595974261603073e-01
9.668980567751780386e-01 -1.311948750228214000e-01 2.188516682990062079e-01 -3.250411397521738022e-01 5.030779448756931421e-02 -7.428422323975301111e-01 -6.675736288239878524e-01 -4.552576789895068643e-01 2.501544997149139360e-01 6.564855892253150804e-01 -7.116525863083394965e-01 3.463052254155115639e-01
9.680715323103277203e-01 -1.297885270885793529e-01 2.144584959172303740e-01 -3.349232136316667718e-01 4.920199337303032133e-02 -7.405053686436092741e-01 -6.702469387387878230e-01 -4.581768519288854646e-01 2.457980311314358624e-01 6.593987665063960613e-01 -7.104763125780840793e-01 3.492039308554593102e-01
9.691818767296205284e-01 -1.282171337538058897e-01 2.103493677517017379e-01 -3.450867161951849393e-01 4.733009628762264998e-02 -7.410526178583618506e-01 -6.697767410004856758e-01 -4.602243116445637883e-01 2.417568031372009929e-01 6.590913346569728937e-01 -7.121462377109412101e-01 3.516347985660076558e-01
9.709899554261123278e-01 -1.235286586910074313e-01 2.047417331478879887e-01 -3.615332079337388871e-01 4.605819318667561668e-02 -7.435779878137950272e-01 -6.670610404533126037e-01 -4.623943585034613335e-01 2.346425996449872653e-01 6.571396041816069955e-01 -7.163172506883749291e-01 3.485273875276104216e-01
9.713456481317064295e-01 -1.200384399101185051e-01 2.051302127630287020e-01 -3.695849258122941849e-01 4.784703510756411343e-02 -7.466499226350132856e-01 -6.634941829366087784e-01 -4.614898755529915908e-01 2.328052674383029874e-01 6.542970597496211571e-01 -7.195116690799283621e-01 3.447540768180318294e-01
9.722646865659065885e-01 -1.189617739884182429e-01 2.013690029006449111e-01 -3.792995931842754742e-01 4.551770847892470939e-02 -7.482741539353012783e-01 -6.618262005443511509e-01 -4.596577214398150368e-01 2.294112404762246593e-01 6.526360990577224630e-01 -7.221056681957268575e-01 3.399577469727002033e-01
9.742122550480305510e-01 -1.159964616464644882e-01 1.935337261639145656e-01 -3.944558328748470899e-01 4.287890842470364061e-02 -7.469265230501662689e-01 -6.635225492359453359e-01 -4.611751173571991824e-01 2.215217403762965998e-01 6.547103138433042480e-01 -7.226911708319754268e-01 3.374965089938929963e-01
9.755171585449183835e-01 -1.117929462479009955e-01 1.893901013894492558e-01 -4.068307763030266644e-01 4.409353344967881227e-02 -7.442562197542151869e-01 -6.664371224791741932e-01 -4.653614898664730215e-01 2.154577305366281725e-01 6.584717268550382974e-01 -7.211053666757367697e-01 3.411967293637743204e-01
9.762608175534736032e-01 -1.108917873809303900e-01 1.860586676241376414e-01 -4.163392713384093113e-01 4.252058618189807210e-02 -7.441693959888882048e-01 -6.666362690406160141e-01 -4.682321345774456134e-01 2.123836529320696220e-01 6.587221925743484974e-01 -7.217882392505919897e-01 3.438204354720294509e-01
9.780895543376884049e-01 -1.084757329238921070e-01 1.776902897842977946e-01 -4.323060278420787217e-01 3.819958610653015341e-02 -7.455183075055044073e-01 -6.653895440158505981e-01 -4.714672705479915349e-01 2.046499824934503164e-01 6.575982580848869219e-01 -7.250399410503818309e-01 3.437986574366773129e-01
9.797344982256362966e-01 -1.024330244829819714e-01 1.721272446388234789e-01 -4.486477113428005703e-01 3.784772711078850105e-02 -7.491919020686776953e-01 -6.612707771270086576e-01 -4.712886827690588309e-01 1.966923039127178585e-01 6.543844180513638253e-01 -7.301322950205474394e-01 3.356855425519571501e-01
9.806044703731964240e-01 -9.846647320757051514e-02 1.694674794159152231e-01 -4.562980226206986289e-01 3.925982735378435312e-02 -7.484384442391619485e-01 -6.620412116192117002e-01 -4.724160039582556148e-01 1.920248392031088935e-01 6.558538355837176814e-01 -7.300563076031297838e-01 3.371543220308999000e-01
9.826288023380794767e-01 -9.369429954208273459e-02 1.601936793531819336e-01 -4.711314473414589532e-01 3.674503365465078830e-02 -7.478805212906869393e-01 -6.628156048174345116e-01 -4.765530118822786099e-01 1.819077765784068434e-01 6.571880261231553000e-01 -7.314461406742913674e-01 3.399754475296120626e-01
9.840002712837127019e-01 -8.777112369701481343e-02 1.550473971140128304e-01 -4.873188471747968986e-01 3.686004946724519282e-02 -7.511213286303156655e-01 -6.591343394675188705e-01 -4.780590021374990783e-01 1.743123697842967057e-01 6.543034237840621437e-01 -7.358683429339306636e-01 3.348516993406850939e-01
9.843579761336206380e-01 -8.572498050822174864e-02 1.539175203970623018e-01 -4.965866995698705599e-01 3.759073683061589510e-02 -7.513256719858405486e-01 -6.588601361600139317e-01 -4.802236546736661227e-01 1.721229557193351967e-01 6.543401030045863376e-01 -7.363509529261910158e-01 3.385087278962498059e-01
9.848627263835025847e-01 -8.842289656354471172e-02 1.490865547220252552e-01 -5.073032107873711727e-01 3.150451203224766128e-02 -7.544616010998427269e-01 -6.555876360565474625e-01 -4.818322771792618031e-01 1.704490399145601742e-01 6.503607260508248444e-01 -7.402553889282242894e-01 3.384156557283302114e-01
9.855526885517957858e-01 -9.304552202898093427e-02 1.415218258363308557e-01 -5.184652491816801323e-01 2.185351814847863450e-02 -7.587375079809892675e-01 -6.510297986628290623e-01 -4.743954573731294921e-01 1.679533280930251560e-01 6.447169188463233169e-01 -7.457424183249694583e-01 3.215704530683349827e-01
9.855524505233916877e-01 -9.304082219857068292e-02 1.415265794110129871e-01 -5.184549603736882117e-01 2.186209755284075976e-02 -7.587304393528868651e-01 -6.510377632486851196e-01 -4.744145245343293626e-01 1.679536125373077282e-01 6.447259308354381657e-01 -7.457345762621889751e-01 3.215813606471720210e-01
9.870184202710058363e-01 -9.493953099884852587e-02 1.295419743999815798e-01 -5.353147367366236642e-01 1.446920394468783483e-02 -7.507331368677137018e-01 -6.604471181015897363e-01 -4.767355398193788840e-01 1.599539930807049037e-01 6.537478405734091780e-01 -7.396137352512744956e-01 3.219683348500550490e-01
9.885146146656814681e-01 -9.180527948447851638e-02 1.200443583098791539e-01 -5.456478391785156701e-01 1.211331796875501216e-02 -7.436481890924159233e-01 -6.684614010295728548e-01 -4.835104058438920438e-01 1.506390542658777032e-01 6.622379994623359689e-01 -7.339950367438926593e-01 3.325015494040322039e-01
9.908782647528301402e-01 -7.924167861281189440e-02 1.090001011958579291e-01 -5.613406784466890009e-01 1.390391339396916670e-02 -7.444134544288429911e-01 -6.675741902899390290e-01 -4.861001557098517667e-01 1.340408396860582885e-01 6.630002827907143237e-01 -7.365213428630669190e-01 3.272352697866136029e-01
9.925373204872428579e-01 -6.157923789687246019e-02 1.052504922356377048e-01 -5.778250906331220405e-01 2.466249024432363296e-02 -7.439156866139443602e-01 -6.678182548078022140e-01 -4.845775468269404307e-01 1.194212301816427735e-01 6.654302800853097999e-01 -7.368453851890002237e-01 3.237102012919897964e-01
9.921632009524969931e-01 -5.707022240361703247e-02 1.111538257027224197e-01 -5.754541312125168728e-01 3.266088615643814030e-02 -7.402101952074364721e-01 -6.715818177570274106e-01 -4.939346957793683268e-01 1.206045181727031512e-01 6.699491483015739268e-01 -7.325453527545273680e-01 3.380293705629441314e-01
9.916062269819571062e-01 -6.859173009312428959e-02 1.096004855997005367e-01 -5.884222969145833648e-01 2.196113671683822682e-02 -7.460108335381449018e-01 -6.655715996404490964e-01 -4.975947389009023336e-01 1.274158557251631463e-01 6.623918935558837928e-01 -7.382426358831907232e-01 3.409924298829556388e-01
9.915538754908517216e-01 -7.287290834404461237e-02 1.072867748054431303e-01 -5.999169580941513535e-01 1.561770331308213328e-02 -7.541124600079013307e-01 -6.565595865304956202e-01 -4.917554055190860307e-01 1.287516993271471399e-01 6.526897752614717607e-01 -7.466050250084496076e-01 3.293094226376287459e-01
9.917353913775872609e-01 -7.535947403453571725e-02 1.038357523265570070e-01 -6.098255197066783095e-01 1.136918843090415493e-02 -7.545166063356476549e-01 -6.561824702717276026e-01 -4.890430570973862689e-01 1.277953649527885926e-01 6.519399071012927926e-01 -7.474240458936762810e-01 3.194425785186457145e-01
9.928196534080843128e-01 -6.960585066242394592e-02 9.728392565604881970e-02 -6.224973392429574703e-01 1.269017773791331072e-02 -7.473926405454598410e-01 -6.642613985096575968e-01 -4.897814557830666993e-01 1.189457689083201486e-01 6.607263214755515479e-01 -7.411427919158767308e-01 3.235787521191416660e-01
9.928196534080843128e-01 -6.960585066242394592e-02 9.728392565604881970e-02 -6.224973392429574703e-01 1.269017773791331072e-02 -7.473926405454598410e-01 -6.642613985096575968e-01 -4.897814557830666993e-01 1.189457689083201486e-01 6.607263214755515479e-01 -7.411427919158767308e-01 3.235787521191416660e-01
9.932399763453721997e-01 -6.376720781030180418e-02 9.699533155584078026e-02 -6.313984234257539185e-01 1.813438290126159064e-02 -7.400966790906269299e-01 -6.722559492855377794e-01 -5.005792456939348600e-01 1.146538058340622057e-01 6.694704331115300944e-01 -7.339372294662094287e-01 3.405074482436109551e-01
9.928906552454528356e-01 -6.451164170650219853e-02 1.000319755839619851e-01 -6.342166110182145822e-01 1.896964582947748001e-02 -7.438916782155690077e-01 -6.680309368172840934e-01 -5.013803453528595799e-01 1.175087252934220172e-01 6.651792453216441858e-01 -7.373793331233337023e-01 3.454308153287066752e-01
9.934389017517810672e-01 -6.238757714277878841e-02 9.584852765804294239e-02 -6.431488324742234974e-01 1.714546427317015231e-02 -7.473803215045430326e-01 -6.641752010749929491e-01 -5.008695013438407839e-01 1.130715835453805773e-01 6.614608493661959798e-01 -7.414070221468731514e-01 3.440811763185560035e-01
9.940229317925890484e-01 -5.652125223158183109e-02 9.340106084905447359e-02 -6.503175635400259003e-01 1.951455959534251217e-02 -7.497736978878656311e-01 -6.614065151855479385e-01 -5.006506782220612184e-01 1.074131840523565029e-01 6.592759241649556179e-01 -7.441892618165075746e-01 3.436940516460307293e-01
9.946780405220587706e-01 -5.241148878972903824e-02 8.870529652803368914e-02 -6.566903241174800732e-01 1.942248270483725586e-02 -7.501306657084430007e-01 -6.610043426067886418e-01 -4.982401993151970854e-01 1.011847863132503134e-01 6.592093818807631678e-01 -7.451205390972579501e-01 3.398056995353648801e-01
9.954612074913007369e-01 -4.562603678665912155e-02 8.351793802297444169e-02 -6.648544882537787970e-01 2.189485642548452682e-02 -7.442433669709569433e-01 -6.675495554091318562e-01 -5.027955740557118469e-01 9.261531420786853208e-02 6.663483005386408031e-01 -7.398664246423061197e-01 3.516697908961633479e-01
9.956141558729083574e-01 -4.085839091471274442e-02 8.416082888216486202e-02 -6.703024426418735526e-01 2.596482197936730157e-02 -7.435726763221196522e-01 -6.681508110267149192e-01 -5.065987531982136804e-01 8.987925941033514388e-02 6.674056265181789183e-01 -7.392506017265154661e-01 3.624151528188254145e-01
9.956149326204222216e-01 -4.087176099797784623e-02 8.414513889218735998e-02 -6.703292613675461142e-01 2.594358886316867896e-02 -7.435783338733771286e-01 -6.681453343740739736e-01 -5.065726239551713306e-01 8.987677905194405015e-02 6.673984991113577347e-01 -7.392573324904935239e-01 3.624065436684064112e-01
9.957376233732275761e-01 -4.216891895812711899e-02 8.202663318291902872e-02 -6.743852930771842002e-01 2.310129497152242639e-02 -7.469801787052541275e-01 -6.644448414386679991e-01 -5.018810626808043462e-01 8.929118921305476131e-02 6.635076485186814921e-01 -7.428221113694548627e-01 3.552323284069762721e-01
9.966060329782777671e-01 -3.925077249627777209e-02 7.235876140254526856e-02 -6.791009524822438914e-01 1.964756043959012960e-02 -7.401831443137943944e-01 -6.721182029806895830e-01 -4.972388704942808380e-01 7.993989518524277638e-02 6.712587294689913442e-01 -7.368998049445191212e-01 3.543945993456780186e-01
9.976372924061339686e-01 -3.408791416589848633e-02 5.964768398963524176e-02 -6.892164521920667308e-01 1.604687481863013160e-02 -7.285838147629550843e-01 -6.847686612670312867e-01 -5.033139128432544407e-01 6.680067292241023691e-02 6.841079122364310816e-01 -7.263153796433462484e-01 3.703397539685490680e-01
9.981602240889724253e-01 -2.790747738201097838e-02 5.382694912733204662e-02 -6.984503045696861534e-01 1.700802382269565177e-02 -7.232507596659764060e-01 -6.903760343955918088e-01 -5.075086815141478525e-01 5.819703501502554444e-02 6.900213870737488264e-01 -7.214454894110877703e-01 3.865818989250470183e-01
9.981803238540948309e-01 -2.794981195456118506e-02 5.343081245228234466e-02 -7.000143759846735314e-01 1.660438360942539937e-02 -7.244289478464789322e-01 -6.891494798134476518e-01 -5.061947157567540101e-01 5.796842412991462523e-02 6.887826360575004525e-01 -7.226466327855272098e-01 3.913411525726163687e-01
9.986009436970416653e-01 -2.892812234759387091e-02 4.426422309696523283e-02 -7.051003274639636720e-01 9.738670418936300199e-03 -7.221587822249025956e-01 -6.916587754644571984e-01 -5.050298909411871096e-01 5.197418570558007267e-02 6.911221799866976712e-01 -7.208667203644121280e-01 3.980372196697176124e-01
9.992210336496233358e-01 -2.241396587361410564e-02 3.247982623254835888e-02 -7.144608926666168314e-01 6.442748143986279374e-03 -7.193473603625876178e-01 -6.946206609657022968e-01 -5.055227937226114410e-01 3.893348154838208175e-02 6.942888344005450074e-01 -7.186426053008092563e-01 4.085744339271208947e-01
9.995915711977959583e-01 -1.428718664607879496e-02 2.475011685051906052e-02 -7.200956003586294063e-01 6.988701308069458773e-03 -7.175536766641033015e-01 -6.964681495553058932e-01 -5.066904793973364685e-01 2.771010722734065790e-02 6.963566628209594267e-01 -7.171607583585793977e-01 4.183913537023696283e-01
9.995915711977959583e-01 -1.428718664607879496e-02 2.475011685051906052e-02 -7.200956003586294063e-01 6.988701308069458773e-03 -7.175536766641033015e-01 -6.964681495553058932e-01 -5.066904793973364685e-01 2.771010722734065790e-02 6.963566628209594267e-01 -7.171607583585793977e-01 4.183913537023696283e-01
9.999044630704889691e-01 -3.318020089384837723e-03 1.341847346041730171e-02 -7.228476455420786984e-01 6.981185188686331311e-03 -7.166289452504508439e-01 -6.974196855140140094e-01 -5.078378838776953508e-01 1.193011902780954925e-02 6.974467330354360284e-01 -7.165373170032719452e-01 4.289231669086530641e-01
9.999351093684728520e-01 1.134631168364072518e-02 -1.015126358505341608e-03 -7.334128215030627507e-01 7.430758385541580413e-03 -7.172066386690236772e-01 -6.968209238139195794e-01 -5.066668840979188237e-01 -8.634400283677151622e-03 6.967681647972268077e-01 -7.172444095596278713e-01 4.383390354976417491e-01
9.995334625853092847e-01 2.919487698134945464e-02 -8.972923048042230620e-03 -7.409134399311675390e-01 1.469497510160770737e-02 -7.172287584088679058e-01 -6.966828247860659129e-01 -5.082729193666377654e-01 -2.677520714135450675e-02 6.962259396762351393e-01 -7.173231620993869573e-01 4.516067882623553964e-01
9.987150129011513888e-01 4.774927568127017297e-02 -1.698025373526432236e-02 -7.432855843829246911e-01 2.261746337687586816e-02 -7.197937658407159711e-01 -6.938194170870157773e-01 -5.087282905584420423e-01 -4.535165530421322866e-02 6.925438178764801167e-01 -7.199488075927408248e-01 4.608282524248189516e-01
9.976017950795407208e-01 6.322704987196520188e-02 -2.816026688321449090e-02 -7.486431125282970722e-01 2.610004134409267540e-02 -7.204610349830523619e-01 -6.930041045759468554e-01 -5.086339471338047202e-01 -6.410498030160674543e-02 6.906071544710224996e-01 -7.203834504848589670e-01 4.694462702389370357e-01
9.961218793177825104e-01 7.865231148845283626e-02 -3.943377228151251357e-02 -7.569555205536138143e-01 2.941410022421048209e-02 -7.200984740875800982e-01 -6.932481597517367033e-01 -5.121618073846625485e-01 -8.292176985767107933e-02 6.893997505270699211e-01 -7.196193324650975720e-01 4.871153384060321057e-01
9.945182473063106654e-01 9.255418788925583173e-02 -4.865367268215001206e-02 -7.624494914080303110e-01 3.380821820416461676e-02 -7.249365069124241723e-01 -6.879855145553958051e-01 -5.103947950643383802e-01 -9.894676414386782692e-02 6.825692540961740828e-01 -7.240916764635905167e-01 4.922552116035837089e-01
9.926418803370646859e-01 1.054226928944998337e-01 -5.956633698873445293e-02 -7.707737203559202888e-01 3.584556294113111496e-02 -7.257191027663157934e-01 -6.870566734039924572e-01 -5.099210208423196056e-01 -1.156597933027318503e-01 6.798660393137774260e-01 -7.241581105331769130e-01 4.989311673990290963e-01
9.905895829874887815e-01 1.175646724431602536e-01 -7.007731562165342432e-02 -7.793707569579804151e-01 3.725111975609085579e-02 -7.242746953046581559e-01 -6.885045575595341028e-01 -5.082278754255257214e-01 -1.316990391545712347e-01 6.794149841194367934e-01 -7.218383840552892172e-01 5.057740420841989604e-01
9.884274236843757500e-01 1.302968431810808680e-01 -7.767864491755355205e-02 -7.854950126231490248e-01 4.053966941462273932e-02 -7.203396523120281225e-01 -6.924357986941048759e-01 -5.091712699741544057e-01 -1.461772064362076295e-01 6.812734662250437001e-01 -7.172856574857967571e-01 5.168828889178641584e-01
9.868366702189854678e-01 1.393831063247332192e-01 -8.201060936111859156e-02 -7.896852671469776208e-01 4.316788890092398967e-02 -7.157469657612910430e-01 -6.970242604920691143e-01 -5.111451235567953111e-01 -1.558522512632003199e-01 6.843088755354509445e-01 -7.123422267687489207e-01 5.301299134874444263e-01
9.868376631777258101e-01 1.393822723406301922e-01 -8.200005047505928846e-02 -7.896702333393186279e-01 4.317871833822004013e-02 -7.157644831462854906e-01 -6.970055971123851890e-01 -5.111295990619729723e-01 -1.558429477220152348e-01 6.842907175804691100e-01 -7.123616978216811280e-01 5.300972288619846262e-01
9.859143826298524260e-01 1.433657020925365733e-01 -8.613421939884013945e-02 -7.886522596883065450e-01 4.245504065181254783e-02 -7.126568039514808994e-01 -7.002269967044930654e-01 -5.147757513739499302e-01 -1.617726725866598381e-01 6.867070353140094507e-01 -7.087051896468982148e-01 5.466011251151497996e-01
9.840939118003928510e-01 1.460913829902575345e-01 -1.010765578338521653e-01 -7.931294375615821624e-01 3.458166304378879063e-02 -7.156202571264145273e-01 -6.976329580575020284e-01 -5.155682929564846528e-01 -1.742505962274496223e-01 6.830409510187427369e-01 -7.092896213287950280e-01 5.537461677097512691e-01
9.811909984869982004e-01 1.529310314311636276e-01 -1.177977920704770254e-01 -8.038159479313913280e-01 2.837148094505187457e-02 -7.178454158690852349e-01 -6.956241897081947290e-01 -5.157630920135048980e-01 -1.909431299409755645e-01 6.791980953864740211e-01 -7.086823402488620083e-01 5.594836869742801921e-01
9.795336015603862689e-01 1.571745651059173743e-01 -1.257381523558332159e-01 -8.107515182544456911e-01 2.576340664664522606e-02 -7.174561308633725654e-01 -6.961271082155047196e-01 -5.166711142596941420e-01 -1.996250837226359598e-01 6.786404503576186631e-01 -7.068217400256173732e-01 5.653084190610940807e-01
9.778632751817563085e-01 1.597883318129593722e-01 -1.350966446556974287e-01 -8.158558578402780315e-01 2.014398913992143658e-02 -7.145286077498110844e-01 -6.993161572010201388e-01 -5.168466453012512396e-01 -2.082729795929276762e-01 6.811142025195786598e-01 -7.019300590097808934e-01 5.720392136100038716e-01
9.748171441515705027e-01 1.684454353687737660e-01 -1.461426493015295369e-01 -8.203986296646811338e-01 1.678020290056506103e-02 -7.088784631989974994e-01 -7.051310178753524838e-01 -5.222947117298812891e-01 -2.223734779142440832e-01 6.849215018161045609e-01 -6.938534276125583045e-01 5.887678870743213722e-01
9.721252225557038829e-01 1.750814659119732108e-01 -1.559455616171858960e-01 -8.231951766145619853e-01 1.435212644999578346e-02 -7.083087203553928290e-01 -7.057568703151599898e-01 -5.285475309309337621e-01 -2.340225487570818663e-01 6.838459040840683123e-01 -6.910775638295941770e-01 6.057786927229453777e-01
9.697517147312036956e-01 1.767906646662842918e-01 -1.683053659462108997e-01 -8.272321521717072024e-01 9.001848391460537391e-03 -7.149451323726800922e-01 -6.991226251844382400e-01 -5.261560317765943129e-01 -2.439274556254777127e-01 6.764603052893434221e-01 -6.949107107571921293e-01 6.044266781279968859e-01
9.654219503722740736e-01 1.851433733339079013e-01 -1.835276828763983403e-01 -8.342156245306050488e-01 4.144882106378255937e-03 -7.148134803998881237e-01 -6.993028854954150830e-01 -5.314209148770774327e-01 -2.606593568888175283e-01 6.743616550683868560e-01 -6.908640218180531756e-01 6.177424798975145182e-01
9.618469496157426857e-01 1.909360555883644894e-01 -1.959435280618608000e-01 -8.381037432834956835e-01 1.449888314309616399e-03 -7.197463978184258648e-01 -6.942355645887221538e-01 -5.313388952680875299e-01 -2.735842488570767728e-01 6.674642638754403334e-01 -6.925627131987560636e-01 6.240811536720459740e-01
9.572853333123272357e-01 1.965571765957233874e-01 -2.120614564804413349e-01 -8.444429426032434849e-01 -4.868749243693043516e-03 -7.223472955250925809e-01 -6.915133230794737740e-01 -5.315161460794896042e-01 -2.891039259348545665e-01 6.630080360318133526e-01 -6.905354839579974646e-01 6.265267287213444058e-01
9.509083883407151161e-01 2.077953683799412810e-01 -2.293344957878803714e-01 -8.521259108295369256e-01 -9.837778077283726441e-03 -7.203783855243972578e-01 -6.935114942313691522e-01 -5.359450321344132462e-01 -3.093160902383590982e-01 6.617220391525000522e-01 -6.829696048536481046e-01 6.375336619243194836e-01
9.447168456907765188e-01 2.205646861711512696e-01 -2.426134724496062378e-01 -8.577870336081829805e-01 -9.475356789268113422e-03 -7.212557439038892459e-01 -6.926040479585293674e-01 -5.386155516838230239e-01 -3.277503550535466603e-01 6.566135606874390351e-01 -6.792925222354826431e-01 6.496821034865045696e-01
9.390523069683762714e-01 2.309922412682046677e-01 -2.546043391759069130e-01 -8.618321434462571373e-01 -8.918976689199664687e-03 -7.239951892699891811e-01 -6.897473663373208108e-01 -5.411374685609486868e-01 -3.436586065717144867e-01 6.499796660181117458e-01 -6.778091381500481738e-01 6.586263741394272619e-01
9.326030905941915528e-01 2.407694828988594937e-01 -2.688522438596638864e-01 -8.678678671274900891e-01 -1.035611380457499009e-02 -7.267819953928473797e-01 -6.867901286106616876e-01 -5.448189082321428511e-01 -3.607550744160546996e-01 6.432868609246916725e-01 -6.753056989493243512e-01 6.671800015424355079e-01
9.250870944410879426e-01 2.525003762915511984e-01 -2.836501990315719035e-01 -8.742311477368704953e-01 -9.561933855166515617e-03 -7.312050333699857685e-01 -6.820907361613556263e-01 -5.470264091127836625e-01 -3.796346206610945462e-01 6.337055818801151652e-01 -6.740139477639953691e-01 6.753830204546917848e-01
9.174983999019583614e-01 2.626034505878241387e-01 -2.987240937310511324e-01 -8.802937712428212658e-01 -1.005798088213341601e-02 -7.354960021595632336e-01 -6.774543929657445007e-01 -5.491030248913355560e-01 -3.976122384701425982e-01 6.245678819706925733e-01 -6.721751450803363781e-01 6.802316977599868197e-01
9.079593912051242555e-01 2.741695455292157968e-01 -3.169239903065480535e-01 -8.882362142412565387e-01 -1.307686068404761981e-02 -7.373714664276298514e-01 -6.753608819891141479e-01 -5.538791375036660192e-01 -4.188540933372507657e-01 6.173446264521116333e-01 -6.659180706173625230e-01 6.897355637432642794e-01
8.984952141810648163e-01 2.858853121693790689e-01 -3.331304869964307747e-01 -8.983814863151562413e-01 -1.328122432177872292e-02 -7.408177630103508493e-01 -6.715747498404774918e-01 -5.571691584838180944e-01 -4.387823395399709225e-01 6.078310788559231348e-01 -6.618243079952282892e-01 6.976254401337123046e-01
8.893401410301964294e-01 2.983578107680557312e-01 -3.464920396943816927e-01 -9.048728973931849939e-01 -1.160116300315333637e-02 -7.428126863376185440e-01 -6.693987803950434134e-01 -5.624747996892798252e-01 -4.570990373682989327e-01 5.993429165229908762e-01 -6.571518415593599061e-01 7.057899375444767198e-01
8.787129909687374507e-01 3.112050058496038107e-01 -3.619598593868968983e-01 -9.120417153306126234e-01 -9.521934885310584518e-03 -7.466903364539287935e-01 -6.651036606615322588e-01 -5.677516237781128350e-01 -4.772555173552811558e-01 5.878817859109007893e-01 -6.531632246665610708e-01 7.141459148635278531e-01
8.693248017670001104e-01 3.223567100575854827e-01 -3.746472245353840713e-01 -9.206688598430834425e-01 -6.437372379569872294e-03 -7.505757517979452231e-01 -6.607530565648195298e-01 -5.712078440068732998e-01 -4.941993036190795996e-01 5.768207637330130533e-01 -6.504189863934954907e-01 7.196298057643487622e-01
8.614115407115916501e-01 3.315377175791618947e-01 -3.847764395863203513e-01 -9.279587387125678433e-01 -5.512260255216699933e-03 -7.514246104283364147e-01 -6.597959324498440248e-01 -5.766785986250269058e-01 -5.078777234450178035e-01 5.704768191125152432e-01 -6.454583089316271449e-01 7.255841464547597708e-01
8.529227803121516294e-01 3.412104816147983888e-01 -3.950925774489988940e-01 -9.335604494788485308e-01 -5.073944135638636110e-03 -7.513743349062299570e-01 -6.598567009652644977e-01 -5.827180263810005645e-01 -5.220124451230567786e-01 5.648114900583544040e-01 -6.391330036412935511e-01 7.349850842093251790e-01
8.446113353243576150e-01 3.493651485768149989e-01 -4.056793077816950865e-01 -9.388788672987244954e-01 -5.073925355487451938e-03 -7.524834448666917197e-01 -6.585916220623003747e-01 -5.894388437012294535e-01 -5.353559224127842908e-01 5.583123368280420440e-01 -6.337833939626547064e-01 7.421643288995831700e-01
8.360576906962584598e-01 3.556993557366981418e-01 -4.177146400631072121e-01 -9.431896033702280580e-01 -8.034874746641246235e-03 -7.533418147883699234e-01 -6.575800746431242905e-01 -5.966597453028469333e-01 -5.485827134495540047e-01 5.531311643399904332e-01 -6.269792177276297673e-01 7.505846602471395457e-01
8.267086297687995522e-01 3.613812304876303783e-01 -4.312266670201291285e-01 -9.492540806672238318e-01 -1.158543270812736892e-02 -7.553510380950418934e-01 -6.552179673327429565e-01 -6.043210507657104102e-01 -5.625109861414510082e-01 5.466702949513321252e-01 -6.202684640705247165e-01 7.588940516265338943e-01
8.174808432739177899e-01 3.675286957265350152e-01 -4.434498023772805997e-01 -9.555587852935181203e-01 -1.136821935082232837e-02 -7.594908913716162946e-01 -6.504185953501554485e-01 -6.093438316023882528e-01 -5.758435837550575087e-01 5.367459763429878183e-01 -6.166911075546572807e-01 7.642200130259068080e-01
8.097049889231108244e-01 3.730987769304844326e-01 -4.529626135107027163e-01 -9.596676903421834659e-01 -1.052528196536273164e-02 -7.625137830294932417e-01 -6.468863487445034588e-01 -6.163494204266815046e-01 -5.867427416573853804e-01 5.285546627998347624e-01 -6.134842445592000315e-01 7.722596715579910231e-01
8.035681445819817803e-01 3.739530576280599150e-01 -4.630738027753154573e-01 -9.652434538828773558e-01 -1.154910053243587975e-02 -7.680547479318726722e-01 -6.402800342633132580e-01 -6.227641896856468406e-01 -5.951007094404567876e-01 5.198567249932920520e-01 -6.128655073050242041e-01 7.775120745135305489e-01
7.980159876978487610e-01 3.738215374353085485e-01 -4.726816233323611893e-01 -9.708509228896913257e-01 -1.381643194528828222e-02 -7.728011739098106236e-01 -6.344977912662317365e-01 -6.289183217493186095e-01 -6.024778538733482902e-01 5.128701536139140815e-01 -6.115428130198765633e-01 7.806645432222768521e-01
7.930021444853573298e-01 3.749698354303974135e-01 -4.801511924199535764e-01 -9.767895036432709954e-01 -1.390148948984890054e-02 -7.767998065835430843e-01 -6.295941544256586919e-01 -6.332786717167355750e-01 -6.090601712523767697e-01 5.059443281801111469e-01 -6.107912748822881266e-01 7.846307917677740607e-01
7.889695874180460144e-01 3.766769549940611195e-01 -4.854291866316544635e-01 -9.817594833594260884e-01 -1.207195444012737484e-02 -7.803895906103039959e-01 -6.251770634220390477e-01 -6.382372279327512832e-01 -6.143136759490450682e-01 4.991057708571161045e-01 -6.111564252353004489e-01 7.884298795292701278e-01
7.851432983009758448e-01 3.737196543206159904e-01 -4.938457311447408404e-01 -9.904497881909144485e-01 -1.481136507968822125e-02 -7.858484392165624444e-01 -6.182417420346091319e-01 -6.511064090997480402e-01 -6.191369875034715697e-01 4.927228890481007983e-01 -6.114683377289583666e-01 7.977511920800440803e-01
7.841962871139036562e-01 3.702039664066859581e-01 -4.979811030591998477e-01 -9.957344893717146039e-01 -1.655393634087351518e-02 -7.897644426060923539e-01 -6.131868296368450100e-01 -6.555859419249812081e-01 -6.202919653691000290e-01 4.891023810808110550e-01 -6.132020114491288920e-01 8.016838384911091353e-01
7.846168231383392477e-01 3.675720159171352863e-01 -4.992667255530580661e-01 -1.002755058423293821e+00 -1.630945525533747387e-02 -7.927776680339665427e-01 -6.092926818557211632e-01 -6.594858314275462430e-01 -6.197664495664184647e-01 4.862040572207369515e-01 -6.160317957512617681e-01 8.031135128862695316e-01
7.876106736650685392e-01 3.640484601523297226e-01 -4.971299079319173586e-01 -1.006008573296624187e+00 -1.536890274713292870e-02 -7.949445216844014395e-01 -6.064874312530055267e-01 -6.637431147253155528e-01 -6.159815123259612113e-01 4.853163155047093835e-01 -6.205117648716611534e-01 8.074890990136981417e-01
7.919569699760096171e-01 3.575415334470531947e-01 -4.949426397108293019e-01 -1.011503719928426026e+00 -1.631324508054440847e-02 -7.979348872197612463e-01 -6.025228583607723509e-01 -6.697491249038165506e-01 -6.103589459732163824e-01 4.852462981893855831e-01 -6.260974326823535163e-01 8.104796555395641366e-01
8.059736549314980847e-01 3.450792228061354550e-01 -4.809644470464728983e-01 -1.017593558293953038e+00 -1.337223047565150313e-02 -8.016854808811448851e-01 -5.975964972001519548e-01 -6.835620598430152128e-01 -5.918003487878338298e-01 4.880786005478136569e-01 -6.415228981878959846e-01 8.157702603913229433e-01
8.166270795732615273e-01 3.312942101116428395e-01 -4.726144461391415530e-01 -1.019844787287178312e+00 -1.363806746084259003e-02 -8.075491613112913969e-01 -5.896425725790316319e-01 -6.870480796201658968e-01 -5.770045689486229534e-01 4.879636422638408688e-01 -6.549482991988150316e-01 8.150332769133262767e-01
8.241400424970721783e-01 3.175653306654244723e-01 -4.689834569599544700e-01 -1.031153240706921492e+00 -1.718682717788733161e-02 -8.136246755910788719e-01 -5.811363908592999117e-01 -6.898424206761017974e-01 -5.661252826815339478e-01 4.869981087057725366e-01 -6.650827336824911562e-01 8.189736857741501952e-01
8.337325529065231500e-01 3.052182888062068833e-01 -4.601432447029378259e-01 -1.041259519865149530e+00 -1.821239177798653075e-02 -8.176844878552577134e-01 -5.753784703700834946e-01 -6.936998785500740894e-01 -5.518680257979413639e-01 4.880920693313435810e-01 -6.761714208079172561e-01 8.195896504050665943e-01
8.534321294078328624e-01 2.824926337441793223e-01 -4.380085536023411441e-01 -1.051573690815346129e+00 -1.860521051476149434e-02 -8.233309653129158301e-01 -5.672565247838237124e-01 -7.012115890323814549e-01 -5.208717951501813381e-01 4.922641846939180832e-01 -6.974012642541886908e-01 8.231415380330002751e-01
8.612192065452197731e-01 2.715040731986531064e-01 -4.296359654418863139e-01 -1.058044507804694501e+00 -2.209067235386483197e-02 -8.245548770313331222e-01 -5.653505671437374369e-01 -7.061418934832921490e-01 -5.077534120450117872e-01 4.963817151412464046e-01 -7.041247889987278796e-01 8.212231651983719072e-01
8.667788357045949077e-01 2.646701797520945587e-01 -4.226631665040116448e-01 -1.066577894214652655e+00 -2.408404242624309632e-02 -8.243367283928919598e-01 -5.655872329633520046e-01 -7.086202456542105566e-01 -4.981108464598370533e-01 5.004184810161054209e-01 -7.081433017796459062e-01 8.206832664723689996e-01
8.736188048473684242e-01 2.587751685696280113e-01 -4.120990210421048294e-01 -1.069545771389993183e+00 -2.409937760463873313e-02 -8.228281823576264475e-01 -5.677790093542961491e-01 -7.104325577424881466e-01 -4.860137972482726498e-01 5.059537495922195038e-01 -7.126018527169226680e-01 8.203550192053484791e-01
8.797923150345204890e-01 2.518642181976397110e-01 -4.031499602319710274e-01 -1.072998089599645377e+00 -2.531596417489712092e-02 -8.220679745754919665e-01 -5.688262879659599092e-01 -7.127615319417734963e-01 -4.746836596021652976e-01 5.106551266091697849e-01 -7.168729009801384500e-01 8.226149737017965924e-01
8.860144187859777531e-01 2.457908129410931175e-01 -3.931479540105916048e-01 -1.077043635470535943e+00 -2.451356540513627280e-02 -8.219089416495066747e-01 -5.690911830694999063e-01 -7.155493731496498366e-01 -4.630092033679901187e-01 5.138604517694400631e-01 -7.221979641150438889e-01 8.200773998269036413e-01
9.009717508878283265e-01 2.298641247403803434e-01 -3.679841918142628954e-01 -1.084486888976567087e+00 -2.425838928722565124e-02 -8.201145336462829505e-01 -5.716849463587053704e-01 -7.173029604450420482e-01 -4.331990437245863967e-01 5.239986907581687392e-01 -7.333238939297817005e-01 8.179497736709365752e-01
9.089670049562088572e-01 2.215143212735703748e-01 -3.531435668685217744e-01 -1.087742970919721719e+00 -2.296652477273788961e-02 -8.192383256111623879e-01 -5.729931085548265468e-01 -7.197852257107359986e-01 -4.162349239690735225e-01 5.289423101963058871e-01 -7.395731930400126775e-01 8.174235857801553928e-01
9.162202403869145195e-01 2.137564416698657654e-01 -3.388933223163153596e-01 -1.090607634075718035e+00 -2.133663568282057055e-02 -8.185766010548486404e-01 -5.740009603079914147e-01 -7.209636192688930745e-01 -4.001065466794850312e-01 5.331421412158625639e-01 -7.454356068607131958e-01 8.170617237140617162e-01
9.247986603849831511e-01 2.039106666796190181e-01 -3.211975513629013457e-01 -1.091772373245378347e+00 -1.878636794519480957e-02 -8.187370528223980592e-01 -5.738612273572607503e-01 -7.224278827401668934e-01 -3.799927620269166195e-01 5.367402296933008188e-01 -7.533361888439386034e-01 8.125524754522565063e-01
